-2.899705530185324776e+01 -1.480963747620968363e+01
-3.524821993746490989e+01 -1.774225610632573336e+01
-4.981564728118288343e+01 -2.474957151831343083e+01
-4.229449034794755136e+01 -1.882552119515496258e+01
-4.234481218961047233e+01 -1.073002588718563821e+01
-2.380272558155217055e+01 1.146221750531847050e+00
-4.310472364411490531e+01 -8.006939529867388217e+00
-5.032108688283628339e+01 -1.842170005781639830e+01
-3.112005946679859392e+01 -1.572514700736522819e+01
-2.421809878097615965e+01 -2.690677693309347163e+01
-5.005507463261937318e+01 -2.194032059050281447e+01
-2.332588035488848988e+01 -3.122769611789167499e+01
-3.945358344264040085e+01 -2.222025743389104946e+01
-4.837527011089072460e+01 -1.500469489403457501e+01
-4.972476654063375179e+01 -1.441102440342087831e+01
-2.790955630720739578e+01 -2.769460705026139280e+01
-3.105169369581729200e+01 -2.014025289686393450e+01
-4.386786793044402089e+01 -6.683370179545196521e+00
-3.591985265742942346e+01 -3.143071249305310388e+01
-3.462447175825901979e+01 -2.546807952136618525e+01
-4.732844944590937786e+01 -1.509315308194969951e+01
-3.228725333599928149e+01 -1.420537626400088982e+01
-3.810620229100020140e+01 -2.213208308815131886e+01
-2.885694547634350826e+01 -2.775456275066592227e+01
-4.042573824466775534e+01 -1.175014703926160209e+01
-3.496006103464835491e+01 -2.849080344741303250e+01
-3.041354730087086011e+01 -2.859915917525729867e+01
-3.571945483250841846e+01 3.978307900883260029e+00
-3.828618060514212118e+01 -2.950992873505653336e+01
-3.998354495691689436e+01 -1.000788370426159801e+01
-3.445751262376224133e+01 -1.694585989094813172e+01
-4.385310254434054400e+01 -3.368089742593428326e+01
-4.468347151192432420e+01 -1.809529006136466833e+01
-4.953989428743638257e+01 -1.221734370968733963e+01
-4.085698495104354322e+01 -3.708837541116566427e+01
-5.487150237386736507e+01 -2.391500459640931275e+00
-4.371163688361607313e+01 -6.213379431340983139e+00
-3.404139400379571612e+01 -3.101120420472740591e+01
-4.767091404354536621e+01 -2.289523925839951346e+01
-5.132527427696616940e+01 -2.232699494136756613e+01
-5.729097515689235820e+01 -1.276991159166230894e+01
-4.197446158388825665e+01 -2.630849771316964336e+01
-5.157384453972795768e+01 -1.372318198837952430e+01
-4.498142579846666678e+01 -2.489071706121545446e+01
-3.654574814428569596e+01 -3.360173049469233320e+01
-4.817085743569182199e+01 -2.616740582326155362e+01
-4.550084218315393514e+01 -2.205854799175632763e+01
-4.052433101575153529e+01 -4.535556389103891917e+00
-4.642932603104584643e+01 -1.563737130546331144e+01
-4.312653295859325198e+01 -3.326363763451612776e+00
-4.983386652431408947e+01 -1.039336455455398145e+01
-3.746106800577965856e+01 -3.377640831005599154e+01
-2.334977449812684469e+01 -3.074959572387840367e+01
-5.230450887082155731e+01 -1.904974513576550343e+00
-2.604527434199233227e+01 -2.849355461071948525e+01
-4.244503467929465756e+01 -4.210954237413202073e+00
-3.654065493636871764e+01 -1.696967012894414495e+01
-3.777096598490675206e+01 -2.524935456339444073e+01
-4.541535134859641687e+01 -1.747107992895746165e+01
-5.155476897239985590e+01 -1.694806237930615822e+01
-3.788257329575033339e+01 -1.372614492597117852e+01
-4.225246794715680210e+01 -2.999323558492349306e+01
-4.280403522320921894e+01 -1.367251363489739724e+01
-4.839555551570538228e+01 -1.747795864371377661e+01
-3.917761404746534737e+01 -2.983827903868256470e+01
-2.990643118331522032e+01 -1.745468191986748963e+01
-3.340322214470392481e+01 -2.733335280239534271e+01
-4.462741373645010867e+01 -2.018338735340249812e+01
-4.013787780023172047e+01 -2.775335327069516467e+01
-3.914904476594197291e+01 -2.612531927758671202e+01
-4.327484179720352131e+01 -3.337303508477373981e+01
-3.227760332986462544e+01 -1.840275638617907816e+01
2.741284604815343684e+01 -1.124394892723966421e+00
-2.016801882135493784e+01 1.242735249291228028e-01
-2.077236417340357733e+01 3.297362198597207916e-01
-2.218428477048115255e+01 -2.248346628134638259e+00
-2.658428203433663128e+01 -1.295100624390692978e+01
-1.741481395453130787e+01 -6.662782292003551987e+00
-1.775575458706209275e+01 -3.003454124753702104e+01
3.104922554725114381e+01 9.286565893420112294e-01
-3.185247092267395885e+01 1.405194443636379908e+00
-2.488384316552936681e+01 -2.336486811230682292e+01
-2.382362779090176375e+01 -1.615087028237384104e+01
-2.909778895455216485e+01 1.093562404691996903e+01
-1.426828903621259492e+01 5.890925594044594149e+00
-2.154852253622225788e+01 -1.855773478560795908e+01
-1.653538522072647865e+01 -2.713418730055082051e+01
3.910681693557768313e+01 -1.531316687765171825e+00
-4.393593305079318867e+01 9.788983614633341546e+00
-4.707638622481906765e+01 -1.630840972254905452e+01
-5.141907378539553974e+01 -1.756389528992378857e+01
-2.969439328098695796e+01 -3.699327061101199909e+00
-3.933788287506246206e+01 -6.732496221804195713e+00
-2.594556168336783486e+01 2.480578930523750358e+01
-1.891209876256614919e+01 -1.782028253096391879e+01
-2.149101497957268947e+01 -5.748658641056799468e+00
-1.366261802002290437e+01 6.142196005376732160e-02
-3.207548371310784319e+01 5.669105906981977139e-01
-1.124218803907614905e+01 1.199644890154658583e-01
-2.741587194319307841e+01 2.857546852093964063e+01
-1.705569549838688914e+01 1.719776624670165077e+01
3.108035128076886977e+01 -2.359775419694311704e+00
-3.007597069568007697e+01 -2.492089101922739758e+01
-3.247397003366864965e+01 -3.885640714736787515e+00
-1.214353065229534678e+01 4.333437003124049447e+00
-3.575820213304155715e+01 -1.604615912793232013e+01
-1.202658348391033094e+01 2.351664061234377101e+01
-5.081620241434710472e+00 6.358110132470494058e+00
-2.712025983215867342e+01 -1.912387074809907972e+01
3.553486533867737762e+01 -4.756455599274060475e+00
-4.651975075612438104e+01 1.757498864139116046e+00
-1.619300788145059755e+01 -2.157229137421272647e+00
-4.000089422930862781e+01 -8.471953690361189171e-01
-2.347978228745218132e+01 -1.803862277409943005e+01
-4.860701717372991482e+01 1.322973252408494638e+01
-2.016735721751525290e+01 9.107963069877058615e+00
2.870861046727177524e+01 -3.216668468488547372e+00
-1.328971232294722782e+01 7.876093092737079360e+00
-8.523670207744698857e+00 -1.668278761823246725e+01
-3.441461241462818066e+01 2.358957973704650435e+00
-2.864674668162548699e+01 -2.326138198084661468e+01
-1.671779990947648997e+01 4.754229409489457936e+00
-1.142279754335375941e+01 1.553451888485530041e+01
-4.480028570003204891e+01 2.258988164567333357e+01
-3.776035519804371887e+01 2.277687342981423502e+00
3.077049789701404592e+01 3.874953355049129411e-03
2.767899455521642693e+01 -4.600480458184954102e+00
-1.151891822047334024e+01 -1.040701026623458780e+01
-2.033938780638698773e+01 1.572098051949334874e+01
-3.262294187874512374e+01 1.722284324189003613e+01
2.977289244057205764e+01 -3.251557574759234903e+00
-3.452787458732547066e+01 -6.569984152507659658e-01
-3.471133267345006601e+01 1.321569372767063300e+01
-1.705450750801639259e+01 3.099575322348956163e+00
-1.516958701288024969e+01 -1.904159479280627920e+01
-1.839562306694413252e+01 -6.816802855906608727e+00
-3.206408608610927047e+01 -1.387385103405064157e+01
-2.563452734331189831e+01 -1.061372839509018107e+01
3.242783014977195677e+01 -2.384797533791240376e+00
2.654642034854641608e+01 -2.205396017796914965e+00
-3.316967539141691645e+01 -8.109683910923198624e+00
-2.714760170270271900e+01 -5.403111167782902236e+00
-1.771655161900392983e+01 1.195541959796884512e+01
-5.334135174434015880e+01 -6.491098151635156022e+00
-2.542316935491481189e+01 -4.146799893264641490e+00
-2.287221509800823682e+01 7.024672143316459838e+00
-9.033095272857027069e+00 1.184297753226730343e+01
-2.413185163601475125e+01 -3.119239132279141202e+01
-7.310761673121870530e+00 -1.078005680518150022e+01
-2.502974256430492517e+01 3.668678130058368847e+00
-3.097573717430096352e+01 -7.037836320055856909e+00
-6.097608198613134078e+00 8.138075728268550080e+00
-2.508246478712895211e+01 -1.344254004849462447e+01
-1.890137760830205593e+01 -3.494764823052235236e+00
-1.912002347661764645e+01 3.958761643425601218e+00
-3.167381254138615176e+01 -6.270400370176819393e+00
-8.696795959206996329e+00 5.545911460925119663e+00
-2.693834572052967502e+01 -8.030136121001524074e+00
-9.539014321969101928e+00 8.161780630068072639e+00
-1.539646523840312220e+01 -1.296079982331802327e+01
-2.385314777168808931e+01 -8.364235666221818022e+00
-2.527482994694145191e+01 1.585358254693205637e+01
-2.686434482965305293e+01 -2.685338696340139464e+01
-4.097718386621415476e+01 -3.833035416726919831e+00
-3.121905735945388471e+01 -1.868682140378506773e+01
-5.242194639401164835e+01 8.670673611860326702e+00
-1.883610508752609292e+01 -1.585588044464625490e+01
-2.593487985909697358e+01 2.082938536155685227e+01
-2.751502257159409481e+01 1.354611912357689718e+01
-3.137750950916566950e+01 1.101942274310567704e+01
-3.588631114827562385e+01 -5.878687201938773477e+00
-1.495310957479165026e+01 -9.394632513273071694e+00
-3.169874228225770807e+01 -6.618197105552894755e+00
-2.317612905061793072e+01 -6.118361167647410781e+00
-2.037829936228904160e+01 -1.508761302554366601e+01
-3.921708226051402590e+01 1.037905060739131358e+01
-2.740291381868975762e+01 1.681197557359704930e+01
-2.561430780058921641e+01 1.179127850516031417e+00
-3.330486164537263960e+01 -1.208265502732090368e+01
-2.767107920515274344e+01 3.258094855383868893e+00
-5.696950093734478315e+01 -1.921570815201080151e+01
-3.959516276614240837e+01 -1.299783307921186548e+01
-3.158828918764339022e+01 3.575751036569904784e+00
2.924510585228758686e+01 -1.029114642443026417e+00
-1.602423252171416834e+01 -1.719238815241935825e+01
-1.763918920994860429e+01 -1.260609588887738575e+01
-1.601153687663288494e+01 1.430790914124015423e+01
-1.389717558816023946e+01 -3.958911525334264603e+00
3.621340730327823110e+01 -4.470473784209111123e+00
-2.232695140494970687e+01 -1.093746997978096580e+01
-4.354894143174884391e+01 -1.031838859712442602e+00
-1.632717548478132485e+01 -5.053662806501299620e+00
-1.382238829591772067e+01 -9.219648022967401602e-01
-1.015095272789137937e+01 -4.426136169087128813e+00
-3.301610281822541992e+01 -2.035592162951948225e+00
-3.635639807957289804e+01 3.264819336929538629e-01
-1.104091428445248724e+01 8.465480556939464662e+00
-1.791558469086558247e+01 -2.386909526224528832e+01
-2.122673057176581324e+01 -9.010497165539925746e+00
-1.190432222478856694e+01 1.896958932021559630e+00
-1.472302059115069817e+01 2.092777133048495131e+01
-4.201255203632729263e+01 2.618140888363916119e+00
-2.405079239081351616e+01 2.253335524100212695e+01
-8.745265570831302071e+00 -1.585565716611464993e+01
-1.722613076776683627e+01 1.842497999669175357e+01
-2.605225431997738283e+01 -7.708567594941395207e+00
-2.370809932383063412e+01 -2.708661962621479091e+01
-8.615283048959781809e+00 1.347617544587146199e+01
-3.085642038955826649e+01 4.470341464511292884e+00
-1.358025900982876344e+01 -2.281468724194388642e+01
-2.471791394023290422e+01 9.481874824118579070e+00
-2.439315024341172844e+01 -1.796108047001483143e+01
-2.156470663948535815e+01 1.121930588993087419e+01
-3.659869273219472774e+01 -7.878260066918527649e+00
3.697592130264552424e+01 -1.839752887597330355e+00
-1.711225180223244990e+01 5.779060755734330423e-02
-2.494271484086817736e+01 1.657482928419142709e+01
-4.277029549979650369e+01 -1.956140091444284224e+01
-1.940877983463036216e+01 -1.773530150670897854e+01
-2.663941212902211930e+01 -6.932422861079171383e+00
-2.875284468171834007e+01 -2.237711515461162293e+01
-1.267770750607216357e+01 -1.495105540618407147e+01
-2.106380755854207720e+01 5.080296355149394927e+00
-3.056039469400357333e+01 1.230722835098849499e+00
-2.847424972490037831e+01 -1.274460098825428744e+01
-2.444476600211477546e+01 4.989381448191734236e+00
-2.254715752801313045e+01 -3.398795658605413106e+00
-2.551823658982932130e+01 -2.284802860227445720e+00
-3.663192053760245415e+01 6.550192159777953549e+00
-2.480113584931837067e+01 -1.107094429550900649e+01
-3.783663177946033329e+01 -6.543723479440623159e+00
2.966835198497212289e+01 -5.432377191124885485e+00
-2.242242476972578302e+01 -1.047358918321190835e+01
-1.326895110497049046e+01 -7.140847058187690166e+00
-1.379841178791576439e+01 -2.617708095457665607e+01
-2.092829962549595990e+01 -1.186638348583602820e+01
-3.405265616885378677e+01 -2.105750209630232916e+01
-4.981621447014521209e+01 1.875077618735376106e+01
-4.097012947176772002e+01 1.738839744787792441e+01
-2.076593743481950582e+01 1.835163386791570872e+01
-2.107080676580449463e+01 2.065297517472092181e+01
-4.239633202645607923e+01 2.780435075525251065e+01
-4.741612294043009967e+01 -5.747433604909323535e+00
-4.759375561550911016e+01 -1.425236420181267283e+00
-3.367888746415173529e+01 -1.366085909396390541e+01
-1.215090895252730263e+01 6.223580165458968416e+00
-4.229270489525983123e+01 -1.733894448448592129e+01
-4.547008757268234547e+01 -2.492885692096438532e+01
-5.032954468228081879e+01 6.860894555510040682e+00
-2.179544148186102603e+01 1.145785080022304925e+01
-2.963091680924131310e+01 -2.086107930778211106e+00
-3.193890351531624106e+01 -8.690611464285776577e+00
-3.626273393702470571e+01 -5.885682552370091081e+00
-4.563845827699574187e+01 1.066219279325677505e+00
-1.803947937802684010e+01 -9.833086774092008042e+00
-4.254348609016101079e+01 9.777056541023700476e+00
-3.961767126415627871e+01 1.185226671264670806e+01
-2.962339565972142807e+01 1.372544583577771782e+01
-2.318764204597639278e+01 1.723007137178860404e+01
-3.156303293519114206e+01 1.418861949056536709e+01
-4.487087470572149783e+01 1.363257652823213206e+01
-1.415861037012535206e+01 1.117199153930007860e+01
-4.764052802558020261e+01 7.634273649515145976e+00
-4.483881438915541651e+01 2.486003953897306218e+01
-5.916532279888875756e+00 1.285152836188392200e+01
-4.323884693084971786e+01 4.788172743104456508e+00
-3.268906422796402467e+01 5.932066004884246624e+00
-4.589527053448560423e+01 9.999433402995236975e+00
-4.466672522311644400e+01 1.871743718017930647e+01
-3.740615612372282328e+01 9.495185206161696811e+00
-4.151447798362824670e+01 9.730913631542074782e+00
-4.033673264404194470e+01 2.237753104728668418e+01
-4.359162756029232355e+01 1.674045415448526697e+01
-1.018805007936103024e+01 2.532799669283830468e+01
-2.679154969747173709e+01 -1.125047896733561004e+01
-3.684353399111629557e+01 1.620176998899872700e+01
-4.097101921373403144e+01 1.694496934474191718e+01
-4.477478496170868993e+01 -1.048614604154915497e+01
-4.588276438451013206e+01 2.878368461738990547e+01
-3.141922161597035767e+01 2.833251056174202631e+01
-2.290508378617384011e+01 2.661385521827779144e+01
-2.930107715066510465e+01 2.269162726529836860e+01
-3.483716016503138491e+01 1.860464959808800245e+01
-3.830269892044446323e+01 2.100087152911908461e+01
-3.772944702409348139e+01 7.138645810504478106e+00
-3.881187809072775252e+01 1.648163539890032681e+01
-1.946732503558673955e+01 2.332482818993259244e+01
-3.022636218212635839e+01 2.751427789693257608e+01
-1.332078452174812710e+01 1.863069556698599172e+01
-2.027450037745583344e+01 2.430672146331123784e+01
-3.023541887427354524e+01 2.120198061184785487e+01
-4.464473132874569217e+01 1.977815035113897224e+01
-4.928750583579549271e+01 9.969552000210349263e+00
-4.033741638409095032e+01 4.328513796730780072e+00
-3.941058033195473342e+01 1.591278132493885877e+01
-3.901716428626135524e+01 9.009853125349319924e+00
-1.642025442760008858e+01 7.545951864147723676e+00
-5.217644194023025506e+01 1.708269116419845446e+01
-2.941076714329597763e+01 1.703386045031917817e+01
-2.313323316949641040e+01 2.467944525709932435e+01
-2.459827619826554823e+01 7.961713011211487334e+00
-4.819044031001793371e+01 1.659634596618686331e+01
-3.206163490558466833e+01 2.122633639330868860e+01
-3.115484428333568445e+01 1.370183735855788676e+01
-1.774746481408908139e+01 5.080944565155991022e+00
-4.110017818454559091e+01 1.980583121285838999e+01
-3.252246687862292163e+01 9.516265222873750318e+00
-1.989771060573350780e+01 7.442967676107405062e+00
-3.165973209707465941e+01 2.763427791841374415e+01
-3.568348238387149252e+01 4.157568774827542946e+00
-4.371702668197988828e+01 5.733462815364388732e+00
-3.719481727740985377e+01 -1.228201963065370350e+01
-3.706555502621058906e+01 2.300100575460382402e+01
-1.767430556956557197e+01 7.916189075514845630e-01
-3.088863846309068961e+01 2.308505183371884684e+01
-3.378666191613583436e+01 2.271030704076315487e+01
-3.556722059110447276e+01 3.857338725651162648e+00
-5.191991879444595526e+01 1.180967287583708902e+01
-2.922185107844227758e+01 1.063948480625325210e+01
-2.568574195343540723e+01 1.301721922359393702e+01
-3.785901891528158814e+01 2.636757033155791774e+01
-4.249284852448830918e+01 9.235480568615017205e+00
-3.453941736054308365e+01 2.952029894447574776e+01
-3.596645899683032610e+01 2.076021602636759411e+01
-4.031355022882582517e+01 -8.486170930146139213e+00
-4.153385647362132005e+01 1.867470335049355867e+01
-3.650819037378376919e+01 1.141265314942278586e+01
-3.816263508920144432e+01 1.334078336729741743e+01
-2.519515939256196546e+01 1.577752575890745845e+01
-4.323342197940172582e+01 9.756392768833183737e+00
-2.312694442154969821e+01 4.546140801304821899e+00
-3.658594197784151447e+01 4.644635085429649202e+00
-5.071285837739479518e+01 1.600712573618893586e+01
-3.050236155455247911e+01 9.459411979946555249e+00
-3.119333375115209250e+01 8.424264837790151006e+00
-4.011005112171678633e+01 2.209092730513955871e+01
-2.237619257394887029e+01 1.550011118795646325e+01
-1.069133551064278187e+01 1.146636594524888686e+01
-3.915411474223898125e+01 2.757988055594543653e+01
-3.512342939923890839e+01 1.558626347612502805e+01
-3.273500364948096575e+01 1.741878745691826680e+01
-3.408602296443886814e+01 3.107550644902746129e+01
-4.675911075386441240e+01 1.750404070148712066e+01
-2.984106485213883531e+01 1.309609803976175080e+01
-4.315916210462690827e+01 1.922340623403789905e+01
-4.751584047199622773e+01 2.021961483888830102e+01
-3.638942659471348406e+01 1.686393181302813815e+01
-1.799451126637006837e+01 6.328479384783756601e+00
