-4.005300561563297634e+01 -5.942605182538038378e+01
-3.405883195441828803e+01 2.492820675085599547e+01
1.791829522645470263e+01 4.604347585890155159e+01
-5.498166845056940844e+01 -5.188657313076228661e+01
-6.887641357817773269e+01 -1.271875492520896422e+01
3.335017464435498624e+01 -3.023186140801515975e+01
-1.170119923799521011e+01 -6.637750829635946559e+01
1.159900219611460948e+01 5.011485736017265680e+01
-6.102942039271503916e+01 -5.693533205277059750e+01
-3.270562681346011402e+01 -3.828077011189402157e+01
-3.269573310536097210e+01 2.856597350450153527e+01
-2.910046265452151815e+01 3.599969764056687183e+01
-1.536999784558487292e+01 -2.749245789157273734e+01
-6.508345808212325778e+01 1.019604190593533488e+01
-2.789987785443243951e+01 6.266911173411828884e+01
3.124532637901448595e+01 -3.291121271457220843e+01
-3.149603212340704417e+01 -9.391438635162930382e+01
-7.257801943988717142e+01 -6.109673343872249518e+01
5.599680638281506972e+00 -5.955949451610833734e+01
-4.437134336084825748e+01 -3.355951982148754809e+01
-2.431883579896158665e+01 -5.444179439936247888e+01
-3.503548462006558140e+01 4.017581028412789834e+01
-2.736596802646744209e+01 5.450498061574065645e+01
-2.481107300208567423e+01 2.123607674369199216e+01
-3.123041284450218313e+01 6.763463571693426957e+01
-1.574534469347272037e+00 -4.097121171308813814e+01
-5.884065579765599630e+00 -6.610407899407869081e+01
-4.608255268219271272e+01 -4.568542056094187132e+01
-1.824857255495883024e+01 -7.429558179249066541e+01
-6.406380892884124023e+01 1.436223219082503455e+01
3.109391923357399179e+01 -5.878691709262516696e+01
-3.444119270386367759e+01 -2.407272570838527859e+00
-8.310759705304324996e+01 3.522428095649866808e+00
-8.435477343607064427e+01 -1.168758389511417839e+01
1.634969869700757172e+01 -2.130263898077895135e+01
-4.427250450847294161e+01 -1.844940540281287511e+01
-2.259078126144231291e+01 -6.077926057013785055e+01
-6.393193489552759701e+01 3.505907596832766426e+00
-5.557720586964352094e+01 -5.801217783219266266e+01
-6.658143551157536422e+01 2.124685071889089372e+01
3.046742348716868420e+01 -2.353738856050119566e+01
-2.524031520443010024e+01 2.517782674048218894e+01
-4.319518890910573816e+01 4.740036243250775883e+00
-4.484662069012933472e+01 -3.880836590735113134e+01
1.883369015756114706e+01 2.904656697533274112e+01
9.026307354814290917e+00 -2.279108195771478051e+01
-2.956307177764460903e+01 -3.630018895581509497e+01
3.724780371209214280e+01 -2.514183459619627214e+01
-3.619597503127876337e+01 2.985540568321314225e+01
-7.921845837100451604e+01 -5.106845956814868970e+01
3.012003161651492533e+01 -6.505460707134511722e+01
-3.648541073523596623e+01 6.554543634855853895e+01
-2.072427419283896199e+01 5.686186010001841851e+01
-4.149823482681966880e+01 1.156514348503440592e+00
-2.440011136458397800e+01 -2.933078270871180493e+01
-3.140941011543970163e+01 1.763066461808825736e+01
-5.517612612575040743e+01 4.247147602538252187e+01
3.883018035687623382e+01 -3.013687510869532105e+01
-5.535430190188883159e+01 -2.170911662481439564e+01
-4.519723074873154189e+01 -1.676232986669542013e+00
-5.822283773364510040e+01 -3.541285561659346937e-01
-3.264621443390343813e+01 -5.838552252596589653e+01
-4.227960980904629196e+01 5.411996585715207431e+01
-4.168468769440733723e+01 3.245215151948296040e+01
-4.317287397314582620e+01 2.490640267549679621e+01
3.429549018578438080e+01 -2.526589700125899540e+01
-3.557569297876754888e+01 5.311921550245480006e+01
-3.476833368502075672e+01 1.030667799414073604e+00
-5.284231762805010391e+01 7.287638518801117904e+00
-1.743705896396165045e+01 2.586628442281966045e+01
-3.644718940437513055e+01 -1.379978960686620937e+01
-6.859208506162691776e+01 -5.289441031951381689e+01
5.184220000898438485e+00 -1.718649730851661062e+01
-6.014177213422261303e+01 1.939514543089551779e+01
6.635197355031995592e+00 2.938073156433701882e+01
-5.250266276722388170e+01 -2.808492480377331191e+01
-4.530536257324835248e+01 4.952566940171136878e+01
-2.308081107299577184e+01 4.910330372479469929e+01
-2.969828379537806740e+01 5.874474741708600334e+01
-3.231229197039088774e+01 5.572206694406417427e+01
-1.992872906060595639e+01 4.532574214972815696e+01
-4.912852076337144780e+01 -2.094553438226022024e+01
-5.688940092678875260e+01 1.464672574540715821e+01
-3.320593043226742935e+01 4.801772875589281853e+01
-4.169585917108553019e+01 -4.015879948429867596e+01
-4.316030604396465264e+01 9.855382899207519642e+00
-5.111011209305274861e+01 2.883627344238735191e+01
-5.922535571251209063e+01 4.692116148683002308e+00
-4.011223178834234204e+01 -4.988112084139139313e+00
-7.805581427958841800e+01 -3.037670180319635449e+01
-6.061469425023912549e+01 4.940234898001253327e+01
-2.361573496250107240e+01 -8.483622679507551823e+01
-4.910798596316624298e+01 2.232548303598064976e+01
1.261170621644730794e+01 3.850540229144103677e+01
-3.756265744849506660e+01 1.421685923030652532e+01
-1.352300353460344695e+01 5.372363020139968626e+01
1.947879400025030705e+01 -6.262078351385542163e+01
-4.361517533161701721e+01 4.422179868363140542e+01
-6.321076216431455563e+00 2.234338834113602346e+00
-3.339379472402859506e+01 6.325194042044329024e+01
-3.887986074191594099e+01 -5.008465639138632497e+01
-2.255594030597172051e+01 3.873706505036448533e+01
-1.508431817312352230e+01 -1.365935302666996520e+01
-1.236456098211474730e+00 -6.772455548419073068e+01
-3.152396963735979796e+01 5.227145335261178616e+01
1.619601892960725564e+01 -3.305330005187057907e+01
-6.804448999716545643e+01 1.786836021938605157e+01
1.814359779103221015e+01 -1.209647442278914475e+01
-1.533197594504803085e+01 -5.224456693403401886e+01
-1.273750260670708556e+01 -4.001354590552336532e+01
3.856541163543088402e+01 4.761989247490807653e-01
-6.112715543854573497e+01 -9.163350991853834060e+00
-2.008138698179345027e+01 8.981531893840056791e-01
-2.900185520430139263e+01 3.084550833609894482e+01
-3.820598795728436414e+01 -6.799107282677100272e+01
-4.795440555486549528e+01 -4.935879909871777471e+01
-4.928668545886571906e+01 -5.137037388163896878e+01
-4.883386174484964215e+01 -1.353899170334116420e+01
-4.361026698780531774e+01 -9.637508316518411888e+00
-5.601042190144112709e+01 -3.407347459044721916e+01
-3.083879364164740622e+01 7.126118910004148432e+00
4.191606794229830513e+01 2.535942926648005469e-01
-4.006553985918713323e+01 4.217515078929269379e+01
-5.852811304659111613e+01 -6.804150493642328001e+01
-1.485391623771331915e+01 1.777139884810003423e+01
-6.839253032727249604e+00 -3.950599857166231743e+01
8.656369795635017184e+00 -9.971550806836576575e-01
-7.568641464480597714e-01 -6.056117149245879716e+01
-3.148766390875528742e+01 -8.188534361613342583e+01
-3.875075963513955202e+01 4.769957660628193707e+01
-7.568573340700696406e+01 1.577551873277523420e+01
4.578772829454636906e+01 -2.383509180470664290e+00
-7.541300960614527149e+00 1.942244138570647038e+01
-6.974726518419471333e+00 -4.217067893267492096e+00
3.300386641157808754e+01 -1.422569259740556014e+01
-3.598619606531867987e+01 -5.476997970217783518e+01
-6.325987683747860757e+01 -5.206739985001284055e+01
-4.750755448873315601e+01 8.207743574091535876e+00
1.198180240208353453e+01 2.215862471559797342e+01
-6.994549495451852295e+01 2.814863734356030633e+01
-2.438112236315047809e+01 -7.599026183803002255e+01
-4.908638065090560332e+01 -4.359289975582521492e+01
-3.407075369239996121e+01 5.820371252916873317e+01
2.613688771404008904e+01 -5.139149016332837761e+01
5.052609003823890221e-01 -3.529706369561053947e+01
1.650304868069311581e+01 6.294084164092361711e+00
-4.009319272564576409e+01 -3.350389481099838918e+01
1.387868675948328701e+01 3.358293574138471183e+00
-5.703800445703146949e+01 2.259841763744416809e+01
-4.704073422250196757e+01 3.785026991989474254e+01
-3.654395039149869717e+01 8.293714954775595061e+00
-1.735062412762516004e+01 -2.049104351085042452e+01
-5.718375508633994997e+01 3.838312511083363177e+01
-4.184012769028614542e+01 -4.752499992264275619e+01
-7.661698050138086558e+01 -7.277869370298058804e+00
2.137607100616811451e+01 -4.600396871351654760e+00
1.630310273786857111e+00 5.116332261358065736e+00
3.661743732146614860e+01 -2.175013114133978576e+00
1.876300269144567601e+00 -3.805483321455659151e+00
-4.907555754579367857e+01 -3.831038554532396034e+01
-1.625916987530635538e+01 -6.619734529179569904e+01
-3.869855801049779842e+01 -2.740834609612404549e+01
-4.696462153609978429e+00 -2.217782546984915015e+01
-2.851943132511953394e+01 -6.293650044625089635e+01
-3.182733635705182706e+01 -6.881781790568247459e+01
-2.780113466163073976e+00 -4.919605483403913837e+01
-2.146910135893874028e+01 1.395844535124674124e+01
-2.277087122178478396e+01 -6.903883730998607859e+01
9.664778814082680469e+00 5.208066087038663738e+01
-3.547424547027190300e+01 3.426275432804981591e+01
4.245130125966469770e+00 -8.072409946237745260e+01
1.724578169560778562e+01 -3.680726666498436828e+01
5.386701955709213507e+01 -2.963136291802305422e+01
-2.365634776685915242e+01 -2.196841738992597115e+01
-6.542700039770525677e+01 -1.992380900698081092e+01
-1.258345205987269644e+01 6.781561852803518775e+01
-3.812902169275029962e+01 6.065071999568794325e+01
2.767840297695183693e+00 -2.804896387605340635e+01
1.121865674671374080e+01 -1.906386126934721759e+01
3.710146791206960160e+01 -3.794994539595580108e+01
-5.054438818268831568e+01 1.200288168200619410e+01
-4.386851954615168125e+01 -5.388628175224749128e+01
-5.290093798908767297e+01 5.054370423701625015e+01
-2.825879503730253006e+01 -2.470138973931972970e+01
-1.990740080181284100e+01 7.706569589226026196e+00
-5.178972940848910156e+01 -6.426704416317063817e+01
1.019135977742615928e+01 4.532240373415945101e+01
-9.938729093612272436e+01 -1.056515320978925843e+02
-2.198345195454015766e+01 -4.739175992899836132e+01
-1.431660643127804988e+01 -3.495523295808984443e+01
-7.630637054114777129e+01 1.497370056699733054e-02
-7.348799291459817695e+00 -7.196186233243844299e+01
-4.602153532214517639e+01 -5.680755054856190611e+01
-6.492967363067856468e+01 -4.364699699714370773e+00
3.348472746331530026e+00 -2.056244333597613050e+01
-3.039340914801895011e+01 9.408866010662863744e+01
-7.192685092387178258e+01 3.698659787711202540e+01
-7.368498869846767718e+01 -2.581441805314298321e+01
-8.783865008637098626e+00 -2.913801732927043631e+01
1.206258949894917443e+01 -4.787184712612569371e+01
5.695019890852438316e+00 5.008750314155176397e+01
-1.744515835561983863e+01 -9.249559945761070878e+01
-4.192647425293325369e+01 -8.458535253783902874e+01
-4.464092627709452898e+01 1.733981351879333843e+01
-2.202704749600761502e+01 -2.612583442265378508e+01
-3.099472110728853025e+01 -1.327448728929166855e+01
1.010005310118297528e+00 -4.814310713722748147e+01
-1.013495444407724655e+01 -3.585366433059023450e+01
-5.491591372030374174e+01 -4.594357006444449354e+01
1.198683887972514128e+01 -6.208089992813032865e+01
-8.233121351715554370e-01 -1.149490221735424278e+01
-3.911152768111443123e+01 3.703553423230447805e+01
3.296886301924118357e+01 5.868769604516516303e+00
1.467858043454314831e+01 -7.175108649689111928e+01
-6.391219116515517129e+01 2.435804911217402235e+01
-4.640729843098088025e+01 6.135733049961264385e+01
1.471878970932506192e+01 -5.627170645054575715e+01
-2.837189039114768274e+00 -7.470031327653300934e+01
-3.348631809812975746e+01 4.304499017277860418e+01
3.273663842222818232e+01 -1.165726840761763805e+00
-8.693955229522954298e+00 2.950102740084288300e+01
-5.133212502677213962e+01 -2.220974887874433978e+00
5.491897400197450985e+00 1.279137086619536667e+01
-7.383300955469934479e+01 -1.248766795279872888e+01
-3.406192833257661334e+01 -7.363625763356831833e+00
-5.123728617892538040e+01 4.493419784296114017e+01
-2.743181214525919387e+01 4.674493646967778204e+01
-1.862486560495758070e+01 -2.471439418747628025e+01
-2.399410786978306120e+01 5.235886061221311394e+01
-1.828235026525216256e+01 6.263195951336891909e+01
-7.339533652476357872e+01 -6.942423874803156991e+01
-8.498885610856314088e+01 -2.865800249122587573e+01
-5.713357086791082651e+01 -5.399838717282257505e+01
-5.426520584109644574e+01 -4.074911448995180763e+01
-6.175140393578922016e+01 -1.499962834399213030e+01
-1.199794597766763715e+01 -4.728199751228759595e+01
9.916056454064284154e+00 -4.463385384990404958e+01
-1.626551338512443934e+01 2.882058173804212231e+01
-3.107858649271824980e+00 -3.048522110652187678e+01
2.228146391864487086e+01 -4.748628909720284241e+01
-8.247686146433409249e+01 -2.029587428954434003e+01
-7.272431814359769930e+00 -4.384944393667090168e+01
-3.934566084961294052e+01 2.002806551250924016e+01
-2.337718202044852944e+01 -7.545309994628758510e+00
-6.789988507645458071e+01 -8.864826559220793101e+00
-3.835399801740989290e+01 -8.166883227168668213e+00
-3.539220562352954857e+01 -4.250508774498888442e+01
7.614570319306194435e+00 -6.821607342341928870e+01
-7.048872770600934246e+01 -3.674461400545001055e+01
-3.714497326597089710e+01 -7.681068994341954692e+01
2.636622511463883001e+01 -2.361734814612024635e+01
-7.452973919477851261e+00 -5.632528510107893283e+01
-2.880944262256845789e+01 -3.057008729848573481e+01
-5.425693568085762308e+01 1.105323414355868650e+01
-8.644332310178911882e+01 -4.165771974929941734e+01
-3.022684067814836695e+01 -4.319553029143209244e+01
3.314776315101175186e+01 -7.071210564025589917e+01
-5.648902779222697035e+01 3.226197129470308056e+01
-6.802418062493516970e+01 -2.658449697021164582e+01
-7.519695264992404304e+01 -4.025361457735730397e+01
-5.431342642810641763e+01 -6.021742370264167477e+00
-5.368797172702099374e+01 -1.031904765424825499e+01
-1.742692721464543482e+01 -4.285430994728690024e+01
-1.837829131735428589e+01 -3.833443229881243042e+01
9.721005115201510449e+00 -3.128595996956931913e+01
1.797718999944998330e+01 -7.138267161830049190e+01
-7.272341849629454202e+01 -1.882780078842678861e+01
-9.939709767682147401e+01 -3.002410960251296856e+01
-6.586568257231249390e+01 -4.322484312034041665e+01
-4.544067478201066024e+01 -2.660572816956112518e+01
-4.998334897659456999e+01 2.918304409142635780e+00
-6.549667867835933066e+01 -6.383321407436971384e+01
9.482892174067087510e+00 -8.822108345082206426e+00
-9.843951475718343502e+00 -9.828382482996669722e+00
-7.363548877831509287e+01 -4.724534497152729529e+01
-2.621688074609808083e+01 -4.801526074087136209e+01
-1.703611111098436126e+01 -8.965606811800647336e+00
-4.917369953789877712e+01 5.542866823903131035e+01
3.210476796453046688e+01 -5.168174549966952469e+01
2.315404496634938525e+01 -2.538705829173396467e+01
-1.180170771116464756e+01 -7.387794728180047343e+01
-3.448635785280149690e+01 -1.943949345543152063e+01
-6.302583788325306813e+01 3.932537197919673844e+01
-1.019811830729127706e+02 -5.032238549222154234e+01
-2.580047405984327114e+01 -1.856762192472203310e+01
-2.593893184408351615e+01 1.542280391572706577e+00
8.061941982410194996e+00 -3.746181249648535783e+01
-1.528706817270291296e+01 -8.035558379327734713e+01
2.796997316711830450e+01 -4.586400676593025594e+01
-6.299636855652934742e+01 -7.455534010623009067e+01
-3.265014739672855626e+01 -4.746870029082333531e+01
-6.421656733720871557e+01 -3.819346912768663316e+01
-2.546790110015094299e+01 -3.406020692306718445e+01
3.883220620787905641e+00 -5.489237371439151758e+01
-3.387330959746374504e+01 -2.550639804461794213e+01
-5.369686080302798104e+01 3.030814283039871171e+01
-1.472583139771525751e+01 -5.981801481864138736e+01
4.648726887873640123e+01 -1.814299437056798681e+01
-2.049831267367684617e+01 -3.648132338744904501e+01
-1.017684883048168274e+02 -2.053383917529723934e+00
-6.839053894085519403e+01 -2.951177664155965985e+01
-2.936806508730214205e+01 -5.097851027977912253e+01
-1.132096258135902112e+01 -2.323487850717362591e+01
1.716884924955401104e+01 -4.994607649625940837e+01
-1.197235560642184105e+01 7.831400159712253561e+00
-6.218167223163101198e+01 -2.838335739369332344e+01
-6.420427999633743354e+01 3.184256054000444180e+01
-5.088566484813554780e+01 1.909965044527857714e+01
-6.046271310857058268e+01 -4.247978461905351111e+01
-5.642358716197908564e+01 7.891520187808160891e+00
2.562375725735929066e+01 -3.986917652304354931e+01
-4.656308186470238297e+01 3.292582951509658518e+00
-7.041613367255709477e+01 -4.460671918652743528e+01
-1.973170009418938520e+01 -5.597895001881491339e+01
-1.905707725336112546e+01 -3.262922991593256228e+01
1.260092003950477313e+01 1.354022550724361018e+01
-4.669721175498374066e+01 -6.953486086277879963e+01
-7.241140183457983426e+01 -3.389006737426853277e+01
-5.805664107857819722e-01 2.489915751882943340e+01
-3.382931090615446124e+01 -3.273107644824064977e+01
-2.643421588544415002e+01 -4.256643710140409098e+01
3.440816849113771525e+01 -7.306393712210066838e+01
-2.334952954606400510e+01 -3.895688466574060982e+01
-5.935044939846647338e+01 -4.993028627569552214e+01
-3.901985132867059836e+00 -1.429182465559769000e+01
-1.931043208910523390e+00 1.275922131172900187e+01
-7.439043216671129244e+01 -5.484425101847259754e+01
5.822414198369862071e+00 -7.185116374086413771e+01
-2.886609643809085668e+01 -4.856036236423305397e+00
-4.591566811719332719e+01 -7.708221961437627101e+01
-6.481402642334032294e+01 -3.313671761719523090e+01
-6.398276236246579174e+01 -4.545091570088888488e+01
-7.259156388858208686e+01 7.615710982454302780e+00
-4.719039720487867129e+01 -4.809731785892281231e+00
-2.538278660510199458e+00 -5.578734564968972620e+01
