1.759306714591244716e-04 3.995292583946769959e-05
9.764450276759176217e-05 2.227623471681768215e-04
1.858910537529709730e-04 -9.706304530794393590e-05
9.476221356397444601e-05 -1.496922776544511369e-05
-9.946143936824316874e-06 4.100036543404875802e-05
1.466616208333450439e-05 1.447723913155746591e-04
7.591758261553143339e-05 1.223649356732232709e-05
4.440749663770677955e-05 3.339340801795747765e-05
1.488825331687549432e-04 -2.032009721486242344e-05
3.144590238145157272e-05 -8.492283191427265634e-05
-2.525297482970387882e-04 6.492123017556169985e-05
8.620196651488279990e-05 -7.378092264746987457e-05
2.259972107630129701e-04 -1.444856807487644571e-04
4.772415611105327934e-06 -1.861881452496527800e-05
1.529051061183355549e-04 1.464874943175613255e-04
1.572715172067941968e-05 3.781757560236107706e-05
