-5.592271905810565613e+01 4.374650532065952291e+01
-4.051969985944234764e+01 1.468296329172588344e+01
-5.097414431452413908e+01 3.261680667461055094e+01
-5.822887642008514320e+01 1.284426737478590574e+01
-4.198537299007148960e+01 1.554794715149334117e+01
-3.220521622627344982e+01 -4.661098904763406381e+00
-5.312153532955984048e+01 1.391380575074570736e+01
-5.659694445895676296e+01 2.518274751094612185e+01
-7.600592082691906626e+01 2.851224057758365760e+01
-1.788785246957900199e+01 3.416092368715001726e+01
-5.298922593066749442e+01 2.878086530623364681e+01
-1.686631783214246028e+01 3.083509100959547311e+01
-4.200118012035933646e+01 2.463200440363169008e+01
-6.049876969108692748e+01 1.216538696961728583e+01
-5.488786813234671058e+01 2.196375647016346022e+01
-2.299562622912275955e+01 3.768302698553230101e+01
-2.820709693714881894e+01 2.365802177759324465e+01
-3.216510480243575643e+01 2.409377409398527092e+01
-3.611635389457966028e+01 4.362490495684431124e+01
-3.383468962820862913e+01 3.536725630974238044e+01
-4.995754739691537338e+01 2.183754434945555190e+01
-2.699305404967614308e+01 1.419248687352423310e+01
-3.809161661315213365e+01 1.591161087779599903e+01
-2.441788748088065120e+01 3.771030633955011524e+01
-5.377157551319738360e+01 2.193319639118428199e+00
-3.693866524905612891e+01 4.183042343613253422e+01
-3.403650556080643952e+01 3.754149116853369605e+01
-2.954304219411207200e+01 4.245334267204540879e+01
-5.669295554724426012e+01 5.706113071269908410e+00
-3.591653217774070583e+01 3.341657287926419428e+01
-8.710399128125153823e+00 4.661764832964734317e+00
-4.446860963410185974e+01 2.064055253403871149e+01
-4.710882057733617501e+01 3.472070780835422710e+01
-4.789149556138632136e+01 1.502441082999716215e+01
-5.407823472769558037e+01 1.947309140813739603e+01
-4.055089164914561195e+01 3.647085232825559586e+01
-5.859515711470070443e+01 2.738405200087407287e+00
3.249175915950662574e+00 -1.805909267516689809e+01
-7.593472926773913834e+00 2.255609100597277106e+01
-3.038153805345945102e+01 3.921801053802092696e+01
-2.889136068055234219e+01 2.744174350539813290e+01
-3.952509627034184092e+01 1.674095925928041950e+01
-5.543696928614604502e+01 2.438638106867571054e+01
-6.072150902349206092e+01 1.922963083212419733e+01
-6.780808218323818437e+01 2.973207449576071326e+01
-3.791584251933091565e+01 -3.435585456268044791e+00
-6.125258783908435589e+01 -1.446732536066847885e+01
-3.911271214826464870e+01 4.475783625744280414e+01
-5.550446946679687699e+01 3.039309546997269251e+01
-5.856998058810636110e+01 2.021652647578618200e+01
-5.219354725711794174e+01 7.337255363441570921e+00
-5.209331687941850930e+01 2.054261173654012396e+01
-5.096279637682213348e+01 -2.532095655785670196e+00
-4.739682462298374332e+01 1.513172993085717266e+01
-4.238715293500530379e+01 4.604232261599108256e+01
6.579321347623223737e-01 -1.648516495225487333e+01
-2.265040902772987153e+01 3.320020873386239657e+01
-5.902292442833395114e+01 -1.361769181038837706e-01
-2.514886742747447812e+01 3.537605560343338595e+01
-4.987512393227580532e+01 -3.484475457790818798e+00
-4.590959333227230843e+01 1.119939702184516506e+01
-3.405656714777594374e+01 3.090590682431285074e+01
-5.920883177373772810e+01 2.164121698646486180e+01
-4.862466660814414610e+01 2.782684649382777309e+01
-4.889989186980582048e+01 2.503277776670045895e+01
-4.636966468901314187e+01 3.979897556342520915e+01
-3.696453285532144406e+01 1.670921884444651084e+01
-5.037365922415895625e+01 1.102630282595445621e+01
-4.193584065415291207e+01 3.384976864004678276e+01
-3.400451957182857399e+01 2.495124141720858546e+01
-2.718432429322947641e+01 3.784593283525645546e+01
-5.812207426033614155e+01 1.938907652622111044e+01
-3.290369681544871128e+01 3.131680056052448435e+01
-3.409052277078783533e+01 3.109687147507953853e+01
-4.191651047272851827e+01 4.582225908760175059e+01
-2.929707014563381051e+01 1.919320622757067341e+01
9.979586907980353416e+00 -5.873227820592988868e-01
-3.386591543272561733e+00 -9.128619959735239320e+00
-8.703108768539239648e+00 -1.092824862135763730e+01
-4.596460577611489384e+01 -7.633449517945767759e+00
-2.768101985677961352e+01 -1.087843747501443481e+01
3.983575181619491978e-02 -5.099018139593975540e+00
-1.934956002059715630e+01 2.661072469316209421e+01
1.041333165363240632e+01 4.906151474832404880e+00
-2.131448640220703439e+01 2.273446014392497005e+01
-1.040169993718037844e+01 1.922382851381047786e+01
-2.406960287471724058e+01 2.382596689079099050e+01
-6.732057434497336601e+01 -1.579265274854549617e+01
-2.455793155936208194e+01 -6.847934247253395501e-01
-1.731411647980777602e+01 1.851310850682774500e+01
-3.165790270015929764e+01 9.819633323881030051e+00
2.344391913673850425e+01 3.908863260743404844e-01
-3.255782863704867935e+01 -3.658756682904254376e+01
-5.634530016178954526e+01 1.690459500242143420e+01
-5.802460735114871682e+01 1.613861518955253871e+01
-4.520424623260885966e+01 -3.579897345410674170e-01
1.003428337179493468e+01 -1.954033367621059369e+01
-4.229831502218591055e+01 1.654296058086020649e+00
1.059309317615992896e+01 -1.387257606338115856e+01
-1.374920397926006466e+01 1.489085306642899376e+01
-1.239374322517944726e+01 5.712026423992812241e+00
-1.560499360940844404e+01 -1.250178890135185306e+01
-3.075920934171919541e+01 1.144055935725838413e+00
1.550089260463978391e+01 -2.142617768707884451e+01
-1.128586590041975768e+01 1.850028539374925618e+00
-4.098074901764714184e+01 -3.750503896528211811e+01
-1.829429793989377373e+01 -3.077592633663875787e+01
1.827420649520518836e+01 -2.032200464211066038e+00
-1.378021797475460808e+01 2.941461432776066331e+01
-2.782446275382523027e+01 -1.447244785030610537e+01
-1.004467964619425757e+01 -2.075385882231584134e+01
-4.413699185310917272e+01 2.367082656722279310e+01
-3.811452110499492285e+00 -3.028391497514442676e+01
-6.291691646960030582e+00 -1.644983675614907526e+01
-2.936312467742344978e+01 1.320608523321984862e+01
2.532575341948584935e+01 -3.483046677228374133e-02
-3.475001472639585387e+01 -1.778463777976475058e+01
-2.908903953555746824e+01 1.049636247637817377e+00
-4.905563780554641085e+01 3.160323709568303219e+00
-8.864927226119508674e+00 1.632482767983349703e+01
-4.505326367833610846e+01 -3.214503902607423669e+01
-2.153351587741332196e+01 -1.089601109273829671e+01
1.040758300401288672e+01 -4.046455441031058697e+00
-1.140587607289014827e+01 -3.142317914178839544e+00
3.843077543593146128e+00 2.387927942424349226e+01
-3.261752990179373057e+01 -8.764008304402364224e-01
-1.287926177145158846e+01 2.670412307056330192e+01
-1.668053108433806742e+01 -8.865795980831405743e+00
-1.650838854020037161e+01 -2.154956378339800693e+01
-4.557072483183406320e+01 -4.606729254982057853e+01
-4.365152429896800612e+01 -1.306996499615764762e+01
9.639915287556341639e+00 6.645125028991946792e+00
7.563574151427506109e+00 -2.973139877291548494e+00
8.478307098188702540e+00 -2.243961432816153234e+01
-1.168207394762247553e+01 1.015949637275345196e+01
-1.615920801908243831e+01 -2.715649898937203233e+01
-1.679031685410635077e+01 -4.523460142922996141e+01
1.051737331972412548e+01 -1.510822867941164382e+00
-3.861082258971789116e+01 -6.995089027696633543e+00
7.746993763069968786e+00 -2.394373167958100979e+01
-5.802552730387319713e+01 -2.432181661558605512e+01
-1.901838956008919013e+01 4.259827138565513316e+00
9.545161556583481310e-01 -1.794109506968362311e+01
-7.974041803738730394e+00 1.244603634082021237e+01
-2.303357398786492372e+00 -4.581527533360243432e+00
-2.660273052882468647e+01 2.447415040286841759e+01
-1.741758523738566922e+01 1.666077119862866951e+01
1.588124941047586525e+01 -5.657262246448080845e+00
2.053137800756996612e+01 -4.053349758993132212e+00
-3.580912208166485300e+01 1.830226507593937058e+01
-2.696054095057657918e+01 -1.584008473619401336e+00
-2.662207991730032219e+01 -8.008029884142425558e+00
-6.726589890304967412e+01 3.445005504338352864e+01
-2.883729034865150354e+01 6.039947588034771719e+00
-4.905680064742225710e+01 -8.781877472187504807e+00
-1.746026873995147710e+01 -1.237408753196967481e+01
-3.401889380171817834e+01 1.141063643098374136e+01
1.423389332798615570e+00 -2.281767606835688156e+01
-2.433686834333135707e+01 7.925930268163956072e+00
-3.787795435245907782e+01 2.332114603072774628e+01
-3.996717585386379668e+00 -2.062034244705669650e+01
-1.887394879109549350e+01 2.209072735132554044e+01
-1.668863510096074876e+01 5.055352654095183418e+00
-3.207685891012684642e+00 -2.555280421105498689e+00
4.984756994325278967e+00 -1.498610418060793137e+01
-3.117901616759197481e+01 4.988127683757685560e+00
-1.110830198023160698e+01 -1.680063832380963262e+01
-2.338705137417762714e+01 2.207379131101860281e+01
3.919807591830691607e+00 -7.778853607377520518e+00
-2.208148634705236546e+01 8.750178314221232156e+00
-4.729823104765399933e+01 8.637305108559875322e+00
-5.350008302046986586e+01 -8.294582061777980186e+00
1.096797432552198792e+01 -2.105775845845403182e+01
-2.009143502053448671e+01 3.675976694917481069e+01
-2.111812140195829102e+01 3.235819824455655969e+00
-4.237787565908146092e+01 9.405955811759010743e+00
-5.370047660569837689e+01 -2.113979890593178013e+01
-1.605543081130645788e+01 1.326724469392284078e+01
-2.161000361380926194e+01 -2.648061086432068478e+01
-4.836119102631922573e+01 -5.410200323596908945e+00
-2.758898723424761812e+01 -2.070719940331196085e+01
-3.813699214390212688e+01 1.178683151455940425e+01
-6.002884708930947610e+00 5.675302083899263828e+00
-4.737968886885438735e+01 3.562086246291057634e+00
-3.280643334342558859e+01 7.198888281159266711e+00
-2.764053844680394434e+01 3.282901390073374870e+01
-4.590853583709000674e+01 -1.144887314983280469e+01
-1.185764865113300459e+01 -2.282544146042759081e+01
-3.008491455530217706e+01 -5.389033904525037499e+00
-2.171203895441459863e+01 1.336463223350760821e+01
-2.435589207626061281e+01 4.301045047873594207e+00
-4.387123142027888179e+01 3.457988678169263608e+01
-4.741688204014793939e+01 2.500682246557657606e+01
-3.974596771445186505e+01 -6.929517974845095907e+00
1.348040205308304351e+01 3.166399523481846501e+00
-1.016715762055422090e+01 1.419458807772181252e+01
-1.985245318919482571e+01 6.902091445355641675e+00
-1.884150769523093771e+01 -1.793811175432829685e+01
-1.598604478387591854e+01 8.720760176433355326e+00
2.501206099184611276e+01 -2.292554683702508811e+00
-2.232046190045095102e+01 5.694719242766055345e-02
4.528603603118744658e+00 3.045401751582433869e-01
1.292569832768228455e+00 -3.942310591582698809e+00
-1.352135792012076010e+01 2.656925349350853338e+00
-1.752161746412390197e+00 3.301934458458767541e+00
-3.250257924799051779e+01 3.475452429379021879e+00
-3.780240402476066919e+01 -1.234323576873809714e+01
-7.855093440860016152e+00 -8.829654354738362798e+00
-5.104405904175737874e+01 1.565397962770739149e+01
-3.042193874283822908e+01 1.089954939361663477e+01
-2.405185211818138313e+01 -5.501754382182465264e+00
-1.292352565612785043e+01 -2.352007528772982425e+01
-4.427720666611561384e+00 -4.701501931309865512e+01
-1.997586384756652222e+01 -3.292465913057016991e+01
5.230977779831903263e+00 2.290478692478292899e+01
-2.017118390570140463e+01 -1.929323496933598747e+01
-2.227440413468740843e+01 1.383898793373996483e+01
-3.590140117383294438e+01 1.093733405630044331e+01
-1.611036059865571701e+01 -2.563216527002699863e+00
-3.390572412794792001e+01 -9.085260525324594383e+00
-3.495221906269236456e+00 1.129752178672232255e+01
-4.401955453357468429e+01 -8.334379584339876246e+00
-2.507671605998918096e+01 1.352510296792432776e+01
-4.000715111159818349e+01 -1.481058078691770596e+01
-3.630089285231771612e+01 1.533370745742737462e+00
2.339569009692712243e+01 3.773577162437359966e+00
-1.321154028420347615e+01 -6.977353237142543740e+00
-5.121925249100164024e+01 -1.685662701693701138e+01
-2.414656210717459572e+01 2.499986672599420956e+01
-1.085789992872236631e+01 -3.802837926289576842e+01
-2.611410189366021939e+01 -7.662422238049740209e+00
-1.436631813837906968e+01 2.600428427725645975e+01
-2.306254091199122414e+01 -2.446350467475657098e+01
7.699660333496479048e+00 -8.104772367487086626e+00
1.341388206299954255e+00 -3.135318770935943178e+01
-3.958409850916977746e+01 2.164695296277211867e+01
6.897375889791388381e+00 -1.721586156644426424e+01
-3.490274506361522100e+01 2.167470766478545130e+01
-1.654127780914239665e+01 1.488364123617523793e+00
-1.833734538619883736e+01 1.117106254577700497e+01
-3.202510037557185285e+01 2.579915946079486844e+01
-2.129884556826666042e+01 1.315515950619675323e+01
-4.019975026216074099e+01 5.831215943619817210e+00
1.432305103249624700e+01 -1.259063655446811758e+01
-2.594121047388174972e+01 9.566206976950107688e+00
5.378441838188682489e+00 -4.934227837686051998e+00
-1.256360524123424405e+01 2.155781907099459715e+01
-1.949225112142674021e+01 1.909757918731839155e+01
-3.041122080906412606e+01 1.006429802930638395e+01
-2.406541392618453301e+01 -3.179722956962311287e+01
-1.515063541363063138e+01 -3.887181222085333587e+01
-1.840595448502705267e+01 -1.987543126835052476e+01
-2.129200406613265173e+01 -2.181974657469887191e+01
-3.618328631050763278e+01 -4.163565439254941225e+01
-5.777805753817322199e+01 -1.651243858235892148e+01
-4.735211664097445095e+01 5.427296529771688860e+00
-4.248632653009725857e+01 1.706577743762401767e+01
-7.158221359603114564e+00 -3.922192979481242681e+00
-2.876593093171087645e+01 1.759235398825427410e+01
-4.735095161480897019e+01 3.147891990115953220e+01
-4.293474646147422646e+01 -2.330988489269870811e+01
-3.474622715848094856e+01 -7.681416957795595302e+00
-2.462185178266802055e+01 4.733310568619353731e+00
-5.841106740272193321e+01 3.380143509996281637e+01
-3.950634505277616881e+01 -4.430734701664162500e+00
-3.411244626788641199e+01 -7.047758627196143877e+00
-9.332736833878663152e-01 -8.806328851303072414e-01
-3.147890620749785739e+01 -3.110143450915607133e+01
-5.293562526802321599e+01 -2.986629770302035780e+01
-3.595589520882096224e+01 -2.733504860117496804e+01
-3.174137394221857278e+01 -2.536008709672358563e+01
-3.508829793947089115e+01 -2.162864286426471949e+01
-4.829986964739489963e+01 -2.298620721077326934e+01
-2.624685117517957522e+01 -1.395285060429316815e+01
-6.219669872602691640e+01 -2.225489630602455549e+01
-3.875488091114660705e+01 -3.036321278456994932e+01
-1.994646638684139717e+01 -5.908842557234966542e+00
-4.413440861160235329e+01 -1.346486853483114210e+01
-4.401783320862397630e+01 -4.035362569038612790e+00
-5.118945191480442247e+01 -3.701966158555032393e+01
-3.922853305920385480e+01 -3.551090472080564098e+01
-4.980694406956241949e+01 -1.472442225665276183e+01
-3.285616447923567307e+01 -2.701150834106193344e+01
-6.103838049014817102e+01 -3.068574485761461901e+01
-3.937785944963368223e+01 -3.106266924680563690e+01
-5.211722908007394572e+00 -2.932104329494219641e+01
-4.991275610233648052e+01 -2.016083826796081269e+01
-1.607480797594560684e+01 -3.368861853157557817e+01
-5.552615365442844819e+01 -2.780234702706248484e+01
-6.430916814928367842e+01 9.909802713076008018e+00
-3.969385736433979162e+01 -1.501159897865875514e+01
-3.220967480947295769e+01 -5.302197107767450035e+01
-2.488344100541014470e+01 -4.579334925275448143e+01
-1.417150519966457445e+01 -3.073740440880967384e+01
-4.617223256006869292e+01 -3.732555216751731564e+01
-6.131226125003470173e+01 -9.050561102504412148e+00
-5.697322303391757004e+01 -3.511321476917537865e+01
-4.022868623595027771e+01 -4.378839999332324595e+00
-3.583983471180258817e+01 -3.105391484055981621e+01
-2.196609105366178127e+01 -4.012976245425404898e+01
-3.398569260594921104e+01 -2.289184745877429705e+01
-2.375448901113167821e+01 -2.129968264147664669e+01
1.421641282205262335e+01 -2.833443653123757855e+01
-2.262344054426934647e+01 -3.746243731139936273e+01
-4.382382021985240783e+01 -2.737135958156865811e+01
-6.415132009557598280e+01 -8.798725208196271907e+00
-4.042389771145283106e+01 -3.301806258806389849e+01
-5.552088480080696797e+01 -5.374980444415022873e+01
1.402202751200465514e+01 -2.100828726643128164e+01
-5.077620040465631490e+01 -2.648294543294856140e+01
-4.050993250001938861e+01 -2.511592942115341387e+01
-5.445878515052594082e+01 -1.534164689832196693e+01
-1.166099497276954011e+01 -5.862137059431147712e+00
-6.357925982225764017e+01 -2.590735282934761230e+01
-3.233502527507091173e+01 -2.171527076609021378e+01
-2.714784924222233542e+01 -3.912501076580550574e+01
-5.574566735030995090e+01 -1.262942894965874352e+01
-5.001581606099097854e+01 -2.611758841670608433e+01
-2.590867475541530851e+01 -2.681103398683898220e+01
-2.553956295556900713e+01 -2.955155152475865776e+01
-1.928684526053269011e+01 -8.389754956087056570e+00
-5.309959157629365478e+01 -3.924719481321307768e+01
-2.676494295216016894e+01 -3.297162560112079888e+01
-1.884023902166609332e+01 -5.962846496424970333e+00
-3.152674382103081641e+01 -5.076666753875608151e+01
-4.769575212827162858e+01 -3.690031155383830530e-01
-3.871485937628609264e+01 -2.513376714044405702e+01
-4.230487644207413211e+01 1.604064901266291088e-01
-4.322739857255362494e+01 -4.069375705007573885e+01
-2.224423325805181051e+01 4.298092686907859949e+00
-5.644440522769682644e+01 -3.079862645621559381e+01
-2.877032388857031364e+01 -2.860977628192126687e+01
-3.861112369112286302e+01 -2.084860401470930569e+01
-5.133776122642968431e+01 -3.189978163840203607e+01
-5.305032593776358851e+01 -1.839856103650215147e+01
-5.521430100734869484e+01 -7.874760904980674603e+00
-4.955244075708204576e+01 -4.073423019936366529e+01
-3.321761305588478308e+01 -3.305756680756365995e+01
-3.159849717925657941e+01 -4.507863655449582296e+01
-4.182576920152212097e+01 -3.090166469948471928e+01
-3.217882590661859865e+01 -3.465185366124932553e+00
-6.695726371068856508e+01 -1.351090688207454349e+01
-4.034457917188822051e+01 -1.258608981557736683e+01
-4.468483696932108984e+01 -2.838912018103945556e+01
-3.685299475566282013e+01 -1.424318763016652589e+01
-5.641488513609036914e+01 -2.108518359486214422e+01
-2.273658333271990983e+01 -1.006244055981123076e+01
-5.017847033439587534e+01 -1.496726602734875655e+01
-6.101795766811714827e+01 -3.588837220280131390e+01
-4.732919297855063689e+01 -2.093964187166561430e+01
-3.301724325388948955e+01 -1.688495231761631032e+01
-4.356433418076228747e+01 -3.648407577501190246e+01
-6.040832884548596127e+01 -1.243055602317944341e+01
-2.362508838898924779e+01 -1.442118663895090691e+01
-4.995808285207341015e+01 -3.877614544454051071e+01
-2.629100115715231567e+01 -2.439978581299666160e+01
-4.306197334542709143e+01 -4.368856882527695262e+01
-3.139778450849348701e+01 -4.376184542124937593e+01
-5.620769543506445132e+01 -2.510799248545968965e+01
-4.941267756057086302e+01 -3.912874424267493367e+01
-4.543219262949206438e+01 -3.306543730835003458e+01
-4.145779738027584216e+01 -4.057523122345273237e+01
-3.721802516297753272e+01 -2.368236757401572845e+01
-2.500170867319452839e+01 -1.756291659756286805e+01
