-1.617537201824773874e+01 -1.434150756124717319e+01
-9.112913696762300120e+00 -2.485471270669309973e+01
-1.906043923927838080e+01 -2.490889798467867422e+01
-2.690240684893501566e+01 -2.375053150979256600e+01
-1.808341630135026179e+01 -9.476916835633728553e+00
-3.419241729981614952e+01 -1.447395012012093218e+01
-1.237520216931368466e+01 -7.927139272285256943e+00
-2.989856191743387726e+01 -2.363254827033713212e+01
-2.210761569310160723e+01 -2.386516182639880057e+01
-1.660680574774237073e+01 -1.461656249762942394e+01
-1.352784949509461043e+01 -2.962320884510228325e+01
-2.278726656913012505e+01 -2.565164262546295504e+01
-3.525836030286082945e+01 -1.907836579654155429e+01
-1.493392683407976307e+01 -2.871722564945635270e+01
-1.254726482817870448e+01 -2.221834112107224257e+01
-2.555277297004073844e+01 -2.321161673944089543e+01
-2.369825028288731872e+01 -2.351112444393311307e+01
-1.828376738668552548e+01 -3.159890911352124832e+01
-6.741932738297070848e+00 -2.402469383044346074e+01
-1.019572100819374860e+01 -2.472102440995059069e+01
-3.394012473785290496e+01 -4.563314683932414795e+00
-2.762562718767680536e+01 -5.149245787760575510e+00
-2.800565637599082436e+01 -1.843016279940130886e+01
-1.774650836282680189e+01 -2.088479447664548871e+01
-1.270237249404828406e+00 -2.033218083769156692e+01
-2.983142042755682155e+01 -2.062775850639188846e+01
-3.082011528240094123e+01 -1.767214327001988039e+01
8.217358290828437717e+00 3.135322098183615580e+01
-3.753839232844844531e+01 -1.333337146179500721e+01
-3.239754209015958963e+01 -1.063592151343414294e+01
-8.513098717731741871e+00 -2.674477073744156641e+01
-1.875304508150853167e+01 -3.162398946805484456e+01
-2.703532243986116157e+01 -1.808206643325502228e+01
-1.462365675489859740e+01 -1.588646930012817649e+01
-2.710067045752973058e+01 -5.261450275308358293e+00
-3.887635637087691975e+01 -1.039104062960153385e+01
-2.865724451745383305e+01 -6.490377932168627240e+00
-2.903805618530360633e+01 -4.340849504681957960e+00
-1.475433019229770615e+01 -4.227371686882911206e+00
-2.035279200477499728e+01 -8.179829922052046953e+00
-1.667353156573701867e+01 -1.727648669758558597e+01
-1.100591531607650886e+01 -2.374632448446917365e+01
-3.607946783159701454e+01 -6.911384067801518150e+00
-2.782438612654037513e+01 -9.586011375575404614e+00
-2.537929886541377655e+01 -1.541861065578049761e+01
-2.747568126396358679e+01 -1.130660724255729299e+01
8.241554001239354221e+00 3.189782565850638107e+01
-2.104571367067345022e+01 -2.211737764462899491e+01
-3.626934848878340034e+01 -4.337597654630620525e+00
-2.861957740076138279e+01 1.078228220318437680e+00
1.843977925182850441e+01 4.741080644829356316e+00
-1.922272903694013380e+01 -1.601574538206318721e+01
-2.710541084503949349e+01 -4.994199439315339717e+00
-2.165216797973516805e+01 -2.002010204184665554e+01
-2.091557987465726498e+01 -2.542354989506499408e+01
-3.278801116632555335e+01 -8.274601066885066913e+00
-3.057597914740916423e+01 -1.201205894392557028e+01
-3.009408954810615811e+01 -8.577185871290058827e+00
-2.542489918688402994e+01 -1.172967201497713319e+01
-1.786410540638473421e+01 -1.198583002550959087e+01
-1.919991946001150396e+01 -2.231522129971920521e+01
-1.636362798897132365e+01 -1.870505604571203762e+01
-2.035584507502950657e+01 -2.005125930167308468e+01
-1.857593737046371274e+01 1.055016276342769999e+01
-2.793042007212292432e+01 -2.279154874184998292e+01
-3.703644484770300949e+01 -2.479671096975546440e+00
-1.986099129081616610e+01 -1.940352778667793032e+01
-2.379365459199207322e+01 -2.127821633623972630e+01
-1.422405183010092600e+01 -1.560478104922827747e+01
-2.477499333697699058e+01 -2.243206727343097384e+01
-3.152842888872017468e+01 -9.512129313729195346e+00
-2.019585145609165977e+01 3.969496637686530160e+00
-2.674666175819943348e+01 -2.517219309293282947e+01
-3.704719265605807976e+01 -2.819615667733429198e+00
1.419495566245264762e+01 4.575423147923343592e+00
-1.602491728296582707e+01 -2.859857794525351338e+01
-3.650540052479169617e+01 -1.633208191050391278e+01
-2.977638371472195544e+01 2.073030848843260721e+00
-1.760186620342813413e+01 -3.034868729815154609e+01
-2.010239707181533930e+01 4.051564271227068303e+00
-1.516715096637322802e+01 -2.026416016845417545e+01
-2.361313579887954006e+01 -6.513846049076461142e+00
-2.181658007994929704e+01 -1.981240285739742291e+01
-2.384606952468520547e+01 -2.307223951517813276e+01
-2.176849680848007296e+01 -2.441545343942560820e+01
-1.568626324356670487e+01 -2.310655563062684337e+01
-1.346952495786002402e+01 1.869919547840560303e-01
-3.840580086152540673e+01 -1.071919578347146818e+01
-3.593543655515912150e+01 -5.319299337728685906e+00
1.893282898911348155e+01 -1.491179223536213350e+01
-1.677561813653390743e+01 -2.016898469249962389e+01
-3.405722073065594913e+01 -2.092932481971056902e+01
-2.614933315653592061e+01 -1.371904291112379148e+01
-2.032692134915390270e+01 -8.465055843344151398e+00
-3.978680960676224032e+01 -1.983571807538869081e+01
-8.246953365325895291e+00 -2.442544396001230922e+01
1.765260189282904335e+01 -1.471331473399208889e+01
-2.645124793169957655e+01 -5.635686977464326120e+00
-1.910641746894144077e+01 -2.156391461307992330e+01
-2.327992358073285573e+01 -6.620171515384739358e+00
-2.112595942925444703e+01 -7.785008776394283458e+00
-3.567447763711815156e+01 -4.824607012389754424e+00
-8.884413843886594719e+00 -2.589890245056824725e+01
2.235732198271890958e+00 2.678060693496916755e+01
-2.703360016813038946e+00 -8.983095238340439437e+00
-3.080562793636553831e+00 -8.715350397977424279e+00
-1.307692500707487326e+01 -5.939073063814107378e+00
-2.904757256074556437e+01 -1.464258236234291388e+01
-8.689283126474098395e+00 -6.489494586579574786e+00
1.115337841127719720e+01 -9.719983331785240210e+00
-1.166378733110944488e+01 -2.970935176681285128e+01
3.340388662279075938e+00 3.029562663579891790e+01
-1.546423409947848349e+01 -1.890884522900280196e-01
-1.268818013444542103e+01 -8.964074027226009989e+00
-6.087096992775579807e+00 -2.288479411784828343e+01
-3.018285609618286713e+01 -1.447062586450627641e+01
-2.029918296728025595e+00 6.854866811416084893e+00
-1.290475188202038659e+00 -6.898313584337094184e+00
-2.322072864674593617e+00 -2.282021547584667331e+01
-3.230442634311041417e+01 -1.471667610039352958e+01
-1.191895931320298274e+01 -3.311616774701724353e+01
-5.097553357174365196e+00 3.132545008636617823e+01
-3.261368082084317876e+01 -1.380235970999029504e+01
-2.800218837207385292e+00 2.520017824940859796e+00
-2.147042215900315298e+01 -2.267197303702917566e+01
-2.464580394505859573e+01 -2.438551280396739074e+01
-1.237915172223212501e+01 -4.215421675398523860e+00
2.051191170507109263e+01 -1.225211562445271740e+00
-2.098917152787615592e+01 -1.238329391001814805e+01
-1.514091142495980158e+01 -5.484335182876976411e+00
2.007351911864758165e+01 4.435972765381477778e+00
-8.106070230407629751e+00 -1.759335089349215053e+01
-1.013659475013908207e+01 -9.356527786360924637e+00
2.061900592372054142e+00 -6.048748253853559298e+00
-9.573597923372943796e+00 -6.737023396561410138e+00
2.169612959031528376e+01 1.212292050885642958e+00
3.164589096919172562e+00 -1.004691573120708625e+01
-2.868859436444020972e+01 -1.041029821306885061e+01
-8.392727125529260590e+00 8.200918344521078041e+00
-1.543045317885473011e+01 1.787526518493928407e+01
-2.500495320185556736e+01 -1.735498677315504423e+01
2.627843874051824180e+00 3.060415291317107389e+01
-2.431928522996889797e+01 -3.426230129197887830e+00
-6.991107360872520715e+00 -4.527037600472169743e+00
2.830934012554537471e+00 -5.900156782364692987e+00
-1.347974166583015965e+01 -2.098720893434456514e+01
1.025789808761647848e+01 1.180287344535310545e+01
3.944722217576073220e+00 -3.582053854966928963e+00
-5.667476149787449735e+00 -1.839656734283138206e+01
-3.755641267191394572e+00 2.860743941309518590e+01
-1.073201460295929799e+01 -1.010010387053621006e+00
-2.282198272763845459e+00 -1.085748858293443320e+01
-1.399787548491504774e+00 -1.098102381537741090e-01
-3.514867843281434201e+00 -2.326288198893221093e+01
-1.192048575177591907e+01 1.389441587325461391e+01
1.915609925151136927e+00 -4.888075867925844697e+00
2.117657017323146373e+00 2.804069230956705638e+01
1.897316144953738348e+00 -7.378988329185781403e+00
-2.184199338577631622e+01 1.224679660566068140e+00
-5.785149819630627022e+00 -4.290623404206039382e+00
-1.059938593666937656e+01 -2.006490928205239044e+01
4.466114209701206317e-01 -6.371624181597255188e+00
-4.001377807269024345e+01 -1.673044697941714531e+01
-2.937548882496754032e+01 -1.566909172458318800e+01
1.329452625935198196e+00 1.154078403786152673e+00
-2.823372358390057713e+01 -2.168580684277986492e+01
-1.438731207683951574e+01 1.597270671426279165e+01
-6.898688466699414157e+00 5.691525891140317484e+00
1.170069905428666734e+00 3.086496787069446057e+01
9.329846533303260969e-01 2.789369103563380037e+01
2.014196374221017294e+01 3.837250989172225624e-01
-3.086506913183208667e+01 -1.571105523629277911e+01
-9.599828411610094037e+00 -1.191866819581789549e+01
7.221581565010734005e-01 1.236615924848089598e+01
-3.409999607067411898e+00 1.548064773307958042e+01
2.392554150141563696e+00 2.853596208464294293e+01
-4.910894557645002934e+00 -3.683807446388363438e+00
2.041146839283008774e+01 1.312796687130112494e-01
-3.391994945326255362e+01 -1.674474179860674283e+01
-9.502355227848319430e+00 1.079051589362942920e+01
-3.737037256417770514e+00 -6.961539102427602543e+00
1.730622093890504942e+01 3.917192250417898425e+00
-1.259852017669464352e+01 -1.276705447757693435e+01
-3.621830636694537731e+01 -1.676541856163238009e+01
1.197510336097131578e+01 -1.039476179633385833e+01
-5.907388268863787317e+00 -2.289383956213070803e+01
-1.331151475726880307e+00 -2.245341175725088334e+01
2.059125617790528828e+00 3.342904085590062380e+01
1.469857104771274958e+00 2.671207760244274354e+01
-2.367929034662481769e+01 -1.067571162073500446e+01
-1.063815352452582630e+01 -1.585802642778934235e+01
-8.556806808919478868e+00 -7.024387890545069624e+00
-2.895950863471792047e+01 -1.873777023275433251e+01
6.323605661484177354e-01 -1.206147588562177519e+00
-1.750966847237173241e+01 -4.722230294072040202e+00
-7.290231614344604871e+00 -7.534631586574542794e+00
6.305030096770114056e+00 2.087298209764067103e+00
4.471028562790873906e+00 -1.026685028005248190e+00
-2.158164145575303294e+01 -1.439726915122810702e+01
-3.807572829378790402e+01 -1.834522335783507430e+01
-3.197102941849313140e+01 -1.443739039968680871e+01
-1.617643352889078301e+01 -2.904279451243496624e+01
-3.793193796514074023e+01 -1.345720009556963959e+01
1.515455263808779662e+01 2.166306211371058943e+00
-6.258631655782571634e+00 -7.065439533396133953e+00
-4.049574598001313142e-01 -2.039353747311814757e+01
5.085221176042738378e+00 -2.952844498063293965e+00
-4.846697038231750909e+00 -2.194223626394244420e+01
2.249724763463055943e+00 -1.249893209734876187e+01
-5.375859150703259370e-01 -1.089352173570157944e+01
1.764095552859764382e+01 8.032144766774004241e-01
-6.962019186179556840e+00 -8.734215098280248668e+00
6.115951570532187631e+00 -8.548642896379817557e+00
-5.982603945692135383e+00 -2.075268684832387578e+01
5.196726038888081156e+00 -9.912500344586270273e+00
-1.721592872236992200e-01 -1.667862817006069420e+01
-8.047919711549063493e+00 -1.371059651791217071e+01
6.020633403517878790e+00 5.295155504931665646e+00
2.101767257040659942e+01 2.906831628365534326e-01
-1.682721954990254432e+01 -3.202795754520182925e+01
-3.405022134329658456e+01 -2.296718152063325391e+01
-4.758778165302310015e+00 -1.322440974271613712e+01
8.526182709161385986e+00 2.932420535481209001e+01
-1.184962212247179103e+01 -1.037799584998983171e+01
-1.267490532714136187e+01 9.141955911142789049e+00
-8.589568899997750862e+00 -1.660159457342475164e+01
-1.289826520945931776e+01 8.045930193304444700e+00
-2.436301232217046220e+01 -1.368862406436526946e+01
-3.961640236328336329e+01 -1.893813127627457149e+01
1.274704370274398979e+00 4.543763907194978025e+00
-2.424667549849458936e+01 -1.858191075730180941e+01
-2.610221655418524733e+01 -1.871543615820983675e+01
-1.102521838626192086e+01 3.543255554674999974e+00
-6.321260826381412734e+00 1.889935117802326925e+00
-1.627968592461139252e+01 -1.132601073850994489e+01
-4.178716687869432178e+00 -1.066098410192919488e+01
-1.179757996832923972e+01 -8.205363962065806760e+00
-8.706462009271429991e+00 -4.619863699125603240e+00
-2.754546281120852314e+00 -1.848906748253669718e+01
-1.372332017349774524e+01 7.935995512460117141e+00
-5.118174019398741947e+00 4.976172770419955427e+00
-3.525134820188070961e+01 -2.031304816496789201e+01
-3.819362817437181867e+00 -4.837908953142711077e-02
-1.462372614041187724e+01 -1.137406544257322949e+01
-1.073239698348093718e+01 1.679855108385021945e+00
-1.613426933354613269e+01 -2.448385629270708463e+01
-2.065618904881764095e+01 -1.657029309882473456e+01
-1.392543165196316934e+01 -7.523175361242477877e+00
-9.638478323044600060e+00 -3.398504392667772489e+00
3.880614053072209746e+00 2.887151920156719953e+01
-1.345861597192563686e+01 -1.213441119901955823e+01
-8.060695760384124497e-01 -1.805495157529001204e+01
-1.689441706086342876e+01 1.577004517488502167e+01
-8.789828765872524485e+00 -1.061675332350958101e+01
-3.458878944361457819e+00 2.878338368426037519e+01
-4.521092727101934550e+00 -1.408002771585494273e+01
1.808308952469626263e+01 -1.348636067117280035e+01
-3.079685934306041517e+01 -1.315401429879333861e+01
1.206426431130830146e+01 1.461770964098664027e+00
1.062826569161117440e+01 -9.380012782432256557e+00
1.461752197694053956e+00 -1.029884879008991305e+01
1.852744046332188033e+00 -1.508219133870846917e+01
-7.695687955087430865e+00 -4.888329359606350621e+00
6.775630315087925126e+00 3.155471036528501827e+01
-2.646361704519642188e+01 -1.843346102175907575e+01
-7.214632644729185529e+00 -3.733907167963704588e+00
4.416896902095311717e+00 -9.045264991663229281e+00
-3.022696252238612757e+01 -1.523093425215521357e+01
-1.048830525068575348e+01 -3.248913947314025563e+01
-5.942566413572516915e+00 -1.632860240997716517e+01
-3.974294883676913770e+01 -1.802905793946930757e+01
-4.100783531563223505e+01 -1.850010982555195582e+01
-3.979256426396726165e-01 -7.926787009248712934e+00
1.153827593713821376e+00 5.398157859378740930e+00
-2.976075445664373120e+01 -1.360496402204448962e+01
-3.113362520179788540e+00 2.275826242158718316e+00
-4.924785667130044509e+00 1.923269023361165964e+01
-2.046582639254529568e+01 -5.237081763550385460e+00
-3.086218109925746234e+01 -1.831981601478514321e+01
-1.578017691864306116e+01 1.804461592643243506e+01
-1.081317275817560919e+01 -7.202258955596077428e+00
-1.288260027316288969e+01 -2.938363173180649568e+01
1.786617803829851425e+01 -1.290729807753674052e+01
1.751420414874792186e+01 -1.266317187586454374e+01
1.142947510282357193e+00 -4.699954265942623000e-01
-1.126961613138675489e+01 -3.407906832939802122e+00
-2.294261593032267754e+01 -1.178249602662629414e+01
-3.352640675642595625e+01 -9.192879905366057258e+00
-9.152063321754569714e+00 -3.276365030371638909e+01
-4.344361469341222914e+00 -4.021033607143927213e+00
-4.844879220430668987e+00 -2.072943261109958613e+01
-5.245374874161190526e+00 5.620286766165906833e+00
-1.637425400792131924e+01 -7.986809767151437534e+00
-4.452782232442123345e+00 3.036673949382267068e+01
-3.775896409264237974e+01 -1.562114822976001527e+01
-8.067691208524522040e+00 -2.612622124283017766e-01
4.613599902542010689e+00 6.868854063844960223e+00
-5.275907551491421543e+00 -2.054614824435745746e+01
-3.756882746548825480e+01 -1.336105726295796892e+01
-6.842003769476291630e+00 -1.160966601640160967e+01
-8.002495708215747072e+00 -8.240681870971592105e+00
-3.102911640914974711e+01 -1.917508049305712703e+01
-3.655034403410439126e+01 -1.837890770886519931e+01
-1.069549765759585647e+01 -2.029619341502239394e+01
-1.578419028023584758e+01 3.072909589145892184e+00
-1.103939494115343756e+01 -1.471866581783479333e+01
6.752436224987083957e-01 -4.898679816306131585e+00
-3.470558960375864643e+01 -1.676359539605555327e+01
-1.307582442068866158e+01 -2.151350623985891275e+00
-1.303884828130512830e+01 -1.773480758555651704e+01
1.785868484517023447e+01 1.469137047097378357e+00
-3.229055717495800337e+00 -1.758551713463152666e+01
-5.787302527150098186e+00 -9.944044913349330272e+00
-1.213957472811095961e+01 -1.076909849472417235e+01
-6.835854275532581958e+00 4.461607808616241400e-01
-4.641420899335767736e+00 -2.083058973748447684e+01
-1.468267886889375085e+01 -9.196344151931386435e+00
5.008268043864355645e-02 2.923272562033944411e+01
-4.316340385683189673e+00 -1.572614436466535714e+01
1.411684281860184598e+01 -5.279635650753999876e+00
-2.413913508594334623e+00 -1.594250533911600343e+01
-1.445334866647405070e+00 -2.370092176167777609e+01
-5.949089609781800903e+00 -1.393856194190013831e+01
-3.974144995839899508e+01 -1.264843551577174097e+01
-1.242112290365334815e+01 2.043263688334879902e+01
-7.087789771823350016e+00 1.666787492262354675e+01
-2.236216978003663769e+01 -1.908155011606156748e+01
-4.087493762666611730e+01 -1.508042469591001833e+01
5.690661722807247358e+00 -1.411099136384475372e+01
-3.198648726552562493e+01 -2.186603330727723105e+01
2.652938668815361556e+00 3.969964195968163523e+00
-3.156106839013601562e+00 1.044723917894175713e+01
-2.409231091490200072e+01 -1.804508702450469571e+01
-1.688586046484413572e+01 -2.093528735362568671e+00
-1.458370818886936782e+01 -2.014503155563621206e+01
1.465382617845166102e+00 -7.602609372100808116e+00
-1.134905099229464653e+01 -2.227943269093994871e+01
-1.772985660280227194e+01 -2.385881201144380626e+01
-1.442099300257114258e+01 7.503220381942664829e+00
5.916334280597110862e+00 4.518761988179909039e+00
-2.881770851864198235e+00 -5.351814108292071381e+00
-1.069663542910869580e+01 -5.526578055189717453e+00
-1.591510947998639836e+01 -6.239277797165549977e+00
-1.146069660434222426e+00 -1.340755950283853259e+01
-3.237969041839941298e+01 -2.009207768299441454e+01
-9.978803102378579482e+00 -1.634048430505161464e+00
9.951326243953412032e+00 -1.190623774580589256e+01
-4.135359838055735793e+01 -1.534081138960945978e+01
-3.731815010556452261e+00 4.330593495076355381e+00
-3.351674511148031144e+01 -1.073082160661197371e+01
-2.430219962995873573e+01 -1.514873352343797563e+01
-1.264965901242639745e+01 4.255276547380598906e+00
-6.936176882832175927e+00 8.334963061005193907e+00
3.575252597967002899e+00 9.430705263247928016e+00
-2.270896319678777697e+00 8.030018619499983856e+00
-1.142176131384623972e+01 1.234838836450608390e+01
1.920432339510650177e+00 -3.585786800370705851e+00
-1.540013216972772803e+01 1.232994503033281219e+01
-6.356844196525628377e+00 1.334050352140794260e+01
-2.685319889273977356e+00 3.906729461459925723e-01
-1.381507690333285865e+01 4.086657728206714246e+00
-6.492068628970033117e+00 5.184591007986213640e+00
-1.703676530778401599e+01 7.692325745890252087e+00
-1.143728723838674988e+01 1.183288498566984970e+01
-9.649591045074352280e+00 6.722605674463816072e+00
-2.788900876353735825e+01 -1.197141956894501114e+01
-1.055229131955148958e+01 6.252500439059756054e+00
-5.867267437535035768e+00 1.331134684490289999e+01
-5.014059349810833233e+00 1.091441312526889362e+01
1.190363695130058197e+01 1.185078115417375244e+01
-9.752618891901706277e+00 8.165473740142628500e+00
-7.163226893162690345e+00 1.347669439981495287e+01
-2.216661139228048327e+01 -1.524356228456160345e+01
-1.070000887808864221e+01 1.072301292158400443e+01
-2.773348898912389160e+01 -1.295496541954932290e+01
-2.436356182722337849e+01 -1.477697637444792811e+01
1.969381939315749364e+01 -1.334497296298374636e+01
-1.280440689996907633e+00 1.472844567860666132e+01
9.390415627662892506e-01 1.820477392394793625e+01
1.804611753781941630e+01 -1.411212263949372137e+01
-1.059244160051343364e+01 1.917162893634209553e+01
4.858991753024364257e+00 1.438549912533920505e+01
-7.949929188295633331e+00 1.431822936424046411e+01
-1.734711360941669156e+01 1.037138327071027000e+01
-7.196832492969819306e+00 1.865992284257053058e+01
-9.296734869172160742e+00 1.043121467288061410e+01
-6.284209929469048106e+00 7.569729447425181945e+00
-3.431585879054237154e+01 -1.793264909447349709e+01
-1.251336074231503126e+01 2.107438516505211190e+00
-4.393793789659965476e+00 2.186320118558401759e+01
-9.227158775600083018e+00 1.315875445900292284e+01
1.019410164558928678e+01 6.362035827257718879e+00
2.192984219326558559e+01 2.566207110307076267e+00
-3.739587605820729976e+01 -1.139468193930905748e+01
-4.978022890419472546e+00 2.186965172167461802e+01
-3.700540333693339079e+01 -2.060033636778137378e+01
-3.478755073822644484e+00 1.226179613209273533e+01
-1.770959744730435403e+01 1.037992239159859942e+01
-1.414863954299687343e+01 2.285479674243489967e+00
-1.320602358814562471e+01 1.094692389643142860e+01
-3.816116961449750988e+01 -1.974407424148045465e+01
-3.309911507941786368e+01 -1.568798311471413598e+01
-1.798522031217580519e+01 6.430915046347413622e+00
2.170224522448851445e+01 1.901578342125629817e+00
-3.335779527174608461e+01 -1.161917719417198036e+01
-7.951628375371419644e+00 6.054645659112841471e+00
-4.388455739372941977e+00 9.470629996463157951e+00
-3.339825347699740377e+01 -1.796436767195334383e+01
-9.507482096111003145e+00 6.003694051576212942e+00
-2.284616222750480929e+01 -9.873578326347573153e+00
-1.964063926412751737e+00 -4.094804048297571164e+00
-1.617710393043067896e+01 1.315354694741525421e+01
-9.708488018187437785e-01 1.013300254665312039e+01
-1.083085423718611651e+01 1.912418594247187897e+01
-2.718713458845018494e+01 -2.018309157704873158e+01
-1.732176079072491381e+00 8.446147893362688563e+00
-5.916685866718988329e+00 8.730595631517271471e+00
1.393062268965393313e+00 7.449313458988564562e+00
2.322685725993565153e+00 9.164540686541853276e+00
-1.800859032131174042e-01 -2.023093594998424116e+00
-1.008839886624376980e+01 1.552265957506959992e+01
-1.713502181457369655e+00 7.862690385137065086e+00
-8.465206244503306054e-01 -3.756111389947816459e+00
9.702413992435098278e-01 1.824113802876362911e+01
3.917292949643285116e+00 1.110756497629068029e+01
-1.382271743834159849e+01 4.202175991484927486e+00
-1.730779962975609365e+01 -7.543862444721556315e+00
-9.163570115705208963e+00 2.046580171488287903e+01
-2.440507523468811968e+01 -9.832557219577367391e+00
-6.607082583523014030e+00 -1.670718059427339419e+00
3.470925143694179926e+00 1.443609632181594371e+01
-5.320304302781784678e+00 1.460597797706239298e+01
-4.935330867966968960e+00 2.640950145127239246e+00
-2.956944340442246855e+01 -1.582100871236263728e+01
-1.101176001842347674e+01 1.464903824337961424e+01
-9.964634449367130387e+00 1.068739418414510567e+01
-2.903339723412682716e+01 -1.402404421425379510e+01
4.206827023365290685e+00 1.029438569242465995e+01
-3.552221687982809240e+00 1.697479642631523333e+01
-6.371490781079095500e-01 6.226691456840036665e+00
5.808857142191353518e+00 3.070208110661672762e+01
-2.231125869220180391e+01 -1.626381601174914948e+01
2.844892479147781206e+00 2.013352986550746948e+01
-7.374570365660896520e+00 9.040874646908706680e+00
-1.533478216898487290e+01 -8.868955515193066574e+00
-9.066324157001755424e+00 1.194277341022105610e+01
-1.025238588007294283e+01 8.083824867630893252e+00
-8.677907279310135280e+00 2.512343116124447384e+00
-6.156559885845206415e-01 9.468882455435013057e+00
-1.150095060388734503e+01 1.029497820180269940e+01
-3.243309384865470157e+00 -2.643037591876106873e+00
-2.257116612630845864e+01 -1.853873924026422770e+01
4.251739887137875762e+00 7.399799548460255672e+00
-1.556748824831022304e+01 1.129430043242707526e+01
-3.590876766293497724e+01 -1.305906367386148759e+01
-9.420259170604648347e+00 3.517569562834445218e+00
-1.923295799230299030e+00 4.289240953902508480e+00
-1.108102635196471653e+01 1.614286594717401613e+01
-2.165110156532348995e+01 -1.177522562233179215e+01
-2.602961743093361946e+01 -1.072937134704890028e+01
5.538369213895792065e+00 9.627943208796727603e+00
1.769026249359711755e+00 -1.551911069282181144e+00
-2.759359295373108978e+00 1.733348350269401905e+01
-1.288783496198821155e+00 6.283933869357111845e+00
-3.399458732957486262e+01 -1.431305811453610843e+01
-1.057192635303052342e+01 1.400540846617031576e+01
-1.071293862113934292e+00 2.047909130828110946e+01
-1.440539731147321412e+01 1.453650487007507230e+01
-4.261175988550112592e+00 7.396779005095996951e+00
-1.017789500731625019e+01 1.249955839852000317e+01
-1.075080851983954666e+01 1.684933927333986503e+01
-1.880740100230994027e+00 9.639014485870909255e+00
-3.162960585192186258e+00 -1.580694101200208923e+00
