-2.508494126269485491e+01 1.353206906848928348e+01
-2.806175752705877002e+01 1.215204738572387022e+01
-2.185047213945458111e+01 1.475249274206642269e+01
-2.524521947693757795e+01 1.972163533048038531e+01
-2.349697691992421156e+01 2.014195845425681952e+01
-1.250487916067995897e+01 2.405597752198189809e+01
-2.014598246624197841e+01 5.343219019503835376e+00
-1.553793313662337994e+01 7.920595981984106970e+00
-1.322741571416423056e+01 1.156435525938886322e+01
-1.910124732250808677e+01 1.835080750547879092e+01
-2.378301801335467047e+01 8.925409962042254008e+00
-2.733942984672508558e+01 1.721536827733098107e+01
-1.651124407244208570e+01 1.387125229034793250e+01
-2.112410873649274023e+01 2.329653341213272455e+01
-2.757187525037495845e+01 1.330586373054490501e+01
-2.095814157248621612e+01 1.556905802531049332e+01
-2.076435980756109245e+01 1.192128773094669292e+01
-2.367682641774215213e+01 1.196305149468463469e+01
-2.398513468487138667e+01 1.433773452462538778e+01
-1.947750872804352795e+01 2.610146864207394835e+00
-2.618966603252269465e+01 1.375298295956151229e+01
-1.890433105463679908e+01 8.356625237966973430e+00
-2.732971031161323339e+01 1.129208997280743532e+01
-1.955505537800054228e+01 6.798549395013433916e+00
-1.260945183975786854e+01 2.303299795885088486e+01
-1.728596431900332675e+01 1.797611957013639072e+00
-1.542124049432965016e+01 1.538725108826636401e+01
-1.790555077758491365e+01 1.766448821348987153e+01
-2.747453492219248972e+01 1.079772625096217986e+01
-2.203633990093803163e+01 7.695635854266155818e+00
-2.035936674560269211e+01 2.471832173466033922e+01
-2.617614037014674366e+01 1.149320584314984650e+01
-1.608232667487498091e+01 1.241325086579333359e+01
-1.884465707815316904e+01 1.096121017972927092e+01
-2.567959471064025934e+01 2.244734011045391142e+01
-1.459815258516597680e+01 2.361163369659901434e+01
-2.747924749995504357e+01 3.931948665510832885e+00
-2.543563912361251766e+01 2.174928344264108304e+01
-2.390006600041031959e+01 2.263238346482965468e+01
-2.566485883956411129e+01 1.137466638212100278e+01
-2.175165509675793274e+01 1.974391038772843032e+01
-2.511882642495833906e+01 1.409583494058669295e+01
-2.579593426153891400e+01 2.222309353321225700e+01
-2.153785708533087728e+01 9.769854052845259318e+00
-2.403908734388507540e+01 9.192140798457341333e+00
-2.301030768733711795e+01 9.672665379927151363e+00
-2.295672931425527707e+01 1.011688582451133556e+01
-1.948889797617551523e+01 2.359312958912909153e+01
-2.883392626821434135e+01 1.556659251186105841e+01
-2.787213624296272130e+01 1.554980064769373449e+01
-2.356824989135519033e+01 1.237774953824000157e+01
-2.986243772571662092e+01 1.811824034889979274e+01
-1.913390670349302880e+01 3.918346454434153081e+00
-2.011063875689179525e+01 2.386067655704295021e+01
-1.743681389673850290e+01 1.291637750437308085e+01
-2.035385038415319769e+01 1.693370928383165364e+01
-3.024246564324894493e+01 2.093150766169425125e+01
-2.934300955837005631e+01 1.323179212844572383e+01
-1.774747840743821925e+01 1.655527122348761893e+01
-2.484185578161194030e+01 7.262490692116550406e+00
-1.937244743980248529e+01 2.325378924372503064e+01
-1.974121931389662876e+01 1.483981395491390387e+01
-2.562941789287433991e+01 1.330429533706792533e+01
-2.821143334559207716e+01 4.312062947588859885e+00
-1.850593713743953117e+01 1.452852807347663244e+01
-1.639933422627129644e+01 1.099180188396963054e+01
-2.675776311304372257e+01 1.426711824206482504e+01
-2.575017819190586721e+01 2.354384281127405032e+01
-2.755999069345929797e+01 1.813360209282679136e+01
-2.267765171964560267e+01 6.899175971019602116e+00
-2.876221620046110772e+01 1.760766059211382739e+01
-1.945115404599993880e+01 7.860108243249888105e+00
-2.406765415935891994e+01 9.354548924033773361e+00
-1.507062896017828990e+01 7.830725378474919118e+00
-2.516517411023915685e+01 4.724650336641365023e+00
-1.795241358014247268e+01 1.269707257980766890e+01
-2.228094078725229465e+01 7.572226093686555082e+00
-2.615508565677651376e+01 1.206688838663377972e+01
-2.589922494639419526e+01 1.460675681197896481e+01
-1.651370897466291154e+01 1.661024971583721666e+01
-2.624276652511345986e+01 1.178038169704439575e+01
-1.544101831831660121e+01 7.549485076620308988e+00
-2.454822262517412312e+01 1.225014564601759481e+01
-2.588242057999050516e+01 2.130054210035561013e+01
-2.562051624609729927e+01 1.151166623957561086e+01
-2.249540370968335168e+01 1.518743672819582713e+01
-1.645234329449294464e+01 1.609776179564829235e+01
-1.905808777936702825e+01 1.423393598800177706e+01
-2.691386760909259834e+01 1.579728995558140348e+01
-2.364119154491612562e+01 1.603146828052743800e+01
-2.028076657477884837e+01 1.513225505709103658e+01
-2.204812592530750948e+01 7.217068779132415735e+00
-2.202181193570179474e+01 6.104946557878122348e+00
-1.296491001151595945e+01 1.284578346819568395e+01
-1.814988794460312960e+01 8.012324843933988916e+00
-3.026899394623790585e+01 2.091701505050917831e+01
-2.061343145293811219e+01 2.358308341404796593e+01
-1.696203988373731875e+01 1.029260380303300160e+01
-2.747852564527008568e+01 1.664702901410001346e+01
-2.267371471524912607e+01 3.178616002622032699e+00
-1.840433141531963912e+01 1.453720507848992760e+01
-2.143761100807791564e+01 9.327836953447411261e+00
-1.960592482377700563e+01 1.553305612301276284e+01
-2.628465812697440640e+01 1.749162985184789321e+01
-1.293778432055426464e+01 1.193850793805833277e+01
-2.661852860939994514e+01 1.125912214935734568e+01
-2.431617790071653928e+01 2.317229850703085958e+01
-1.264320957063368667e+01 1.211466160642098089e+01
-2.682269321382091576e+01 9.687862947296455474e+00
-1.481299429923685729e+01 7.321667011501859612e+00
-2.869070238769991477e+01 1.078811698608995684e+01
-1.637622276666600385e+01 8.190514481274261627e+00
-1.741881174684402467e+01 1.188397079956395608e+01
-2.122023810716180492e+01 1.610425873918300610e+01
-2.546760802090075515e+01 2.145042537741802491e+01
-1.992474889659129644e+01 1.304430685915357024e+01
-2.133883538167758687e+01 1.986847458233575026e+01
-2.821244626346657114e+01 1.105507657683930844e+01
-2.751447369086905681e+01 3.952022507253781569e+00
-2.595185659346309137e+01 9.671126330878397681e+00
-1.928615268728052712e+01 2.701907187838028079e+00
-2.033488507179904303e+01 1.102293404406843536e+01
-2.345014986425609749e+01 1.407418137403792180e+01
-1.734420814934084731e+01 1.186001666957393041e+01
-2.229475505787756617e+01 1.787601492097927647e+01
-2.986455632817990846e+01 1.796079715927155007e+01
-2.466844567323643744e+01 7.222362075331656861e+00
-2.381869249603444416e+01 2.395096107383391626e+01
-2.724268102452759521e+01 7.921367506280596160e+00
-2.056343042572618884e+01 5.915550269465165378e+00
-1.547211982781539419e+01 1.727968946726538491e+01
-2.430509307161648636e+01 1.813316525142017710e+01
-2.902530374440591743e+01 1.875853217317654753e+01
-2.653075977261296359e+01 2.295725660230042564e+01
-1.308023278545433143e+01 1.081300219704186816e+01
-1.922870435052114146e+01 1.202006561573921317e+01
-2.265526113783035100e+01 3.200641911326080002e+00
-1.784359054174565529e+01 1.565344073118474455e+01
-2.723035768226473508e+01 1.199555331575657036e+01
-2.387928010497196496e+01 2.316481315175470712e+01
-2.629859799119071440e+01 8.177702072096391106e+00
-2.700801784552038143e+01 1.573948291324650484e+01
-2.933233564430468832e+01 1.856303841127576959e+01
-1.960927650054259175e+01 9.469783446559320694e+00
-2.332646349072309633e+01 2.028700949784611751e+01
-1.711179029358590853e+01 1.669145359593259670e+01
-2.383038612859753158e+01 2.215751136336949756e+01
-1.620971094423560999e+01 2.180426884804880316e+01
-1.586978772496853374e+01 2.111888772758847921e+01
-1.842456314224564906e+01 2.523172769832745388e+01
-2.114911842358973360e+01 9.009893130871136080e+00
-1.625245503096234145e+01 5.761774942124242571e+00
-1.535902577095187205e+01 1.761342296725972290e+01
-2.446828297629011928e+01 1.540359777909849015e+01
-1.535575759091003789e+01 7.703847834830086505e+00
-2.413441952045155148e+01 1.115665212446844556e+01
-2.034427955165293156e+01 1.108323974065973516e+01
-2.074620217518708998e+01 5.803691395504265493e+00
-2.216764270736501530e+01 1.137326823175057378e+01
-1.694734198081088294e+01 1.330586776237654156e+01
-2.195175163523519046e+01 1.983173140632232645e+01
-1.955794715293862041e+01 2.559455017712396252e+00
-2.332509212979103452e+01 2.030821517007214894e+01
-2.143949829157904219e+01 1.224945528899851688e+01
-2.102629158810033871e+01 6.709253356715120020e+00
-2.365927688057128364e+01 1.450624062477365328e+01
-2.157986547280316003e+01 1.194811604927877369e+01
-2.598750157527974025e+01 2.197939970757369466e+01
-1.886159473931972030e+01 1.696807853462319216e+01
-2.230843121278441998e+01 1.788773059420597633e+01
-1.901648225413529048e+01 6.587803380100110573e+00
-2.254848207504429070e+01 6.335562791509734559e+00
-2.020407999850380065e+01 1.505330119951692325e+01
-2.292404884518448682e+01 1.205613165362019679e+01
-2.537552430131332670e+01 1.581811951094548263e+01
-1.614470857209234822e+01 3.589647099258113983e+00
-1.623882908606625364e+01 5.781168531010004052e+00
-2.018010145378586984e+01 5.020012068195556232e+00
-2.108998876598896999e+01 1.456841558668015502e+01
-2.487715283640431707e+01 1.333857358301700735e+01
-2.686025421465277674e+01 1.554943780066808046e+01
-2.060511838168623910e+01 1.694497270852153648e+01
-2.300361838312229423e+01 1.529594689298020072e+01
-2.658798986353582094e+01 2.400296034195396899e+01
-1.273302989583714329e+01 2.301621692147408993e+01
-2.810958629516402496e+01 4.260654888601700385e+00
-1.907867390311568556e+01 7.435684517331019983e+00
-2.444032749272353655e+01 1.838853542481001924e+01
-2.632021352705368855e+01 2.330499740809563392e+01
-2.755431535885807293e+01 1.773928054511679164e+01
-2.176138976725233931e+01 5.515440882277999002e+00
-2.451324654297790673e+01 1.436225257102189623e+01
-1.704576749918536294e+01 6.642511767034080528e+00
-2.043116612843325086e+01 7.768734500837457091e+00
-2.247637732978495606e+01 4.945473835792916439e+00
-1.901932614197727389e+01 1.620140574854555382e+01
-2.148360943844732773e+01 1.324666758669385302e+01
-2.553536734697780020e+01 2.402254256976555524e+01
-2.750197691357638519e+01 1.464277539792317206e+01
-1.836692364144701628e+01 1.396365579551341085e+01
-2.108575615126484237e+01 1.569317280033004636e+01
-1.717029619363482595e+01 7.072267548018497330e+00
-2.088331042022168660e+01 2.520499941545605793e+01
-2.634448943351348760e+01 7.125561588891812015e+00
-2.436798374393995203e+01 1.619789997901105494e+01
-2.525633427796153185e+01 7.700429847213878354e+00
-2.517521685399882259e+01 9.381439722297860939e+00
-1.849761976097633109e+01 2.535813265246643411e+01
-2.392129041263915923e+01 1.131944689118478742e+01
-2.441249979658908842e+01 1.872830323230958172e+01
-2.515944912576080128e+01 4.721978783913336919e+00
-2.344549889542655663e+01 2.161744573983350648e+01
-2.431877080874475183e+01 1.334710837572252728e+01
-2.158690343331779005e+01 1.413059266099385169e+01
-2.529053707336156975e+01 1.566799680349615365e+01
-2.625988236288760191e+01 2.279832146055957054e+01
-1.861933782927897596e+01 1.286824310308287345e+01
-2.239561805477158174e+01 6.142652223892699048e+00
-1.913822861676921505e+01 5.548858717228517534e+00
-1.620717656664573170e+01 2.185320512398526915e+01
-2.096724932384643481e+01 7.050724648219095059e+00
-2.634633223729591123e+01 2.210412847154882243e+01
-2.462517286695163676e+01 2.022653205688894928e+01
-2.105305910060992503e+01 2.567562672265627555e+01
-1.943137749645230272e+01 6.426915422839830860e+00
-1.286310356048221770e+01 1.300281275338750575e+01
-1.690091118282600391e+01 1.363450671229636590e+01
-2.398852317957208768e+01 2.306527412530927279e+01
-2.524370064128052604e+01 1.035930434158205138e+01
-2.504378077538088831e+01 1.045486254641495805e+01
-2.690445243496127503e+01 7.721189646583190402e+00
-2.401938337362307863e+01 1.534429533030384718e+01
-1.833087294547509316e+01 2.506936909150615023e+01
-1.643521243188710912e+01 8.315574460358350350e+00
-2.267251234495196854e+01 1.391013335237329684e+01
-1.684940916977881997e+01 1.831375188776462082e+01
-2.562262866585748000e+01 2.219709539023243394e+01
-1.938574518867168450e+01 6.695376057581590601e+00
-2.325356798273610082e+01 1.027032474308807508e+01
-1.678631467731005955e+01 1.624240122037157263e+01
-2.391959021055515322e+01 2.304624311418097093e+01
-2.536922925471239409e+01 8.368719582382244226e+00
-2.074883099404579667e+01 6.782559607246418487e+00
-1.860249392135741431e+01 3.050063483458275826e+00
1.693926282465897160e+01 1.124099971443100587e+00
3.073888833997428449e+01 5.312244051904965403e+00
-4.295860595968117757e+00 -1.115262045574113614e+01
8.992528478101480260e+00 4.919887806868316282e+00
2.651043783674071896e+00 9.307051687083182756e+00
6.618167155462841400e+00 -1.332106121973930790e+01
-5.994624366849079955e+00 -8.427534055558465909e+00
-9.098664257060416816e+00 -4.286713456744103645e+00
7.569802493161803536e-01 -4.289476930879611238e+00
-3.866076875167109073e+00 -5.871870313105895356e+00
3.323116250285657713e+01 6.298097525201626468e+00
4.928111500022833269e+00 -7.287506533082478200e+00
-5.760369842834394127e+00 -2.408214092046430999e+00
4.090015473466634432e+01 4.195993037798632308e+00
-2.116810395888833796e+00 -1.059636295962817876e+01
1.389350096786922606e+01 -5.401406678068493505e+00
-5.103724205041720197e+00 -5.755894262782260462e+00
2.660884876569106439e+00 -1.649464418927800580e+01
-1.874130800579314027e+00 -1.265871583948940682e+01
-4.721361298760943903e+00 -8.384879658500732802e+00
3.905578634416329464e+00 -1.546908286683756906e+01
4.986213345765309946e+00 -5.614691979331617233e+00
-5.461188339386104040e+00 -7.852822542013049301e+00
2.756674163259187083e+01 3.247517537060492732e+00
-3.417174332491473177e+00 -3.146199526475754737e+00
6.554516170076865933e+00 7.304615335897670647e-01
4.826563649352434426e-01 1.059545970795251080e+01
3.884658650068899099e+00 1.060715454233543298e+01
-1.503546254371456614e+00 2.862408821723307462e+00
-7.156201770089245073e+00 -1.013416817950789195e+01
-8.944889574884082872e-01 -5.752866818353130185e+00
3.447460011981556249e+01 6.988604095731959731e+00
4.193617425242916141e+00 8.802808327932918786e+00
-1.088093522779411293e+00 -1.324845117927556259e+01
-5.295416221386782141e+00 2.774054989804397575e+00
-8.024168949508508675e+00 1.472491888390900172e+00
8.012945314027250632e+00 -1.789943176457182261e+01
-7.511911603954102290e+00 -4.593826328042287521e+00
8.768297383918765675e+00 -2.739748698736917731e+00
6.821299091566871420e-01 -3.170097514889511636e+00
2.692285341996639492e+00 -1.278504200254994139e+01
2.589571765029740291e+00 -3.689832865968343256e+00
-1.031925606280250740e+01 -5.739294519264245831e-02
7.505968658331494403e+00 9.523075074354103720e+00
2.424766729083933203e+00 -3.183886049154144304e-01
1.679219539516268256e+01 1.245871111409504906e+00
1.188953171034341949e+01 -5.170311542001145177e+00
-7.708861948993900093e+00 2.944101945443702739e+00
-5.793266022361976297e+00 5.144110161641539669e+00
-5.732820337348247530e-02 -1.446263646293118654e+01
-4.967047307075953100e+00 -9.214179267511788396e+00
-1.884661409000551791e+00 -9.210382119532912526e+00
-5.031201410351346937e+00 7.303052016157562498e+00
-1.178855708654096945e+00 -1.128926437878622480e+01
-1.890268636596056817e+00 7.860811162736421664e+00
3.304994281656048472e+00 7.772947776327167047e-01
-7.758873774202427853e+00 -4.884823523278081225e-01
1.621829116646850144e-03 -5.253023118628692423e+00
1.173070917928144041e+01 8.459781386180717178e+00
-4.202544771724316064e+00 3.143572041083429358e+00
-3.308371093520628747e+00 -6.974313721925896381e+00
-1.032325491638921733e+00 -1.441184156980237674e+01
4.139199219710524602e+01 3.435336235007070638e+00
1.159894155813244510e+01 2.547874086495837798e+00
-3.845170219015974666e+00 -6.911743085663114350e+00
1.965522218663929976e+01 1.720051300021964735e+01
1.143592115708248791e+01 -5.952632295129641093e+00
-2.574191981335142376e+00 -5.198114931451905285e+00
1.840094485910481303e+00 3.808310696309794352e+00
2.584331817326685599e+00 -8.861173875922704113e+00
1.105424111026663248e+01 -4.955784610547046221e+00
2.786398051207044801e+01 1.144611973045399189e+00
2.798113642325104067e+01 2.274523153983276091e-01
6.132111604164378171e+00 -1.376471625002888111e+01
3.515644335239055351e+01 5.132118795044175563e+00
3.044724215003675383e+01 6.440526200344461216e+00
1.488567358278307751e+01 -1.425221054983602542e+01
9.029749357959280687e+00 4.067813129887912993e+00
6.377423586184531423e+00 8.898055198024694690e+00
-6.740541354267064023e+00 4.509318187634382191e+00
6.965711756713024450e+00 3.961448746004468391e-01
6.133472093773166378e+00 2.685737166490677064e-01
-3.110324486559359336e+00 -6.438923014612877971e+00
1.086305186007095180e+01 -1.269735917082534016e+01
-3.392892371101362770e+00 -3.074486058732555538e+00
-2.584769863824350811e+00 -1.160877518022700450e+01
9.874662456508993102e+00 -1.063183613260983762e+00
-9.691529644611110328e+00 -6.534771445936253365e+00
-3.695777097668453415e+00 3.520595935900678319e-01
-4.116730073014731595e+00 8.050154271472655054e+00
7.493441031827539067e-01 1.840047768678035212e+00
-7.635782624895862680e-01 -4.540912405932744811e+00
3.349627697594411480e+00 3.313528396505592166e+00
6.698901496410758050e+00 -3.782943007959669313e+00
5.437420050657692627e+00 -4.558852627340577612e+00
3.318876655159931133e+00 -5.782222222183481364e+00
4.075151859452750713e+00 5.418412592157706875e+00
1.657871069320936641e+00 -6.667367495467212635e+00
-7.519642861685110979e+00 -5.886079299852840840e+00
2.157458524075662964e+00 -6.115573864306128371e+00
4.347865249898160478e+00 -8.603288522747405409e+00
9.854051072659482102e+00 -4.800211674180716592e+00
-2.033260395967499967e+00 7.465538376164134071e+00
-9.109244284899988386e+00 -6.635421160830135889e+00
8.436771285328330094e+00 -1.530067467263745051e+01
-3.926689951050641447e+00 -4.691230211580514009e+00
1.167431174498484125e+01 3.675098474440709140e+00
2.672383850979966979e+01 1.102944606919639414e-01
-7.471529893798646960e+00 -6.858386633517874920e+00
9.258635569304367152e+00 -8.767695390191263982e+00
3.224054586404339062e+01 4.826782390834432945e+00
7.163152601643349549e+00 -9.639807214007444003e+00
-4.751736798027937247e+00 8.135961879533439856e-01
1.108721077754198880e+01 -5.214616281443625212e+00
-5.871352219943009487e+00 4.380595924320874524e+00
-2.131035784426262403e+00 -8.770435776401408035e+00
5.724614847273098661e+00 -1.128854633648047034e+01
-3.995671859465192099e+00 8.212052470472078980e+00
7.157717218283932148e+00 1.021917586731117922e+01
-3.638105821603566437e+00 -1.450980545054704152e+01
3.266312138951361987e+01 7.859976868025308150e+00
6.895842545186248174e-02 -1.020158784526519868e+00
-6.763852469637672726e+00 5.879018108461667502e+00
4.818483985363370081e+00 -1.235997663611065356e+01
2.202456619089878664e+00 -1.092899707099176609e+01
4.225132284090132306e-01 1.056637705553003137e+01
2.637234176647644546e+01 2.738003758249773489e-01
-5.080626960942127290e+00 -1.310591667911825908e+01
5.779410274909241529e+00 -4.404361908830555450e+00
7.339622897944593216e-01 -6.347065805135545524e+00
-1.086060226929044914e+00 -7.670379826082576180e+00
3.202045000882684178e+01 6.152255385870356363e+00
1.617515541576818450e+01 1.368787254683793808e+00
2.338718658726922861e+00 -6.145044754185529090e-01
3.961440565395676572e+00 -7.428185977219535552e+00
9.832020769442797459e+00 -9.000747528846826384e+00
1.078518970600441129e+01 -1.205658607133826621e+01
-8.287151104676944158e+00 -6.458568394861086581e+00
-1.449628176904328880e+00 1.584276600033081017e+00
-9.063606051707375766e-01 -1.254227529210391978e+01
-3.371435813900880429e-01 -9.234029436084361109e+00
8.388832890796512842e+00 -5.848122366343997847e+00
-6.192970948097694439e+00 1.047254863971739702e+01
6.116525137856153371e+00 -1.111319753458307424e+01
1.199621276987967811e+01 -1.245092705211840389e+01
-8.085265113304071605e+00 -7.513016645238725921e-01
-1.131083397696766468e+00 8.465149889213039458e+00
3.176365731628482347e+00 1.303613071805011514e-01
-4.811608434425256320e+00 -1.581920477362328992e+00
4.458881268891677685e+00 -1.234307823071191734e+01
1.216284152458669787e+01 -1.277233144348166682e+01
-3.541981552174894521e+00 -9.848396218796953150e-01
4.755195682325415341e+00 -8.504867305479789863e+00
1.187108785743660277e+01 -6.315995478124108331e+00
-7.091510162620992652e+00 -5.678555164465621807e+00
2.953398819164481104e-01 -1.271266026392007831e+01
-3.100712723562773387e+00 -1.296079465000926056e+01
7.550200336346196472e+00 -5.948688229863820176e+00
3.176930935105733056e+01 7.834978631226836576e+00
-7.963827873455386452e+00 -7.288282686758923212e+00
6.680950186082043274e+00 8.816009145502496480e+00
-1.342381560452938327e+00 -1.168591253292304843e+00
3.333559233865661042e+01 6.434521952612360707e+00
-1.032205809800484708e+01 -5.744684517572582610e-02
4.247157237345266623e+00 6.199494270407367225e+00
3.564190060713584352e+00 -7.408921786989379754e-01
3.234507963902333305e+00 -1.687289620867839623e+00
-9.626896443839083162e+00 -5.973496851340526881e+00
1.160844470110382076e+01 2.765371963554057011e+00
6.759436356718524941e+00 7.174509921599629081e+00
6.104015598409747057e+00 -1.120653805872563602e+01
1.327344241993270835e+01 -2.137609217814931739e+00
5.020378343841112034e+00 2.562573069564029637e+00
7.485229946343472385e+00 -1.287585455972076076e+01
-4.550884587040394891e+00 4.433563775353700720e+00
-8.147342764488055167e+00 7.835770038542641203e+00
-7.972819434462699917e+00 5.093716821993666599e+00
7.848198490709378250e-01 6.044495205891326606e+00
-6.391730757010668285e+00 3.990183204419951668e+00
1.076877189760314302e+01 8.326733916943735991e+00
-1.198971156673578120e+00 9.964255891914114427e-01
-2.081308935320718145e+00 6.062813846174571530e+00
1.960219922424434102e+00 9.568559840073326939e+00
1.772191028180836625e+01 -7.339009859817781312e+00
1.427681193770856893e+01 -1.115996217322177131e+01
-1.952512148327402386e+00 -1.628789750886995691e+01
8.155246963978235897e+00 8.989563901941252766e+00
1.979596486940179423e+00 -1.198172455687776328e+01
-2.287846700267273103e+00 -5.285892297995205880e+00
9.876891983970555344e+00 1.134196335537469125e+01
-4.342866351217339549e+00 2.988127684468982803e+00
2.551938665187410393e+01 -5.226129574756135932e-02
-8.600619554731168126e-01 5.466835223592002357e+00
6.687524283107410206e+00 9.763775164496196979e+00
-5.726395190402711499e+00 5.289883441356797000e+00
1.254867795926315921e+01 -1.912136190103878253e+00
1.145075066501250305e+01 7.629146779937017619e+00
-2.252040730914572464e+00 -3.755094873454615012e+00
-7.094224700307990794e+00 4.238663705290406369e+00
1.369026163741597557e+01 5.908567006175611702e+00
7.095186446783755763e+00 -2.471813989438969905e+00
-8.947990545217818337e+00 3.423014306875450163e+00
8.562867610117086414e+00 -9.763906758166617905e+00
1.068542894937013266e+01 6.781969716606917054e+00
-3.189477765981877155e+00 3.290822250829927409e+00
8.079064708742579981e+00 9.225783429387714563e+00
-1.832714793224087924e+00 3.422683566468129879e+00
3.252785280004186319e+00 -1.178012826735434615e+01
1.157693059916613620e+01 -1.500231604395250251e+01
3.248592276634529696e+01 5.688862900973257197e+00
1.542280063059923911e+01 -4.054149941230542176e+00
1.077794132899487423e+01 5.576529655549704145e+00
4.056686366747884875e+01 2.668395878326258686e+00
3.364393239972861238e+01 7.583289184864981713e+00
1.500592837013021352e+01 -1.414483635238717518e+01
9.087731695128308473e+00 -1.303025933734286568e+01
9.218163408496748090e+00 -1.454278339700773159e+01
1.034694242145570620e+01 -9.693997822011580112e+00
3.151219960598166114e+00 -7.788664868315255063e+00
1.617355288446443495e+00 -1.386511975185347367e+01
6.470388441219347975e+00 7.440693187235008388e+00
3.950007933039676011e+00 -1.559002495677084710e+01
-6.041204082020388277e+00 -7.859070732573148810e+00
8.568137566876147915e+00 -1.220394315059616019e+01
-7.338098910726320590e-01 -8.492934179489688873e+00
9.054584987732624768e+00 4.535962516682737977e+00
6.210422688954254866e+00 7.898814910681082324e-01
-1.661854777504879310e+00 -8.801808104081496609e+00
5.902549126740274765e+00 -1.513151257015981521e+01
1.587931144663312644e+01 1.877120160631043699e+00
3.723368112095606808e+00 1.134315851541711417e+01
1.133786350040831614e+01 8.267973960645116804e+00
-1.435652372910215080e+00 -2.876166160599912480e+00
8.693598278858546635e+00 -8.426318641875571558e+00
-5.084789348312552804e+00 -3.179974708459017751e+00
-7.860636625832323476e-02 -9.418786163423746416e+00
9.429353721306341640e-01 8.937546986193305898e+00
-7.269710985234145717e+00 -9.431602430118648073e+00
-2.757263646460353379e-01 -1.469459909364865702e+01
2.527467020133361775e+00 -1.009595426965827514e+01
1.046255548281053471e+01 -8.531437425964766064e+00
-8.968451176553758231e+00 3.405896715209362213e+00
3.264152392158964489e+01 7.655410564206169610e+00
3.729548297478630481e+00 -8.673600686879527899e+00
-8.383316347265362012e+00 3.408463633937488968e+00
-1.317072416765351139e+00 -9.723924383624389378e+00
3.404122832333988669e+01 5.440770932912307067e+00
2.750276770091613798e+01 1.748570720706569404e+01
1.363913632834415068e+01 6.019890940480883579e+00
4.155662960458910149e+00 1.215998410334171709e+01
-6.382907469009653667e+00 1.020867865857412582e+01
2.902971343409148197e+00 -1.148452304135743596e+01
9.180562212105504827e+00 -1.477201433847447554e+01
8.308119506462245951e-01 1.625180275237031013e+00
-6.917605325758477974e+00 -5.540005757384175666e+00
-7.187661077217224026e+00 8.815536947180804717e+00
1.540839415521432443e+01 -4.038548439417980696e+00
-1.350916010075872364e+00 -6.183511282410851351e+00
-6.540526752994846760e+00 -8.335741260298135558e+00
7.276609360497557688e+00 -7.457662546688054173e-01
-1.068686223932884261e+01 -3.533332409733973112e+00
3.166277381858178686e+01 6.531721127277303474e+00
4.051376620857194411e+01 2.680675006939628791e+00
2.267859339473493330e-01 -1.132661185817843652e+01
-3.566830412699899533e+00 -1.822170864017261138e+00
-1.517421807025999048e+00 -4.222315297670429679e+00
3.638972901509907043e+00 1.093839720948502325e+01
-5.690603425005114957e+00 2.827892709100199742e+00
-4.473111071439679343e+00 -6.577811859891391499e+00
-3.879247436369147373e+00 4.518307802008139085e+00
5.917016355716954834e+00 -6.351833906111942873e+00
4.017134528149830430e+01 4.008780787751154762e+00
2.830415698307898253e+01 3.654165865703861371e+00
4.103952537760820718e+01 2.811902329303704651e+00
2.606817415998616738e+01 -1.725470780016050698e-01
1.352484088977924659e-01 -8.598396907398250022e+00
1.643898303519272375e+01 1.077929846334744868e+00
4.201877363552071643e+00 -5.881067265341521022e+00
3.460386845285842838e+01 5.309919395969693312e+00
-1.918494698724641512e-01 -9.059262582139117725e+00
1.010381499830387941e+00 -9.460146818407331182e+00
-6.373702922361867973e-01 -1.159257926161463814e+01
-2.552383900033112329e+00 -1.035089089768357695e+01
3.184317689071025370e+01 8.952874905684693019e+00
1.685009721575806552e+01 8.411273232884041162e-01
-2.239264772473128051e+00 -1.671614885003861062e+01
6.273530304442556549e+00 7.441164342195181192e-01
8.524492476427514731e+00 -5.546482428824698552e+00
-3.230619062301750333e+00 9.134188531691975754e+00
-5.959541462453220362e+00 -9.106244350984146863e+00
4.497802026321974234e-01 4.430739124004070106e+00
2.936685889345021394e+00 1.018721990153461121e+01
4.098200071571766578e+00 -1.177707989418801127e+01
2.925424103186482938e+01 -7.489083538269536433e-01
-1.063561231823952191e+01 4.320537923331791319e+00
6.867743044616926085e+00 8.606624266983093463e+00
-4.725774628351885553e+00 -5.230861947795357736e+00
-2.289328048455766318e+00 -8.785050314195164134e+00
-7.628916720521892181e+00 8.399909951301030020e+00
1.433616314264534708e+01 -8.615178069767592817e+00
-1.549831720171276350e+00 -3.004640141965003508e+00
6.498237334832061229e+00 -9.260079917360695134e+00
-7.940571570460060791e+00 4.184291902082495795e+00
1.379915611654151419e+01 -2.449269668515628773e+00
-6.885964680745672029e-01 5.699651944294259032e+00
8.574548115347289112e+00 -7.447972380557747130e+00
3.342630569228842941e+00 -8.807510585681191273e+00
4.082521565448147527e+01 4.371212734976625214e+00
-5.899097680739388672e+00 4.001724844719768193e+00
2.887075270952416517e+01 1.711851382244167041e+01
1.336175195665878279e+00 -1.107932671233220923e+01
6.547350987833523706e-02 -1.459457505414464151e+01
4.294121080652150368e+00 8.439990290790383654e+00
1.681858428153433493e+01 9.784890476534048309e-01
1.142340519691640921e+01 -7.363664283665182886e+00
3.309021940135969064e+00 -1.727670253435299452e+00
-3.132093157764851199e+00 3.945252191751156268e+00
-3.579081245586239746e+00 2.123198876389481793e+00
3.373023212053092301e+00 -1.428104578628855315e+01
-1.090493845213743995e+01 3.956622890454358998e+00
-1.344828869749676858e+00 -9.177756022966320870e+00
2.756040384860886405e+01 -2.967487022093704407e-01
7.615193462630229781e+00 -1.574331542387228211e+01
-9.096897183774169449e+00 -7.067787321910349085e+00
5.315339007274834104e-01 -1.033478155673981824e+00
3.409598219529438978e+01 5.537872125803639634e+00
-2.622494689333140450e+00 2.867811564235925870e-01
1.731021527920111047e-01 -1.531016689738079428e+01
-4.068951042930925688e+00 8.150734415486645901e+00
1.156618406005532673e+00 -9.612626029072600886e+00
1.121321137443185378e+01 -9.677186700205636427e+00
9.175778503026528199e+00 -1.038847693277510764e+01
3.456150681186023754e-01 -2.586058775603062632e+00
1.167864818099880786e+01 1.394859487488635308e+00
-5.597962604850690305e+00 1.233205584293808110e+00
7.474749583231768746e+00 6.915341088686279392e+00
-5.015501440626638496e-01 5.723659748802873537e+00
1.024101107025189705e+01 -7.274215514982457442e+00
1.638301019428078265e+00 5.616235422889005235e+00
4.104936573332156752e-02 8.118958428450486764e+00
1.598626848010142965e+01 1.651673097368722587e+00
-6.092035006198361025e+00 -5.339960525785536483e-01
7.705271184631041770e+00 -1.093954935065665701e+01
-7.150374159953044817e+00 2.018424698523581640e+00
-4.262768360284232116e+00 -1.060088891662245736e+01
-8.841873439043607119e-01 -1.072650461367547337e+01
-2.376109014531015973e+00 3.369945037807037469e+00
-3.487023078474366655e-01 4.005932734871985978e+00
4.021317734929736432e+00 -1.001592982808098320e+01
2.893919446772269310e+01 4.366444459165889747e+00
5.874382715404471433e+00 -9.007863603451820467e+00
-2.494210740980364438e+00 4.389945424939795338e+00
-4.692323905395442196e+00 2.960987797881640571e+00
-3.309859569556260261e+00 -8.241945625671116105e+00
8.176615032974630992e+00 -7.650657824060028922e+00
-4.335744775367449400e+00 -1.041825296932543843e+01
-4.345305250618594073e+00 -3.028245118079808229e+00
3.757064965673027501e+00 8.433677275051273625e+00
-6.923551339473484667e+00 2.441434974874453268e+00
3.144320846310472461e+01 7.563883588862556628e+00
2.621488890228678148e+00 7.196998395816585514e+00
-2.500013999824117761e+00 -8.593279764115731467e+00
2.484341243450270298e+01 -4.733121751538852395e-01
6.986956990161623526e-01 2.224982834491904704e+00
-7.823125233471650120e+00 -1.189649942525735860e+01
1.907574817000050160e+00 -8.320118050683062094e+00
5.667901042594385430e+00 7.281847648935360517e+00
-3.546419395985185741e+00 -1.576877750865932271e+01
-3.191639384669225254e+00 -4.067202358316696298e+00
2.709990699469679498e+01 1.747003807791846342e+01
2.863221023204198357e+00 -1.273352985675504989e+01
2.755097752614683060e+01 4.203770111909634899e-01
4.988321027535783436e+00 -7.497281152623217260e+00
2.104497355987572094e-01 -1.057377100195637887e+01
-8.468937021184698821e+00 -5.585285986494335830e+00
1.529762178936817651e+00 -1.766908892526739550e+01
3.336973545545928399e+00 3.128835149035372520e+00
8.979836889064682026e+00 -8.939052924733376315e+00
-7.055139026418487447e+00 8.261426131436593323e+00
-8.283516500242578573e+00 -6.971366771766596138e+00
-6.004930289775512797e+00 -1.149949739987884989e+01
1.090603183228480155e+01 6.255364144055469922e+00
5.270605848022036355e-01 -1.291330821579868626e+01
-1.573674482881867842e+00 -9.703941079354997612e+00
-6.052929090339402407e+00 -1.083714731908977669e+01
1.222646053979798708e+01 -8.664045596110165448e+00
-6.966884898007397631e+00 -3.130467624354439149e+00
1.500450538504946074e+01 -8.193646842599589419e+00
-4.692110790616528249e-01 -1.437991598342053301e+01
5.723807141289321443e+00 7.094038749289712342e+00
-5.330911309668418419e+00 1.070899302678031262e+01
5.587738085729329285e+00 -3.260132096669275281e+00
9.577385613872040793e+00 -1.089077169261699218e+01
1.944295107350569651e+00 1.244761967281544912e+01
1.318795676633950187e+01 7.097905934726565391e+00
2.837548931360104998e+00 7.277040146703709134e+00
-2.451975191889458561e+00 2.392579761797569482e+00
-3.168963405180051929e+00 6.195446251947224425e+00
1.262117105874099643e+01 -3.714803383029379180e+00
2.889091702693326713e+00 -1.157419398417843759e+01
-1.074403488684388952e+00 -1.429134168682046813e+01
6.399056745727961015e+00 -1.299914342547933899e+01
-2.416583502422021468e+00 -1.029727863906012075e+01
1.279661369500244561e+01 -1.002523411826219579e+01
-7.824985077708832115e+00 -1.198187179628093624e+01
1.071773700074418123e+01 -1.115903973860260301e+01
3.427135835781227158e+00 -5.599831908307427497e+00
8.352197617366705629e+00 -9.676121575569419875e+00
1.074075015156650537e+01 1.209426482669372938e+01
4.067812548851035714e+00 1.188089110537269022e+01
2.921474040259461002e+00 -7.651846031804780957e+00
2.377553113160643150e+01 5.282593889407550591e+00
1.628023271741144740e+01 -1.109700490356695646e+01
1.227838216035052632e+01 -1.167093218293397960e+01
-5.119715093695577757e+00 1.869883748320640082e+00
4.089404913543103248e+01 4.252886325648503885e+00
-6.956199151735103392e+00 1.887378270755171616e+00
9.181792783647759748e-01 1.414004518644371933e+00
5.963686836829358739e+00 -1.345402353025378694e+01
3.334728315703316781e+01 6.898301337752914542e+00
8.032783589938555235e-02 -7.141720743921773362e+00
-4.901020279565074134e+00 -7.587738184281133336e+00
2.580961948302459064e+00 -3.671803071381268158e+00
1.552363887539298481e+01 -1.348466977265859867e+01
-5.919667217966007478e+00 -2.941521524463388104e+00
-8.760285328624808798e+00 -1.007415712456210777e+01
-5.936089441928185551e+00 -7.032190986626289941e+00
6.723756678611676030e+00 5.200034828587476454e+00
-5.252131656645012137e-02 -5.728878757941457955e+00
3.632116180828327767e+00 -2.100095090136401499e+00
-3.343753899786015893e+00 2.797888627481186941e+00
7.927817752574359389e+00 -8.684980868616293037e+00
1.268164328411426345e+00 -5.138847127011895388e+00
1.055271976392331545e+01 -9.308366812735039630e+00
-7.293467294227926168e+00 -2.292754894652262898e+00
5.075421455759580702e+00 2.409774102883107894e+00
1.683618896632788076e-01 -6.715314942731787085e+00
8.504219733023408168e+00 -4.170529263340486459e+00
2.775699757764981257e+01 -8.415053896358141161e-01
5.312174364567361362e-01 -2.763631920074075765e+00
9.110257342534863412e+00 -5.617611300576171862e-01
-9.494505879828709638e+00 -8.846873957523495591e+00
-6.205156326699150959e+00 -4.989903002986816993e+00
1.077492863352888897e+01 -2.662479551960584612e+00
7.087121703152342300e-02 -1.097916894719728553e+01
4.727704482772440819e+00 -8.915622680072907258e+00
-1.509352976520106360e+00 -9.823896549512405318e-01
-8.757832147132646128e+00 -1.015624795961323734e+01
-4.871118530842688976e+00 -1.301585199661024994e+01
1.080204467857104866e+01 -8.776230110006782326e+00
-4.567659998780718489e+00 6.634063259887502007e+00
-3.127297630319011201e+00 -3.753875233704173198e+00
5.911811079193562080e+00 -9.065340991290085526e+00
6.374299090007541224e+01 1.598721209170550495e+01
5.558849036352707884e+00 -2.790141167910684228e+00
-4.125734322455381076e+00 -5.131426847419927384e+00
-2.289972658499291924e+01 -1.536467330230687445e+01
-2.122226397299216671e+01 -1.736138856905622063e+01
-2.466732729180561634e+01 -1.513187858114376461e+01
-2.039237168603661488e+01 -2.465966158399345787e+01
-2.622794624295807253e+01 -1.909964064401598449e+01
-1.904140954108684980e+01 -1.858700107268648694e+01
-2.684019575162537308e+01 -2.115916110618816148e+01
-1.640337445246561288e+01 -2.105558462620582105e+01
-2.675776714412673130e+01 -2.358385012008494996e+01
-1.863162972254570349e+01 -2.871378474435137207e+01
-2.780298137816350135e+01 -1.304548581198569401e+01
-2.363895136709064815e+01 -1.906093294751038059e+01
-2.824730837446652387e+01 -1.983842279827743837e+01
-2.043062945833714039e+01 -2.330366420952096007e+01
-1.899190372161973883e+01 -1.784778045039388772e+01
-1.958764198038305437e+01 -1.983237362277325744e+01
-2.670314999185687554e+01 -2.157801543453970794e+01
-2.403935315587206389e+01 -2.089469800345770167e+01
-1.907952108746268038e+01 -2.118589205115023333e+01
-1.093262812011658092e+01 -2.194334525064392238e+01
-1.819736757019703433e+01 -1.611479407462135782e+01
-2.051796939308872325e+01 -2.218302377897377298e+01
-2.097871248862329097e+01 -2.440133759345447828e+01
-2.130015546253527958e+01 -1.895412151359507291e+01
-2.847229020217905315e+01 -2.263863759041855772e+01
-2.254164441857534840e+01 -1.956727947463349437e+01
-2.831582389967788416e+01 -1.966702842751023539e+01
-2.707366011355841806e+01 -2.533089700466521776e+01
-1.506944810725197925e+01 -2.597807260242955962e+01
-3.008291716957212714e+01 -1.801122536058471368e+01
-2.288233619086117088e+01 -2.643818193552081297e+01
-2.081392415310179089e+01 -1.937079828829978467e+01
-1.460630335776902733e+01 -2.926432076184568842e+01
-2.487602623788412970e+01 -2.159649294270370135e+01
-1.780586636618753360e+01 -1.267974527524498463e+01
-2.709573873843602598e+01 -2.208613600568205015e+01
-2.912893938382559966e+01 -1.967939747160468045e+01
-2.174288075677437249e+01 -2.241824538964018032e+01
-2.642557328437214892e+01 -2.553747940276326389e+01
-2.181344361812771027e+01 -1.481446855050677947e+01
-1.996094966474254306e+01 -1.799621319871904035e+01
-2.225971410735089506e+01 -1.467355765293168091e+01
-2.773549671416678208e+01 -2.149345501441570150e+01
-2.237000427333151009e+01 -2.253304015980818420e+01
-2.577846787611490953e+01 -1.574786005094211205e+01
-2.279476706335148961e+01 -1.526159399064757771e+01
-2.588270833693007944e+01 -1.511932799763222057e+01
-2.094403714063741972e+01 -1.777660734311059088e+01
-2.274475945391309750e+01 -2.392040056174417018e+01
-2.644524045895791531e+01 -2.265679564722988459e+01
-2.728704261910840145e+01 -1.462451934662712461e+01
-1.487932187444536503e+01 -1.840849593060455547e+01
-2.305384964813194060e+01 -1.076604966675647290e+01
-2.424257302721931495e+01 -2.318071168984620556e+01
-1.852163635841334610e+01 -1.722091334266365337e+01
-1.483532651930774371e+01 -1.944109142395550904e+01
-2.507585101046852927e+01 -1.415128391459244916e+01
-2.249971319937442971e+01 -1.868779284009436026e+01
-2.399372451770483750e+01 -1.296450690946715056e+01
-2.186000827377766242e+01 -2.478953785298936552e+01
-1.617248139683579922e+01 -2.427906577038884350e+01
-2.140795964805529650e+01 -2.226561354402464588e+01
-1.528033740645921235e+01 -1.236765143646624665e+01
-2.528551570873897703e+01 -1.134257006923864530e+01
-2.932582236006684084e+01 -2.193391215355808299e+01
-2.442566905900531538e+01 -1.787387113745871403e+01
-2.068803391693431593e+01 -2.638799831776852756e+01
-2.144475265642982009e+01 -1.728223752756931830e+01
-2.838966439592469015e+01 -2.084060489605633393e+01
-1.740140069527982547e+01 -2.631565052984887032e+01
-1.566576232311387606e+01 -1.653650763476507279e+01
-1.971569428969985793e+01 -2.549373577952212244e+01
-2.482832526681335139e+01 -2.067623759235438996e+01
-2.626848585162271377e+01 -2.623581865372830180e+01
-2.205553212106263317e+01 -2.151412915004797810e+01
-2.579729928222581492e+01 -2.684766745515532449e+01
-1.429992523569972640e+01 -2.244761218087295518e+01
-1.815564160262815818e+01 -1.330175956351612321e+01
-1.952539197250666092e+01 -2.255007497766844793e+01
-2.700859514143746409e+01 -1.607475072709476294e+01
-2.482094818767550493e+01 -2.102057883527084314e+01
-2.294507083593218866e+01 -2.329835862312625494e+01
-1.774848467030666299e+01 -2.138651401999367252e+01
-2.585211393454277129e+01 -2.681930112564491608e+01
-1.342598285445429163e+01 -2.838782074910128017e+01
-1.493633245419289679e+01 -1.238142787901170294e+01
-1.312955324584036454e+01 -2.035109786500955309e+01
-2.064200591662742923e+01 -2.711973078628629708e+01
-2.797181403787539367e+01 -1.304557853316290839e+01
-2.812511029429282772e+01 -2.133793744563283568e+01
-2.806890719312195870e+01 -2.033461850563192286e+01
-2.601520946206433393e+01 -1.610149933155388524e+01
-2.370451501506478564e+01 -1.945701930612338160e+01
-1.783437083227454778e+01 -1.844726705233966513e+01
-2.645323555553328276e+01 -1.439470022506814395e+01
-2.199843795063669205e+01 -1.308380418278558288e+01
-2.527145516569731498e+01 -1.139536428917990563e+01
-1.727864022862370774e+01 -1.223549140092039345e+01
-2.725338503555872549e+01 -2.367464430338862158e+01
-2.718481985442753412e+01 -1.320220108634388190e+01
-1.702682132752920197e+01 -1.283732140016047651e+01
-1.889712728528043684e+01 -1.685053615904423907e+01
-2.717445432564861107e+01 -1.750313026531386029e+01
-1.785053573857558007e+01 -1.736103582831438175e+01
-2.211223145458215100e+01 -2.651921649317477048e+01
-2.549449883585083398e+01 -2.456086334612492905e+01
-2.284559016753746263e+01 -1.523370469672309291e+01
-2.573154781313384376e+01 -2.734581899408756200e+01
-2.594649622352161700e+01 -1.475303435064529367e+01
-2.758881420523480443e+01 -2.113168976342020855e+01
-1.575641688561854892e+01 -1.499654754927344058e+01
-1.682092105363916090e+01 -1.435936030788526629e+01
-2.826977661565333477e+01 -2.643261469682954967e+01
-1.839908071700933689e+01 -1.185890921500524620e+01
-2.545230002932725455e+01 -2.016554072497017458e+01
-2.629981368970107880e+01 -2.008217956823246197e+01
-2.360911896328257242e+01 -2.467784603096314200e+01
-2.101138429614699277e+01 -2.413588030824459452e+01
-2.227858877741413579e+01 -2.574658185042798308e+01
-1.904703100304722341e+01 -1.472006271898542806e+01
-2.202248417884742793e+01 -1.346280884745768880e+01
-2.304742108469708484e+01 -1.063315532068035907e+01
-2.566234813238863310e+01 -2.336764498811470148e+01
-2.130194232673934351e+01 -2.606177525853150101e+01
-1.641673906237905101e+01 -1.970798341372276496e+01
-2.117725083792983654e+01 -1.313213416691644397e+01
-1.817417241688678686e+01 -3.134210788083053956e+01
-1.892214205055048026e+01 -2.455671698131442682e+01
-2.428812252359068324e+01 -1.625384894132773539e+01
-2.727239912890747320e+01 -1.799992510097507292e+01
-2.723170407963558048e+01 -1.927004965350331389e+01
-2.186851268387484026e+01 -1.283195963839814979e+01
-1.467956374507965833e+01 -2.932108695485509031e+01
-1.745976366502478427e+01 -1.415620835625095353e+01
-2.534568307847138868e+01 -2.250044934664635932e+01
-2.818995610430427234e+01 -2.284849365196674142e+01
-2.311061347342575445e+01 -2.795728775202614713e+01
-2.170601774520500626e+01 -2.374607056845335507e+01
-2.493424221087303039e+01 -2.357950062481720721e+01
-1.688564445970562744e+01 -1.656199288744428699e+01
-2.592688109557715848e+01 -2.062764208403702426e+01
-1.611312850071778868e+01 -1.792011698371925732e+01
-1.549420749135864739e+01 -2.387211392669092902e+01
-1.739685404454682427e+01 -1.063929408308757552e+01
-1.197149256932489081e+01 -2.311085465847273213e+01
-2.197018799424829183e+01 -1.479020241137151004e+01
-1.339416336987044964e+01 -2.836632872043874087e+01
-2.207518937299807860e+01 -2.822967331399962987e+01
-2.250443529027465317e+01 -2.188253716004071947e+01
-2.214616654614471614e+01 -2.641837362935691758e+01
-2.465216550764802150e+01 -1.910747519459640387e+01
-2.933373218471418298e+01 -1.442664708661227557e+01
-1.790752384168087019e+01 -2.282366198382912259e+01
-2.276685369185839036e+01 -2.222509987172950829e+01
-2.104337008988767721e+01 -2.468747461095216167e+01
-2.298624473879790742e+01 -2.560300257400026069e+01
-2.783976374048573987e+01 -2.066519424299201191e+01
-1.917762167290132425e+01 -2.445240928463261554e+01
-2.338196852632625422e+01 -1.366626859008596107e+01
-1.621405771151288988e+01 -1.874211295802563626e+01
-1.386479664839905190e+01 -1.349895917693248748e+01
-1.834190573441577499e+01 -1.902601251208861655e+01
-2.504221161361237336e+01 -2.417361816477977143e+01
-1.862898617772372489e+01 -2.870636271082346269e+01
-2.537701544655292096e+01 -1.652200118792754324e+01
-2.560016210989482843e+01 -1.780732720512346745e+01
-1.586744801602479171e+01 -1.978527169901767735e+01
-2.303219178161007008e+01 -1.949005240844300246e+01
-1.670550134432875211e+01 -1.730214872853290586e+01
-1.944797078202890006e+01 -1.244641143084799673e+01
-1.344160366066476087e+01 -1.701807133735907485e+01
-1.942522223535268111e+01 -2.660139256941862840e+01
-2.912278720192087533e+01 -2.490590989337560046e+01
-2.588837434106665825e+01 -1.687896902752964579e+01
-2.069100560391737176e+01 -1.052897408493081421e+01
-2.419948748745426670e+01 -2.209104428300036815e+01
-2.287190939435265591e+01 -2.497028289926378974e+01
-2.591949084676272719e+01 -1.900828821536139301e+01
-2.755659403569828569e+01 -1.624486051215022542e+01
-2.070751186911253683e+01 -2.639230242466624787e+01
-1.645472482785609003e+01 -1.770231146534343125e+01
-2.075034732316646213e+01 -2.751736978253678600e+01
-2.379891345496251986e+01 -1.713170086942188419e+01
-2.887008061698544736e+01 -2.474760156270680156e+01
-2.355992792949518133e+01 -1.501160155368712701e+01
-2.735150240597172555e+01 -2.032548776249603506e+01
-2.230019943896536816e+01 -2.293732181866750963e+01
-2.604842950875697127e+01 -2.240711065262370383e+01
-2.221256583379270566e+01 -1.190553166700876453e+01
-1.742632930514659151e+01 -1.069187973393658098e+01
-2.465162492825610485e+01 -1.982655301945984760e+01
-1.990967503955517870e+01 -1.493305447440706502e+01
-1.095092938171488228e+01 -2.224164217188837611e+01
-2.076194311639459045e+01 -1.578751220784189435e+01
-1.899960883738604522e+01 -2.311819480153312867e+01
-2.426805007671618952e+01 -2.848326255907733540e+01
-2.426892222789473053e+01 -1.996233873542736248e+01
-2.162364388962481243e+01 -2.079192463800854895e+01
-1.861904387310466191e+01 -1.494870502947735780e+01
-2.472352009283739349e+01 -1.400331191649557105e+01
-1.623510219250789532e+01 -2.466371530133374179e+01
-2.053468392199854264e+01 -2.117301811861674210e+01
-1.827562231371901547e+01 -1.219752624698793220e+01
-2.653015458220119172e+01 -2.601551153997342070e+01
-3.006352155475858012e+01 -1.658033328838128995e+01
-2.114521299187768832e+01 -1.452830608804580415e+01
-1.617079036915802348e+01 -2.433149793313202736e+01
-1.817590281733006918e+01 -3.134783060343465522e+01
-1.737733050603131701e+01 -1.715068467364940830e+01
-1.662225684353122546e+01 -1.720042438615709557e+01
-1.910863469364582201e+01 -1.314095326500381766e+01
-2.586525215018709289e+01 -2.289614714135727169e+01
-1.798009946778427093e+01 -1.430288337739899340e+01
-2.669503157019340733e+01 -2.236837788888946577e+01
-2.653945190193756787e+01 -1.871119377446563092e+01
-2.682951002420320918e+01 -2.209204027038905949e+01
-1.439706460828852386e+01 -1.739177092042249839e+01
-2.545845339222357495e+01 -1.681021687425763389e+01
-2.142677030801185012e+01 -1.448789482852040855e+01
-2.289563958704285795e+01 -2.120243903853801726e+01
-2.829216914729145316e+01 -2.666924074375888054e+01
-1.986946063986325939e+01 -1.633396445773320949e+01
-2.650993321164116878e+01 -1.446360282844544187e+01
-2.491485512586388040e+01 -1.499516313529834477e+01
