-6.906490694037465516e+01 -1.952919466102977353e+01
-7.240373594483469333e+01 -8.431283052911888731e+00
-4.712703949818190807e+01 1.954818145272246710e+01
-5.771963558352985046e+01 6.260562199791750970e+01
3.700780267233910337e+01 4.972929873446500437e+01
5.398576231400962655e+01 1.060849409064391864e+02
-3.197755314520214753e+01 8.876145030320819274e+01
-2.829610193750735192e+01 3.256480291270865735e+01
-4.328752675020804475e+01 -6.767709672668601684e+00
1.067047275290234154e+01 7.300359284530308912e+01
-8.201601321321231808e+01 -4.945816653569072940e+01
-2.750952303749885530e+01 -1.463648966734588086e+01
-4.075547912333683342e+01 -4.525079345285865884e+01
-1.722317314034005165e+01 1.386751538717189147e+00
-8.484085430891585133e+01 1.250799557030068243e+01
6.472662091108684024e+01 7.479100604647308614e+01
-6.027857098438325067e+01 -4.398829977185761919e+01
6.026416629630809751e+01 -9.261859691760935931e+00
-1.919693610083157296e+02 -1.387361329901796125e+01
-6.228243553760995610e+01 7.246792860126001301e+01
5.477752849357073295e+00 -7.041841711520675062e+01
-9.245251139550296671e+01 3.126001771637851689e+01
-9.856505607853037532e+01 4.986312167687481178e+01
-1.202654986677492985e+02 -1.278319870850536688e+01
-1.283901869525849406e+02 6.449456757882624913e+01
-1.306040489377136993e+01 -6.665121498801011057e+01
-1.650005177149783897e+00 3.544952093129558079e+01
-1.846876037584923580e-01 -3.526712310446713161e+01
-4.345680658926696083e+01 -3.986923384332503417e+01
-1.490427018595696929e+01 3.116949613042117662e+01
-5.304516048599031564e+01 1.260142116202729845e+01
3.576976049674652813e+01 4.076104713120351164e+01
-3.514114549578664537e+01 2.781351807470964488e+01
6.678304948653197926e+01 -5.082185925623826428e+00
-8.442869261640927547e+00 -2.479905465894947980e+01
2.171952147168586222e+01 8.496946587599442324e+00
4.264430664981077257e+01 -5.628007310823473119e+01
-4.159836529309443165e+01 1.208678080055276638e+01
5.505731445133947233e+01 -4.308253677923513436e+00
-3.260935522094342076e+01 -4.229673179467166477e+01
7.094405571369596375e-01 4.751608590448930158e+01
-2.722868969325933008e+01 -2.001264372189237406e+01
-9.750063459897326368e+00 1.053514696770130570e+02
-4.901826426117610680e+01 -1.280681481884679407e+01
2.055351971585922310e+00 7.995860131829437023e+01
-6.836544239715571791e-01 -1.439599243125828423e+02
4.476869392775918222e+00 1.985845511366562377e+01
-8.971684445909174599e+01 7.713493418721941453e+01
1.834960332604255839e+01 -2.343847080891280354e-01
-5.020442887045399516e+01 -4.834411508853083461e+01
-2.367463457683622607e+01 8.295910782038063758e+01
-8.288934253556352871e+01 3.528233153954207069e+01
-1.073039177556576931e+02 7.934566973976278348e+01
-2.489724575904476112e+01 3.039088062746123242e+01
1.738681564121383261e+01 -2.654386416466502396e+01
-8.886967021490963248e+01 -5.541173800646367198e+01
3.915339067126162309e+00 -4.295218758313292540e+01
-4.902270434131275323e+01 3.181886702754524521e+01
-2.036258842051269502e-01 4.001169807700236447e+01
2.072108315966373837e+01 -7.484965310150184337e+01
3.866719252849561883e+01 6.571951565314869015e+00
-6.002377053159845133e+01 -8.944940111497805901e+01
1.133861422965674990e+02 1.435216799724199888e+01
-1.314727459799326326e+01 6.142723704360215464e+01
4.676832373672733745e+00 -2.403379387732176653e+01
-1.491828258323920231e+01 5.912007818255325731e+01
8.046946643895375928e+01 -6.309075231517055293e+00
-1.312942788442885700e+01 -4.697792550959974278e+01
-4.403199192026694675e+01 -1.651232383100073875e+01
3.759938612657624901e+01 2.207850103644112849e+01
-7.752755776446900882e+01 4.904057787395085199e+01
8.215114602020197765e+01 1.897812539078657323e+01
-9.362962823371914567e+01 -1.039038314542127637e+02
-2.449070968767985335e+01 5.563331931360136196e+01
-6.249792465235711347e+01 -1.210583294602142530e+02
1.094073639656947350e+01 -8.240345635354952947e+01
-2.330518760864218919e+01 -2.973242298678123952e+00
-5.550246079741673100e+01 6.637345428180627493e+01
-2.532171871367383886e+01 -3.833968053850210111e+01
4.255035343823817584e+01 -7.145669361084461002e+01
-5.019848977356388531e+01 9.209092017468466507e-01
-4.417132233015072273e+01 -1.008128801993405972e+02
-6.149502438782747760e+01 -5.225232637876836606e+01
7.657811786555962286e+00 5.521342480959264520e+01
-2.585646655537578997e+00 1.832415745326128231e+01
-3.464330625531871277e+01 2.150719127446255641e+01
-3.237222810022274899e+01 -6.528597613282990153e+01
-7.263077032162790658e+01 -5.689275100301983912e+01
-1.012323025675311783e+02 3.563376522822220949e+01
-1.062002110255616856e+02 -5.425106172620150602e+01
5.916340266487097210e+01 -2.398074017393837210e+01
-6.243865434911891299e+01 2.622710626242716714e+01
-3.058431661646326916e+01 3.818322065280962185e+00
-8.032221095764700181e+01 6.247232091714847613e+00
-1.237292183556976966e+02 4.151898239775663768e+01
-9.296478248136585876e+01 -8.462293562485516674e+00
-1.963873975146651389e+02 -2.166122646160930287e+01
-5.549558099766066732e+00 -9.948969339659189615e+00
-7.864420288039219997e+01 -2.239179245896638193e+01
-1.254739036031199717e+01 4.347201454715980162e+01
4.445639327895298720e+01 1.343698122269902129e+01
1.018674869031270802e+01 -2.453889817641312021e+01
-7.742447705791485646e+01 -9.854021930333742318e+01
1.002692554025327212e+02 -2.342949906579976727e+01
2.600769817803709927e+01 -1.104874337371413446e+02
-6.244245259592147335e+01 1.999818704357229393e+01
5.345086467799924890e+01 -3.223639906605400540e+01
5.131443675932732873e+01 2.402434146944806059e+01
2.537350723268375319e+01 -9.907306342966508694e+00
9.341424960825897017e+00 -4.192842642687074317e+01
5.146360685427662673e+01 7.494483186500440297e+01
1.190209732973467993e+01 2.100139040218305198e+01
-4.019219436095400511e+01 3.915613005792637580e+01
-3.364945578514035418e+01 5.600527295033258923e+01
1.646067878445987631e+01 5.474980322311709102e+01
-5.040854112488781169e+01 -3.647758495545708968e+01
6.296609735720168288e+01 6.868717967366064769e+00
3.710346252038450388e+01 -3.371519931039532736e+01
-7.190826142619999928e+01 1.975929529245117777e+01
-1.225593321458010365e+02 5.383504814353298862e+00
2.756911460455502905e+01 -9.203674720652175179e-01
3.769165402479919891e+01 -8.054077649113847315e+01
2.555288113873828948e+01 -1.762443296773096080e+01
2.318727277778941342e+01 7.839246199543225657e+01
-4.904697438221444372e+01 -7.019724577430231705e+01
-2.027127622192755751e+01 6.826389749260093254e+01
-3.971490803117096391e+01 3.322972774649557692e+01
4.694140068802210664e+01 2.665040400691175293e+01
-9.683587058350013876e+01 8.631761750828516710e+01
-3.898705382280714282e+00 -2.945670780079819195e+01
4.224351134421302589e+01 -3.433513791907399337e+01
-6.492507876484054030e+00 -1.075257569890782321e+02
-5.570569483272625178e+01 -5.724408077958176477e+01
-2.198723946183627120e+01 -2.090846732455745638e+01
9.310076640135217474e+01 7.729339683014271145e+01
-8.555341194650713987e+01 4.732895769111076589e+01
-1.731727505978169290e+01 4.939543204650667718e+01
1.598997704275149800e+01 -3.674214060142856653e+01
1.950683858669889759e+01 3.300020692254526722e+01
-8.106153593946922342e+01 -1.315869268732417829e+01
-3.470544303737653280e+01 4.789477175421652078e+01
-5.538247698729454882e+00 3.569942429967107245e+01
3.349004875459768726e+01 1.084244268592493370e+02
-6.486128181320633246e+01 8.232738949882065782e-01
-1.356621293284251628e+01 -1.281411098142509957e+02
5.268198045096924176e+01 -3.370593239710111533e+01
6.028591430717433042e+01 8.333313820036065689e-01
6.977453826597870545e+01 6.395144752110908115e+01
-5.638575085301363998e+01 2.572689586831102204e+01
-4.779149187623840334e+01 -8.125407928359771859e+01
-3.805853253916533951e+00 1.321568974755494175e+01
-5.990811121011414286e+01 -7.095835529582993217e+01
1.997826908786744937e+01 4.234957350170149226e+01
-5.025508253170637829e+01 8.282219060370280772e+00
-1.048993077339386417e+02 -7.356376046860580686e+01
-4.787713596651400394e+01 -2.321358050176921495e+01
-3.534171145004301451e+01 1.100056087291371938e+02
7.456018852296499233e+01 -4.142287349953794973e+01
9.244863579213143723e+00 1.599237618154289819e+01
-1.435396029380781329e+02 9.277507340143971248e+01
-2.138090623249055611e+01 -6.494325314643140246e+01
-4.242143059227885260e+01 -5.591734685085481971e+01
-2.959800077500286974e+01 -8.278808162992879716e+01
-4.158256948233816530e+01 2.868624840356073591e+01
-1.061089607980600675e+02 -1.294056592605912881e+00
5.263467061655780554e+01 1.721268325840215851e+01
-8.443749079316280870e+01 -3.501591809232337482e+01
-2.780834846786064674e+01 -1.417063788674839202e+02
-3.525933669659819714e+01 -2.183600644618208619e+01
-4.397915532453262699e+01 6.634547117878999245e+01
-1.081672916156359143e+01 -5.581536629957857087e+01
-3.255882899330990732e+00 5.779773490917204271e+01
-5.627976343620682087e+01 8.096051816879082708e+00
-1.026581999093886139e+02 2.904079457391245001e+01
-2.722121480052052789e+01 -4.967812537047260690e+01
5.433213192193760932e+01 3.905906792215211976e+00
-1.221998647257575321e+01 7.035352311406691683e+01
-6.541815409027067574e+01 -7.179997776571060086e+00
-5.977837991091669068e+01 3.018753487464298946e+00
3.257474120611475854e+01 6.473281964849165604e+01
-1.604951344801527213e+01 3.903293046191797089e+01
4.488541671578754233e+01 -1.247253156887222403e+01
-7.040466738790418333e+01 5.814398637999122599e+00
8.087965117990471242e+01 -2.202523937471607240e+01
-7.322442427218007310e+01 -3.252863367683526263e+01
3.820365596095285099e+01 -1.274865572909400946e+00
-9.846989509811969299e+00 1.891307828240945526e+02
1.910976617858555571e+01 -6.541138610096372474e+01
-8.212371722901397675e+01 6.421098648890509253e+01
-1.090079335734206438e+02 2.332332984253223174e+02
-6.301816224259128063e+01 1.275859992487108663e+01
-5.379411089566995940e+01 -1.435154516176332891e+02
-1.051475314184777545e+02 -8.034840511672263119e+01
-2.191851725885231872e+01 -1.106996778304844469e+02
-7.197117312565264058e+01 6.317413450203801517e+01
-6.570198717883157258e+01 3.488255752970619739e+01
-5.415989421267342863e+01 -3.090852847544189075e+01
2.019781197392091698e+01 -4.253895794995879243e+01
-3.265092475453438681e+01 6.596514547980012821e+01
5.750009154349297091e+01 8.103963314294524878e+00
-3.878930186284260628e+01 -7.287723731535275817e+01
5.183455540480093049e+01 -1.315885602736086213e+01
-3.240954545743378645e+01 -7.242264042750242936e+00
-9.933671003890427897e+00 7.249567241820373376e+00
-2.068658750775851374e+01 1.090366199754638643e+02
-1.116283995773239184e+02 -2.699157219062015045e+01
5.758349017909150547e+00 -5.363236347691483985e+01
-6.354591323504040901e+01 -2.782326102063731099e+01
-6.877320488400565068e+01 -5.397244883852955866e+01
-3.865710796962550688e+01 6.084961168179020063e+01
-1.600926955554591657e+01 -7.564115918232943159e+01
-1.141082737780345191e+01 -2.941806966634237241e+01
-2.674583074387943427e+01 1.956358865178212270e+01
-3.751477436901523532e+01 -1.055895963702860598e+02
3.558354243941386130e+01 1.363992360212203181e+01
-1.018779529263389918e+02 7.175917367842677663e+01
-1.105297551611927531e+01 1.032067988882774046e+02
-8.697106639826643004e+01 -4.743857056336961620e+01
-4.459714300964304101e+01 -6.171678613418081483e+01
-1.339507003309058462e+02 1.365182997423561062e+02
7.669586106737378284e-01 3.117419360057276378e+01
2.984659563800717663e+01 2.668378867384519282e+01
-1.268649323753607838e+00 -1.959391528178984032e+01
-1.429361904503607761e+01 1.234648380372963672e+01
-9.935702395478061533e+01 4.250340507620023800e+01
-1.386989360398282933e+01 -1.430151832772568099e+01
4.290794499468744760e+01 -5.995049067277897592e+01
-6.288499297197022742e+01 -9.897266715449700314e+01
-9.414214877378165625e+01 1.665637534433587064e+01
-9.035989816244433825e+01 -2.131935756790855407e+01
-3.742800159692116324e+00 -6.316248314672283470e+01
-1.697124049437525883e+01 -3.504199065783164002e+01
4.161733772970142553e+01 -4.612789334609016834e+01
-1.833743028466664882e+01 -5.181280012367910359e+01
1.277183483550977883e+00 -5.309812300023477860e+01
-8.663453220621521567e+00 -3.507312175978429991e+01
-6.665603420162118198e+01 -6.300376410827473705e+01
-7.258177785675783866e+00 -7.947301066445685080e+01
4.911439769808542621e+01 -2.247383547000750426e+01
-8.557500879068544464e+01 2.173161390654652436e+01
1.678235840347192465e+01 -6.201496007257213172e+00
8.695772346983710932e+00 3.266669802823028590e+01
3.627639341414501217e+01 -1.589400856351455715e+01
-7.896825766882264475e+01 -1.691691311235814226e+02
-5.375797507434501199e+01 -6.228472569294090988e+00
8.336762758426660014e+01 3.688684720690023511e+01
3.349349621260960141e+00 -1.508494697734776047e+01
-6.735751691435423538e+01 -7.871803313871548369e+01
-9.830492467623095365e+01 -3.975271483360468494e+01
-2.269781475262062997e+01 -5.718984819766082239e+01
-3.377712597008711981e+01 -1.554632605664546361e+02
1.623003774850019454e+01 -1.837515409071151495e+01
-2.645348733448464884e+01 -2.945010350623827122e+01
-2.222244240002331850e+01 7.575515269486537306e+00
3.610434273646298919e+01 -1.004639850667011025e+01
1.238440446932648520e+01 -4.888206537467021207e+01
2.194886609442394221e+00 -6.517716355191026878e+00
-3.955562502037492578e+01 5.203827129726062140e+01
6.189835401405737514e+01 5.589007621310635443e+01
1.169561757795318080e+01 5.112437821799383997e+00
3.419863991080970322e+01 -5.036363412356369906e+01
6.618259734129922833e+01 1.510489939828204342e+02
-3.880624544066558457e+01 2.481407747119218410e+00
-8.732229314115224383e+01 3.179076617489004164e+01
2.012477681592998735e+01 2.091460253829815485e+01
6.705069638274915533e+00 4.448840282073523156e+01
1.049570382330187925e+02 3.376479535319957925e+00
4.111689308405935606e+00 6.570296588298470297e+00
-2.540850752755125619e+00 -4.096282716089661591e+01
-1.022618478794400332e+01 1.784322157652337282e+01
1.050089746637930332e+01 -6.530025740697912795e+01
-8.411718090181215857e+00 7.754783133878943602e+01
-1.173221920559494436e+02 1.013848206718551239e+02
-9.978506591029092476e+01 -1.129702405600165882e+01
6.367655815792092255e+01 -7.856509414698558658e+01
8.023640980515688303e-01 6.001077638518645951e-01
1.896753272400912138e+01 1.345908210559181306e+01
-7.142693258109474641e+01 2.832706610676025250e+01
-4.860799312249872628e+01 2.258043340175455853e+02
5.333849771250503835e+01 5.077260981480311841e+01
-1.037252557017615686e+02 -4.327385459635566889e+01
7.314902072894336982e+01 3.434189531009070606e+01
5.235953839494659690e+01 -4.224904984050726142e+01
4.927217474803823194e+01 8.057447481107335108e+00
-8.859279814524774110e+01 -3.712401299399860477e+01
-3.505997741979547300e+01 -3.210516079184683491e+01
-5.165529709564056304e+01 2.092986488096282827e+01
-3.889185775243543475e+01 5.207843972675111388e+01
3.050386558744648724e+01 5.149586091159411794e+00
9.202090693621318707e+00 -9.463126347765257407e+00
5.795385746487779954e+01 7.478480447927245223e+01
1.151884832176060343e+02 -5.168038730947947101e+01
3.296585146959291723e+00 -3.117059380892744258e+01
-3.561462324767988630e+00 6.795642389584200771e+01
-2.756705215814114318e+00 -5.845882935275297854e+01
1.057794087394312754e+02 4.545319107865712738e+01
-1.775601563012981288e+01 1.930389009103140907e+01
-6.970903957315572086e+01 1.702953870996988428e+01
-7.416862984140060178e+01 -2.445305668052453640e+00
5.896498469038636614e+00 -6.296098617020222576e+01
6.603578362293586679e+01 2.788987516178751491e+01
