-2.165705008430647283e+01 2.721434275745046989e+02
-6.596581507093637811e+02 5.843302691202646670e+00
5.844124544970059105e+02 -2.511623921543821680e+01
-1.163542925990310977e+02 1.144390053354130714e+02
2.841646701773652239e+02 -3.507938031627311659e+01
7.719774993849191524e+00 -2.809593157693279295e+02
5.563819739443919055e+00 -5.177045791686918363e+01
-3.590349616764616485e+02 1.896895037507136976e+02
2.544850035254668441e+01 9.989424750319381019e+01
2.218655482166745969e+02 -2.231988037683931339e+02
1.616090629993278185e+02 1.802252359319651873e+02
-2.297862380112152323e+02 3.778956534781033838e+01
-3.710762790607525403e+02 -1.921002294563556134e+01
-9.512374383324971916e+01 -1.516151133872702701e+02
1.454767503541987423e+02 -1.428172418678442845e+01
4.057223670386638901e+02 -1.487452313676440383e+02
