-1.176403590020716905e+01 1.905708913568099092e+02
-9.436533675692374556e-01 -3.309839896564603379e+01
-1.878963500324504210e+01 -5.210156618299128439e+01
-7.072097159630503427e+01 8.258428665639267763e+01
-9.851963628614470281e+01 -2.768394811953607615e+01
-6.671591990860849819e+01 5.455321975021714564e+01
-4.191650721539976843e+01 -1.409682774103426368e+02
-2.961398903890265899e+01 -6.219237787030924380e+01
4.729648240063221465e+01 -1.891302950442868180e+01
-4.680802189794745161e+00 -7.678893606254277415e+01
6.099825476009912251e+01 -1.713446680976068492e+01
2.699351320104982221e+01 3.535959453211206949e+01
8.139971147817711028e+01 1.396131908728127513e+01
5.303061963969033599e+01 5.161632093339587612e+01
-6.144199077845497925e+01 1.332660969707281851e+01
1.177106634970803789e+01 2.192673433615062706e+01
1.038581211922261502e+02 1.380448143125821980e+00
6.588992727850067865e+01 -6.503438899848879373e+01
-7.719756419278676951e+00 7.520142953253083817e+01
1.435700784666360619e+02 -1.045508990815632586e+02
-1.086768374349015431e+02 -5.066217626702724175e+01
5.436451037873956693e+01 -1.458570890593402112e+02
6.919344844525338090e+01 -1.081880339582482122e+02
3.484124062894328233e+01 -5.809858895573150761e+01
7.390731280089057975e+01 5.371637433074926093e+01
8.320377830927149887e+01 -6.099875999503348112e+01
-2.215984998800914241e+01 1.185842684424563487e+02
6.471719141578089030e+00 -5.388057553259306331e+01
6.958622915614290605e+01 -8.628819818185975521e+01
-2.213798644871868149e+01 -1.904417987722374406e+01
-2.368557315056531820e+01 -7.610467520664653307e+01
-2.093314142301309744e+02 9.900382724246698274e+01
-7.581791979184701269e+00 -6.080135260824434340e+01
5.604300851963149910e+01 3.629567043986322350e+00
1.007131728098747345e+02 -2.463179352974807301e+01
-1.058045481494955595e+02 -1.437376661024051145e+02
-2.953898062061311336e+01 1.704691939499844295e+02
8.247771630540530907e+01 -1.510980746870243649e+02
9.770001855770502175e+01 2.087125704885676569e+01
-8.840184279822098290e+01 1.690722949840745315e+01
5.403772607561593588e+01 -3.030651200217483066e+01
-2.990572548194175795e+01 1.997715092391155167e+01
-6.330590833088568559e+01 -8.458075975341924391e+01
-7.990899433946241004e+01 -5.122147905445571325e+01
5.922797416655785696e+01 2.556435312820747541e+01
-6.327681436800755677e+01 2.651835960065559306e+01
1.093423122761211346e+02 -4.136657285611034496e+01
3.489079324972773293e+02 -9.471173901466733014e+01
-8.206789056461690990e+00 1.404615536990749263e+02
4.547300150274278252e+01 -8.583430850748642627e+01
9.732037661145602669e+01 -6.813861293278658593e+01
-8.864174992919419793e+00 2.809461582328441764e+01
8.756371174188859641e+01 -3.455216542110143424e-02
-3.298117852922722193e+01 3.290406129267259416e+01
-5.296253707098081520e+01 -6.035726620718769198e+01
3.512200764779603901e+01 2.552216900401999311e+01
-1.200102319126784209e+02 2.534660891686336370e+01
-4.700155225078603394e+01 5.397378312769701836e+01
-5.105857906965881199e+01 1.355572539228943052e+00
4.703363274684171103e+01 8.260601196613531982e+00
5.072226173279099726e+01 3.982354893227728354e+01
1.751272449604713017e+02 8.806518453158680870e+00
3.978608176675604824e+01 1.512399576291389103e+01
-5.557275932523808848e+01 6.772902466084710227e+01
8.135006834344345350e+00 -7.527735796344103392e+01
3.934203072948017632e-01 -9.155179634892084550e+01
3.678407692039522203e+01 -7.169883216126032721e+01
-3.535883052149177530e+01 -2.163905405584056751e+01
9.516762614869396941e+01 3.773341860989136620e+01
7.006015048741501516e+01 4.893219067587044435e+01
-1.151233371546109829e+01 -8.164553483011747659e+00
8.895529654418533028e+01 -1.509542479335096132e+01
1.221128169316225893e+02 1.769309780679354915e+01
-2.248776756336115668e+01 -9.019056845147200363e+01
-5.388594207303229666e+01 9.135956535768184494e+01
-4.543210695437608138e+01 -2.782527032756204122e+01
5.665146900800202445e+01 9.807661273017973258e+01
8.115438222784803202e+00 1.238978966526011760e+02
-1.654430616854694591e+01 -3.299907445205462153e+01
-6.555032946850843700e+00 -4.686104087236829230e+01
-4.069058998929214965e+01 -7.668799253300690566e+01
-1.399205000367009077e+01 -6.889228614980552834e+01
1.323967704803807806e+02 -1.451842349385268571e+00
-1.773534521823441423e+02 -1.407620200866532798e+02
2.538299692128749641e+01 1.074174470293122994e+02
7.328207662588813776e+01 -3.831261544875452074e+01
-5.758194189588855494e+01 -2.452148867617484029e+01
8.926231999925909122e+01 2.820100875714295086e+01
1.585552500265283271e+01 -8.937138789723155696e+01
-2.460714133108768635e+02 6.071198703159498677e+01
-2.581007515591699786e+01 7.175557065640383314e+01
-5.589556885320920543e+01 -7.394223202484174351e+01
8.607815160001456434e+01 -4.083207378402721588e+01
6.598350625496233590e+01 -2.874748893800922644e+01
-3.767587935253900611e+01 2.135417640483614932e+00
6.245892326824060348e+01 7.613436969814948441e+01
4.787759202368420830e+01 2.842002550881802492e+01
-3.563371768517852445e+01 -9.828249925480527338e+00
-2.014416971240504139e+01 5.162368109960551976e+01
-9.906055458013787174e+00 6.382478025269970878e+00
-8.204614160036364012e+01 4.627204444986261933e+01
-1.088376792209304540e+02 -9.438698137454535697e+01
-8.047373583768467142e+01 -3.516011848039297405e+01
6.833053354968092208e+01 5.414196211047683782e+00
-6.050496962023204617e+01 -9.879390101028517890e+00
5.636999760001852167e+01 6.458678448958995943e+01
1.886708021747120867e+01 -6.282506138656327010e+01
3.018786054829721266e+01 -4.304010420485743538e+01
5.185772519853324525e+01 -5.447005473663106301e+01
3.782149008898839782e+01 4.466489193005848080e+01
1.308320175981450362e+01 5.586415643453459978e+01
-4.760262200426436863e+01 -1.490014223695492568e+01
-7.431723155099337674e+00 -1.064160508894479591e+02
8.192883280458494255e+01 3.970874468217186148e+01
3.162578409186111017e+01 8.743219349031861043e+01
-6.115846219026704489e+01 4.133384836742207114e+01
-1.984438931127154149e+01 3.724275095649321798e+01
-4.890165791315661181e+01 2.372838725223487799e+01
-6.846095312696040480e+01 -6.303021020928884610e+01
-4.454804706754051580e+01 1.088598581562193459e+02
-9.960691424384442882e+01 7.168136929858781059e+01
5.965842567515974082e+01 -4.841842149496100234e+01
1.111339193211646119e+02 -7.967660318035498790e+01
3.626998206677013314e+01 -3.027523635622444687e+01
7.826502159781466617e+01 -1.271241062526011376e+02
-1.266737681348680056e+01 6.312445295901095221e+01
-7.025449651470617596e+01 -2.324600539816555056e+01
1.378088998741453786e+01 -1.060548293087418337e+01
-1.866541932165271760e+02 1.573036627235713070e+01
2.293449030006541545e+00 1.030908411982877624e+02
-5.566354438970935803e+01 -4.628974515307487536e+01
3.208838621105105204e+01 5.500445521786674163e+01
-1.099248070035091729e+02 -1.367079830469935864e+01
7.194270633961876626e+01 -7.524570091743272293e+00
8.848308583031700891e+01 -2.647540324528499056e+01
-6.649757706632475340e+00 -2.027786087040177421e+01
9.083922524109457441e+00 -1.188305980978209817e+02
-2.231074722930203080e+01 -3.136607842076414077e+00
6.545440572572572080e+01 1.785095337946613725e+01
7.316156333632211783e+01 8.828009338603702361e+01
-8.862059900314810079e+01 -6.015634109770761739e+00
-2.569707229316412711e+00 3.799059140046494321e+01
2.219917694589094381e+01 1.696081545732640734e+02
3.441730399058904322e+00 -2.010899495593375264e+01
-6.507953892315157418e+01 -3.849692299473385759e+01
4.716541759582136706e+01 -3.931619848556830732e+01
7.438188189583114784e+00 4.527188976292844558e+01
7.744516477040939151e+01 -1.977684087697191373e+01
-7.975952946744040162e+01 -1.155746340679047961e+02
1.095065818204619603e+02 4.718408202745381175e+01
-6.951627599706772287e+01 -1.523345504195060096e+00
-4.157436241270078625e+01 -4.198320422779404026e+01
4.064221979683436814e+01 9.897047018270308172e+01
-7.844626746073461732e+01 8.342856967574340032e+00
-6.721758889912884172e+01 -1.471606153931981282e+02
-4.792819895062972790e+01 3.678851577572653753e+01
5.368679198746032455e+01 -7.348984105479918760e+00
3.981951143756844402e+01 -1.200036164748944003e+02
4.218706049947679304e+01 -4.992151619376497429e+00
1.920598672562186948e+02 -2.290791018326591910e+01
-1.807422526310143240e+01 2.023730790694935777e+01
2.205099617258817091e+01 -2.290166900698531904e+01
1.869150822099187481e+00 6.424743309212405507e+01
2.911599224420499965e+01 -4.504723231905411573e+00
1.310378903312865440e+01 -3.523443331836018189e+01
-4.196570198445796507e+01 -5.523455337203663618e+01
2.786317613322875175e+01 1.518732503578910631e+01
-7.921816965133791655e+01 -7.072413517068063982e+01
-3.900453506223202993e+01 -8.805693380769193368e+01
-1.013636575675013489e+02 1.674003006355439709e+02
4.200376509924590351e+01 6.465704202095996322e+01
-3.860433264000783993e+01 8.323475042044218242e+01
-5.163076898805600834e+00 5.050241447686033780e+01
-9.631545636094661234e+01 4.477950480560443758e+00
6.824358110462422466e+00 8.989550909403069667e+00
-1.696041030945706751e+01 8.803348921410450600e+01
2.339400713297851553e+01 6.157476044553310857e+01
-3.555214090897248980e+01 4.445952743654817851e+01
-2.426742434601891318e+01 7.804348389298369604e+00
-1.711016989928875631e+00 1.582627055816010397e+01
-1.530487681924566061e+02 1.215244764054066007e+00
-4.192818294772303034e+01 1.434882498021427821e+01
-6.496994203198994455e+01 1.591943658928021250e+02
4.821930707045954989e+01 1.197137494175775885e+02
-8.048359118381368660e+01 1.066626486422547657e+02
-7.581353356453678316e+01 2.768974384281220225e+01
2.921348064532604383e+01 7.019147474693620836e+01
1.381066735853107161e+02 7.059503189029592818e+01
6.683556613636420707e+01 3.608367158642402472e+01
-3.273442772343511820e+01 -3.189596701856524774e+01
-9.829489682577271026e+01 3.872824680799008945e+01
-1.367924469911791903e+02 -1.761032676463468079e+02
-3.815237757044732092e+01 5.782229886589701096e+01
4.981947183320715844e+00 -2.608799905971613153e+00
-4.399342885837997841e+01 -1.724359808422827314e+02
1.457349813154544194e+01 3.550290136299409482e+01
-8.788721880390227170e+01 2.935266531903153009e+01
1.967132054247697681e+01 6.448967699928938480e+00
5.749536310220396018e+00 8.766155310231137321e+01
-2.922329743720214523e+01 -4.442777857516342266e+01
1.528755120789341149e+01 7.325482853328595922e+01
-1.063615223892912383e+02 1.750492066900184795e+01
-8.069257210187602425e+01 6.657619156668424409e+01
2.229903744724426247e+02 1.671686643803721779e+02
-8.120250301074736399e+01 -1.655206605443154544e+01
