-8.004576697254951512e+01 -7.910793819736312571e+00
-5.318698307688141114e+01 -2.516958837683988293e+01
-1.283738991840731103e+01 -2.362400317290147100e+01
-2.227632972390497557e+01 2.500425480185365501e+01
-2.403008010064639777e+01 2.306338115206306050e+00
-3.525214234269525093e+01 1.300897963463150830e+01
-5.128054698778557707e+01 1.807361550864493793e+01
-1.908150584544537764e+01 3.713884159226087434e+01
-2.863431616047530071e+01 2.377378766242580355e+01
-5.112567212594566968e+01 8.401829265722442486e+00
-4.738151248962943818e+00 -1.669058240175962160e+00
-2.320502408376602332e+01 -1.103525157485730013e+01
-3.660959837629452807e+01 -7.302071711216052918e+00
-2.829997921700195818e+01 3.264786213168368789e+01
-5.688147411155536304e+01 3.256568068697862373e+01
-4.632530674660470282e+01 -2.361485717573410525e+01
-6.026259550214926719e+01 -2.435742442299494215e+01
-6.213806569396349744e+01 -1.539781857457285064e+01
3.487543306640872487e+01 1.422179787240123972e+01
-4.037282364275583291e+01 -2.370840243440649786e+01
-5.532060398215963204e+01 4.173005028967047281e+01
-5.245526330129249004e+01 -3.023566925706624886e+01
-5.262486963815806007e+01 -3.633402560176798346e+01
-5.084296000377032243e+01 -9.707828736722047935e+00
-3.326411460595021907e+01 5.068905510850999718e+01
-2.862742860143018930e+01 -1.994440538834436083e+01
-6.177687283886749725e+01 -1.087669944425905655e+01
5.048346937397166556e+00 4.744698177812171025e+01
-3.551510169304559383e+01 2.217655471357542751e+01
-2.955127385974908805e+01 -2.130508010381063855e+00
-2.696325091867390711e+01 4.104443858990941862e+01
-4.726538677101528663e+01 -1.580588145418158597e+01
1.225325242222289823e+01 8.299626989149977874e+00
-4.184312846585709167e+01 4.392178014872706626e+01
-5.482525913373640236e+01 5.066809260553151262e+01
1.655323232244215603e+01 1.186396488072814925e+01
2.812518311195900367e+01 4.085398773901071223e+01
7.919984083256801810e+00 5.443908080711720743e+01
1.409759971642726839e+01 2.666825519111192477e+01
-4.228841608057999224e+01 -1.511591316692987874e+01
-2.935848346269455078e+01 3.774822698628808837e+01
-1.663332385759055754e+01 -2.435524390330546041e+01
-4.391517924754072055e+01 5.177808424579685465e+01
-2.851266424467391758e+01 4.565202628124563233e+01
-3.361146692401219127e+01 5.467700994962414285e+01
-2.817618951661481219e+01 4.995804585017054933e+01
1.839321935367495797e+01 5.746311553174441400e+01
1.426882345747937642e+01 5.220981376508648353e+00
-2.160887302010212352e+01 3.948306883388391952e+01
-5.304468271666168988e+01 4.195977793092677643e+01
-7.709456955424734304e+00 5.299332324067037803e+01
-5.555440633467681977e+01 2.326468136254080576e+01
2.515824011674780536e+01 4.220645204061138855e+01
-2.089262776083397455e+01 6.657568750162766946e+01
1.545577485091611791e+01 8.539625044157114431e+00
1.896663825624849409e+01 5.106267728828913732e+01
-2.057997897788814257e+01 -1.330579758912579358e+01
2.943611600477300527e+01 3.739716597161159228e+01
-3.575168276347306318e+01 -3.419515602677478938e+01
2.879841396263904585e+01 3.663833172244900283e+01
-4.450562107678158696e+01 6.809166166961664146e+01
-4.225940900383169918e+01 2.106417065851030390e+00
-3.874482273632991536e+01 3.072972678562902971e+01
-3.336763114969603805e+01 1.709946525697079522e+01
-2.169403121036437909e+01 2.756557780023582183e+01
8.598041622212035051e+00 1.061363774623277223e+01
-3.553214193344970795e+01 4.131064200864766178e+01
-4.210488825077928965e+01 1.257824615117483802e+01
3.480699621523795173e+01 -1.390803335186677359e+01
-5.991115257185283127e+01 -1.979051487536245801e+01
-5.306049482526455563e+01 -1.994271027434119503e+01
-2.249273405239361168e+01 5.344513437070794026e+01
-2.810764627969446749e+01 -9.240588616984981130e+00
-2.614360258394431469e+01 7.371662687460012364e+01
2.695690858667442313e+01 4.105734065407164124e+00
-5.065788340256892752e+01 -2.902995987134340083e+01
4.403543468174071940e+00 -5.307858507875013565e+00
-1.012129503587615709e+01 3.598456934022702569e+01
-2.427998140653097892e+01 4.012806323916269946e+01
-4.905160561459033630e+01 3.399803346154464379e+01
-3.814971214608696215e+01 6.934975471675140568e+01
-4.887150290086309923e+01 1.509398474980265270e+01
-3.586639108114269447e+01 -1.693410827898532034e+01
-1.382338223366321017e+01 -7.881418429439718487e+00
-6.477549480027923323e+01 -1.291089798582818382e+01
-7.498999801331196124e+01 -5.827937894984066958e+01
-5.009446312229991349e+01 -1.371951186654171018e+01
-3.410141562603494236e+01 -8.875330598659306958e+00
-1.975460905185129690e+01 4.861186840188605629e+01
-5.602911096150198489e+01 -2.932931701510693046e+01
-5.336336209407952680e+01 1.017766004741994657e+01
1.465051727626361355e+01 3.476518888912519856e+01
-3.170973653307648732e+01 -1.209911404074197883e+01
-3.122340912964649107e+01 5.731668534387768688e+01
5.449164487350742547e+00 5.408013251543372490e+01
-4.316975649976896534e+01 6.331245035325064663e+01
1.080764261647823332e+01 6.007599291966398170e+01
-3.754691324939859243e+01 1.387913266877687590e+01
1.531577236107247053e+00 -1.244471011972220786e+01
-1.910361274977670476e+01 -1.912713410251585699e+01
-1.742335586256496072e+01 -6.481842174687935554e+00
-2.032330282335375671e+01 3.922962803569043899e+01
-6.039289896374144817e+00 -1.127313178430128993e+01
9.042938815301582167e+00 7.589227924848943019e+01
-1.479368552842685247e+01 3.602963098989544477e+01
-3.983332992919956439e+01 3.529563477992236642e+01
-5.105527313430607705e+01 -1.780857776682338578e+00
1.495607549682405590e+01 -6.935943780472465292e+00
-4.447012682193938105e+01 -2.438363893548349992e+01
8.518120653699957856e+00 5.666860737995359898e+01
-4.126342288309337469e+00 7.210820572639952353e+00
-5.757486141561894044e+01 -1.430101993554447404e+01
-2.016860848124329308e+01 2.467666439309807203e+01
-2.179818573826104355e+01 1.500816626833867851e+01
-5.513630082517891395e+01 1.592995946164372612e+01
1.710381348302870208e+01 2.764934909602170876e+01
-5.482778955268830856e+01 4.702096943997282352e+01
-1.139026103040735549e+01 4.715921706955860770e+01
5.776993702750041759e-01 4.876085101402774313e+01
-5.252653264783255338e+01 -2.759085904894881836e+01
-4.794762596486230422e+01 3.429799576165132180e+01
-1.449343884305581298e+01 2.963880281061040733e+01
2.997028514279905309e+01 -7.054042864741304264e+00
-2.751420448199053403e+00 4.825411760790194649e+01
-1.025434975472282062e+01 1.643351787128488795e+01
-2.062918790690530813e+01 5.535481464675623897e+01
-4.897443490386843479e+01 -1.812398909798545787e+01
-1.746240870383384802e+01 1.382051348439022753e+01
-4.248952500112385877e+01 5.831767279718086883e+01
-5.169172672063142215e+01 5.512635220634837196e+01
-4.750330905444835849e+01 4.493249327203205468e+01
1.906799129769703427e+01 -7.703670105681999836e+00
-8.131354293793494614e-01 -4.916365130111029380e+00
1.057644582056076743e+01 4.497152449841146193e+01
-8.814791604254544666e+00 -1.571814855308942427e+01
2.073187102466114595e+00 6.329145407527412459e+01
1.470709982193335996e+01 -5.819755058845068163e+01
1.441755313046914289e+01 -1.658810251507164679e+01
-1.974458928165356753e+01 5.473971989350751244e+01
2.016943410382629587e+00 7.834039588663036113e+01
-5.529666539880771836e+01 1.876003742288659382e+01
-3.604015670319788711e+01 4.140537581433119385e+01
2.155782071826961044e+01 5.237723519168012842e+01
-7.825030794884499485e+00 -5.204649937668169635e+00
-3.183814997966234017e+01 4.824385672586260831e+00
-6.335450450950965262e+01 -2.228468302105885357e+01
-5.995702503379509096e+01 -2.984781333218042576e+01
9.969274676192382501e+00 -5.929210828931290145e+00
-1.313617322833485268e+01 2.280908124731828224e+01
-1.851628606059757942e+01 3.932538513099886046e+01
-1.408663980416764794e+01 5.997638741062634438e+01
-6.062898781186918384e-01 4.474571985698604948e+01
-3.993054606993155886e+01 -3.041191401453410492e+00
-6.962225426679663087e+01 4.267096095658998678e+01
-4.523218102495696513e+01 9.060582823014483367e+00
-8.847049919738260826e+00 4.441160048058088705e+01
-2.780875305129780628e+01 -1.405141891878407279e+01
-4.264489646159057123e+00 3.554105975810664830e+01
-2.122872358092632084e+01 7.335645554170008609e+01
-5.665426156619010811e+01 -3.216044484427350625e+01
6.146063317885932520e+00 3.940076905680755459e+01
-6.712638222805743737e+01 -2.134066684585300777e+01
-1.784458691696205790e+01 4.084434265987482604e+01
-2.906628167968491283e+01 -6.337421419222133423e+00
1.495796848452713057e+01 5.121024408730702504e+01
-3.959499931418633167e+01 5.049902375186960768e+01
-1.502460100188894998e+01 -1.365832190964072268e+01
-6.134874331485357857e+01 -2.295217283002103414e+01
3.421365153167499784e+00 -1.028612032192976855e+01
-3.061516258563825588e+01 -2.467192464014726383e+01
-3.159220808180067763e+01 1.126316151109168295e+01
-6.800815281763408393e+01 4.811562769837696152e+01
1.549686741086925501e+01 5.180320152726144300e+01
-3.647469831188600153e+01 -2.027777617272789357e+01
-3.774172423314722380e+01 -1.733022174024237305e+00
-2.733580993119428726e+01 4.593216041614324752e+01
-8.507913072094238416e+00 6.035890655243539982e+01
-9.683910020892485093e+00 -2.285346585928870056e+01
-5.366797111123411845e+00 2.243569347098348743e+01
-4.765245003335115825e+01 3.762619715853314517e+01
-5.473412171217087518e+01 -1.703410799997650216e+00
-5.924599490235993215e+01 9.080020375340515315e+00
1.028721536277032111e+00 1.535558280613285653e+01
-1.626295592515259969e+01 1.037116847018870303e+00
-5.011102072480692726e+00 3.549007259035894890e+01
-4.078264541101854945e+01 -1.746874005405538810e+01
-1.531401424848221104e+01 2.292814202414022162e+01
-5.357870334161803783e+01 6.297205028193697984e+00
-4.977949835456137606e+01 2.320473003770273213e+00
-3.385346375766423055e+00 2.351497923110587251e+01
-2.211510132684729513e+01 1.092504085835061645e+01
-3.192782817046092347e+01 2.262368170578430338e+01
-2.587412328208185386e+01 3.252662542910942989e+01
-4.707598673120462962e+01 5.548726069342226452e+01
1.769387070651554694e+01 -4.630730592662526846e+00
-5.370923012285946818e+00 -6.297773453218099782e+00
-4.327472965567488927e+01 -2.403741866705267682e+01
6.692681079749230655e+00 3.238778967309095425e+00
-1.671243480421309968e+01 -2.730251677300387314e+01
1.961699861542656365e+01 2.815046511244037220e+01
-3.888438097363259516e+01 -6.684207264083553923e+00
2.149996516479857067e-01 1.008099455775407982e+01
-2.614855448831087870e+01 1.231354289300732141e+01
-1.619226462267508992e+01 -3.027495289718583837e+00
-8.502471462693534932e+00 1.945092063136786464e+01
-1.773704621968101236e+01 6.001970668198468672e+01
-3.892184647692537425e+01 3.537430163895412250e+01
-1.528167142080542362e+01 -1.764083801868100210e+01
-4.714726253825186575e+01 -2.321500271927856573e-02
-3.783230754948520058e+01 8.452808764167016875e+00
-3.384611191332789204e+00 6.623709093619407895e+01
-2.350533256213749667e+01 1.842759766728319981e+00
-3.424624035429654612e+01 2.873982999538912608e+01
9.240131456932251908e+00 3.093159896952873922e+01
-1.276880575783073191e+01 1.829500375077936170e+01
-5.268874435463542483e+01 -4.944997483406157635e+00
-4.275856405366831581e+01 -1.626034739828378095e+00
-6.129324276909285629e+01 -4.303153125764361597e+00
-6.304827120936751683e+00 3.965172951486932362e+01
-4.651602859243884325e+01 5.913608757989746323e+01
-4.936819150052028959e+01 1.034897769166588688e+01
-1.891469111853909624e+01 5.136656842914884180e+01
-5.785571510818095931e+01 -4.049428542102486261e+00
-2.277113314435754887e+01 -2.522476068416326100e+01
-3.557870826175715706e+01 2.694981135365608083e+01
1.803134150833150429e+01 2.526831845060697646e+01
-2.667760036644451915e+01 5.532384345732060638e+01
-1.770768126732028591e+01 -8.066235912333754587e-01
-6.286025376070595883e+01 -2.586080303115349466e+01
-2.860396461345107166e+00 8.152806269354331281e-01
-2.531427050142165669e+01 8.764302374252456218e+01
-4.332583096696028235e+01 -2.705738342284356079e+01
-4.773170837797735544e+01 3.706486432309887391e+01
1.210779904871394752e+00 5.618659647527667111e+00
9.460454319725139172e+00 2.205846763942630773e+01
-4.560920339390848710e+01 6.484482026490923090e+01
1.437858612539317882e+01 5.589371878525969350e+01
-5.498739975617245790e+01 -1.197659115467708801e+01
-1.046579692927578797e+01 -1.123623481936081525e+01
-1.020848383684752037e+01 1.161625108964398478e+01
-2.705680297848869742e+01 5.892656636432125339e+00
-5.207837473387751714e+01 -2.248699067283485675e+01
-3.669422880143374499e+01 5.902974290974249527e+01
1.046379804129305491e+01 2.036936166289020278e+01
-3.968188978486843865e+01 -9.938773822187776830e+00
-8.744994390955083574e+00 6.163860579211970503e+00
-1.899060419973027791e+01 -2.495275197682630264e+01
-1.934635689782518853e+01 -3.393093251475742278e+01
-4.322726146978207851e+01 -6.562806292828465615e+00
6.301943351785220138e+00 3.031195094385921252e+01
-1.158879010096930529e+01 5.063838573075827298e+01
-2.670891843472134042e+01 2.016076555114509361e+01
-1.068812761445430226e+01 -1.476059606284304548e+00
-1.859813891278764730e+00 3.283013623052572427e+01
-2.329853030690564353e+01 2.243148146796603726e+01
-1.392238512081572388e+01 8.687635037844902541e+00
-4.571662724935075772e+01 7.053665837323293886e+01
-6.438182382079087773e+00 5.693442125916406837e+01
-6.815654918886964708e+01 -3.395898728928612087e+01
-1.933937310848143909e+01 -2.304692669704810726e+01
-6.067813175158254069e+01 2.424546327721488481e+01
-1.442018489872903864e+01 1.406061652297525733e+01
-6.563724750430480981e+01 -3.789595433912895572e+01
-5.274352374526018394e+01 3.761426645014910974e+01
-6.402524405762808613e+01 1.146265966966162342e+00
-5.166618448516876327e+01 5.972598598132055514e+01
-7.408526226128676839e+00 2.202312356855893327e+00
-2.995646335942152305e+01 1.483459209619312702e+01
-6.144815074779428699e+01 4.156376418200946432e+01
-2.122290888712989343e+01 6.126298534419348840e+01
-1.601050509583971859e+01 1.908099080591935603e+01
-2.462963681031223118e+01 -3.246788758748990489e+01
-4.537785006753319550e+01 3.884231781590736432e+01
-8.070714770351601786e+00 4.975271804398307296e+01
-5.906098782590186858e+01 3.817289859662850660e+01
2.250235880592196480e+00 2.294895412430690285e-01
-5.167334970323702947e+01 4.786548985189817529e+01
-4.277427079633262963e+01 4.662286028367370250e+01
-7.325800691219929384e+00 6.212117758327860884e+01
-3.606123310913125657e+00 2.702685157039594444e+01
-3.558545203177421712e+01 1.866943951616949704e+01
-4.429944605290105386e+01 2.247426973911010961e+01
-4.281668989121315860e+01 4.919334373519181014e+01
-3.836607172866185778e+01 1.468978773077218802e+00
-7.805961518656836517e+01 3.255493338832140893e+01
-2.054084291853780542e+01 2.101449756231711063e+01
-6.862668239859780783e+01 4.021897200479827461e+01
-2.123150394850358325e+01 6.801799095889449198e+00
-2.684799895786337842e+01 6.233946691966168885e+01
-4.426695155617635180e+01 1.749362779703616155e+01
5.842811571888697486e+00 1.505769101413326183e+01
3.182550444906879861e+01 4.221450744416517153e+01
-4.947068104506245589e+01 4.202602879748277331e+01
2.569196510203856221e+01 1.802693673173389755e+01
-3.490156937149758676e+01 2.793743396713975091e+00
1.121079363376425597e+01 5.107468375429906615e+01
-1.533913446697960126e+01 6.491899132344805423e+01
-3.690455935340789040e+01 5.027879339832042049e+00
-8.563332332722502827e+00 6.532243206935062574e+01
-5.780495131355506544e+01 6.196254826555844630e+01
-4.210636634628073693e+01 5.304907401113038645e+01
-1.641056484930952664e+01 5.764064629935566231e+00
1.617978359981747616e+01 6.174536864871421216e+01
3.273328984502973604e+00 1.957290653755404719e+01
-3.606797193317202499e+00 4.612867317739297590e+01
1.878499719988978356e+01 5.489385599288907969e+01
-2.566737262721148838e+01 -2.245660222624366753e+01
-3.851716523776407541e+01 2.379291040088145337e+01
1.533638209043042266e+01 6.541048593733786731e+01
-3.061430789354850646e+01 5.392346245961535089e+01
-2.684881917180397082e+01 -4.911079022032853203e+01
-3.086310161222045068e+01 4.799201499300939133e+01
-9.504389916552973716e+00 4.157363895038706403e+01
-3.093994245177733049e+01 3.014124304866509974e+01
-4.420649444910046810e+01 -3.466103865994843858e+01
-2.683717357069328813e+01 5.836613778196642954e+01
-3.350501189958960424e+01 9.254385964801509212e-01
-2.716837699633974523e+01 9.571086537497432545e+00
-1.667202344757669508e+01 4.354777943503714965e+01
-5.010244105706318507e+00 1.054765115326827640e+01
3.572232558892445731e+00 3.781940437846959213e+01
-1.076157038225675677e+01 5.480848745539523037e+01
-3.197862793183632846e+01 -2.006263662566057704e+01
-2.105099915681400979e-01 6.045573784804441431e+01
2.751799966944419396e+01 4.628563921300167294e+01
-2.549885428542748400e+01 1.488347218863764709e+01
-3.845544754263143972e+01 5.826694834287233249e+01
-2.967825673839821832e+01 4.846481395704627460e+01
-5.906084464898658126e+01 4.711756345634849907e+01
-5.795474713925615617e+01 2.768264146296320760e+01
2.784932980053597973e+01 1.657909911066778363e+01
-3.721459605095557510e+00 1.477938951039053173e+01
-3.106254546140238659e+00 7.200415514019437069e+01
-5.191981156937162467e+01 1.971015769549758900e+01
-5.449987901415646263e+01 2.540305231567972655e+01
-1.046328584746578727e+01 2.517958747793201724e+01
-2.204269166920755030e+00 1.875141793433771653e+01
1.129390645279084637e+01 4.631598050887274809e+01
3.422706833625765910e+01 4.285199443911961481e+01
-2.358245882842676266e+01 1.698789221519457726e+01
-3.245560280918550689e+01 6.193513102748123345e+01
-3.293207829005128673e+01 -4.768543274039763524e+00
-2.450154610322310589e+01 2.831367518710018771e+01
-1.926868107002637132e+01 4.440438989043921225e+01
-4.128815815938060041e+01 7.763657488163312692e+00
-6.592274031723005123e+01 5.110660939213437359e+01
-4.629627790614820881e+00 4.359232374040276170e+01
-1.933514436322359131e+01 2.556176002164422201e+00
-5.707737934442207006e+01 3.598343604246674943e+01
-3.594944873065676205e+01 6.077450855153023923e+01
1.074250822726393606e+00 3.053296349505079021e+01
-5.525123776959421207e+01 3.052875128956484829e+01
-3.715076857354408446e+01 4.194464078844196564e+01
-3.103196690957984316e+01 4.032961205813575845e+01
7.113593645978350644e+00 2.366845339927118630e+01
-8.716537028234763795e+01 1.089517768764269690e+01
-2.909237648266191911e+01 6.977607844398994530e+01
2.435032013791810712e+01 3.532585700827954867e+01
-5.262477292883676228e+01 2.928548309436992270e+01
-4.937777688459130587e+01 4.933585447102531774e+00
-5.451295222604704094e+01 2.237911072840502058e+01
-4.878889350920098167e+01 5.160570428789662856e+01
-4.716358418599720181e+01 3.949696455521231275e+00
-6.964382444605615952e+00 5.066817212526389369e+01
