4.002882260573215945e+01 -3.709814391933691269e+01
1.367366682510252041e+01 2.769469471288986462e+00
7.513473986459732146e+01 3.689346891169607545e+01
-4.012522613444857456e+01 -1.298832426968582610e+01
1.202404318399410528e+02 3.384767424379515433e+01
1.366499535937387932e+01 -6.147450003376540906e+01
4.529987825677976332e+01 6.970837862512840388e+01
-1.258395427173200787e+01 -2.601934828152894674e+00
-6.950685519934370404e+01 -2.553703919468548378e+01
-2.022422334757087370e+01 -6.846884039153023593e+01
-5.628038124173634316e+01 -5.975362810589168561e+01
-7.624752974771347169e+01 7.486731458409760620e+00
-1.053273227872853823e+02 -9.455351092265155444e+01
1.024176481259819127e+01 1.297682731920948243e+02
6.711554818620244589e+01 -1.076292495634375683e+02
5.277229353707630821e+01 1.118962150984333022e+02
1.175395420173000360e+01 -3.015618704455584265e+01
-2.588270773238869538e+01 1.226283024714503256e+02
9.604320649859605652e+00 7.983617269324382448e+01
-3.010047997226048722e+01 -1.290297181415289742e+02
5.335989932839478200e+01 1.838944420539360181e+01
-9.474092368435734102e+01 8.758928573505259862e+01
-6.626322165010711274e+01 4.091558043046822490e+01
-1.857448419074964718e+01 -3.482125297000975195e+01
8.711495724088964110e+00 -1.176926637942904392e+02
-4.781025341202982304e+01 3.702208882238176813e+01
2.898296579390886407e+01 3.368540663241178379e+01
-8.544755181359192875e+01 -5.711115752877213225e+01
1.576906190323436476e+02 -1.055405932792444048e+02
6.179752242163294440e-01 4.161398563553354535e+01
-1.036927701799789503e+02 -2.496081595841726841e+00
8.218001345667414625e+01 7.483787352260655723e+01
4.057902334662068000e+01 -8.435062454088626538e+00
7.738305857847005598e+01 -3.996135285854978747e+01
-5.159135435891872135e+01 9.624597969517789409e+01
9.450467839173596474e+01 -5.911568035410715183e+00
6.010839874760332435e+01 -6.903296916230362967e+01
-1.534799458012449520e+02 1.602621584498239429e+02
-2.348662644841051517e+01 6.295774763410047115e+01
-5.479978041144070033e+01 -9.836149786664473993e+01
1.170549138670489100e+02 -6.498868761351715762e+01
-1.151599496815817645e+02 3.535370441397650865e+01
-2.051071767172645721e+01 2.373837069871013838e+01
3.121773446120781159e+01 -8.624253675176615275e+01
