-8.429839998685498870e+01 -1.649208396364453932e+01
-8.711038659732111000e+01 -2.634180040345682272e+01
-1.882817266500541109e+01 -1.049311782327462694e+01
-2.588455640959115911e+01 7.492528250300223647e+01
-1.125422675525531560e+02 -5.696772639658529158e+01
5.162682110008427117e+01 -1.405133345557094060e+02
-5.041457972176701219e+01 5.000626721697709343e+01
-6.220599414008822237e+01 2.872384448980288951e+01
-4.274211115924557447e+01 1.745666779568812288e+01
-1.556420135204934141e+01 2.874161280154737597e+01
-5.677408979624004814e+01 9.620227547348862629e+01
-4.860387233898488546e+01 -6.385328551892251880e+01
-9.558520452883333007e+01 4.737166174094920734e+01
-5.109687498906868797e+01 3.134695347957041189e+00
-7.878943394765572350e+01 4.099429652002930169e+01
-5.403674950762817986e+01 -1.908617702136899652e+01
-1.039378762963076497e+01 4.388081805177530725e+01
5.985840704009069668e+01 -9.728390992866355447e+00
-6.563357419972649609e+01 7.820372474467899515e+00
1.322819881812352207e+02 4.404851800686833485e+01
-1.045569880961046216e+01 -7.513379050742044285e+01
-7.925269158189898633e+01 3.433838438638683499e+01
-2.400322857738374438e+01 -1.504154681409862064e+02
-4.222968171732345866e+01 -3.309599435983550109e+01
-2.918554162476877778e+01 3.238361402271201683e+01
-7.738001086505467185e+01 -7.792592917396508945e+00
2.717871747078174494e+01 3.693247445152632480e+01
-7.384497090387633023e+01 -6.304579362517864638e+01
-5.570217321722911663e+01 -5.413452068881353796e+01
-2.183738359670424245e+01 7.929045820899743546e+01
4.469682836834653727e+00 4.932796671430207880e+01
2.938558855177090834e+01 4.611829959203897289e+01
1.177387348141996881e+01 1.719372982238247616e+01
5.627870108181787145e+01 1.990758943192888486e-02
1.003794063199922277e+02 -6.201735054326675822e+00
7.210320154108229929e+01 1.184380200492668109e+02
1.052433979713985757e+01 -2.139883879964068925e+01
-9.209679234828297467e+01 -5.660449719093290355e+01
6.542695319424505840e+01 -1.337057314339043224e+01
-3.898561176117745664e+00 -7.251692803100611151e+00
-1.563257986183956305e+01 6.960145648142089669e+01
-6.723076290103787755e+01 -3.494413366017883504e+01
-7.702473105409214327e+01 8.602556500936829309e+01
-1.756058667517725524e+01 4.964999823898655507e+01
1.909804497533605172e+01 -7.399328124350351743e+01
3.903655475008976339e+01 4.046985934432772325e+01
9.394222247528896119e+00 8.125628365229886185e+01
-5.017639749391876336e+01 5.979077589674962923e+01
2.769862912427614177e+01 -1.030346028077132203e+01
-1.025000824333195766e+02 8.210889304391942645e+00
-5.579784688183027441e+01 -6.993672859630302696e+01
-7.098898250746273675e+01 5.356776578172596714e+01
-8.539117727989736295e+01 6.736820833985315460e+01
-2.100385614781724541e+01 3.356411601412202828e+01
-1.561963454603411172e+01 8.977298918029107710e+01
7.736779001519103360e+01 -1.235542469809832067e+00
1.830635128475588047e+01 -2.483073786020854001e+01
-1.498642923075461297e+01 4.135836552191057791e+01
-3.352420310248485968e+00 8.695857626967250553e+01
-8.839082177660078088e+00 -6.968944264656606435e+01
-3.312179051381048822e+01 -9.359823158556646661e+01
-7.350877767854234435e+01 -1.676933996464054388e+01
2.711266533525145661e+01 -2.875307560237220272e+01
-4.613052100434953218e+01 7.846754084480215852e+01
3.438955384858292774e+01 -8.996719124981785498e+00
-1.680066686674947363e+01 -5.937847899902318716e+01
3.048259928081581904e+01 3.296139383468021578e+01
-2.176592342190258833e+01 -3.673805241681710498e+01
1.861041167369550209e+01 2.378675810083291964e+01
4.596448693199879898e+01 1.394894614730187055e+00
-3.519944782889444213e+01 -1.380514581537185848e+01
3.848245108671137782e+00 3.611721192647469536e+01
-4.135915725367068063e+01 -2.719013608763263079e+01
-3.106192293199440790e+00 4.214958934359848541e+01
9.243058281236658047e+01 4.028301010352152645e+01
-1.300215052347727074e+01 -3.409536008622761472e+01
-7.240428849041650494e+01 1.069023553862644915e+00
-3.321955152317210036e+01 7.231266675871957261e+00
-2.186918528830762654e+00 1.184498096625876684e+01
-3.320968738602189063e+01 -3.020682717424875108e+01
-6.266406653436264662e+01 -5.549630021042546701e+01
-8.590044268032286823e+01 -3.523802751064055627e+01
-3.676749247760144357e+01 1.946161672192744518e+01
2.529048379499142740e+01 5.594467837767615492e+01
-8.848996606040462609e+01 -4.395406755901169760e+01
-4.410245645687721350e+01 3.141069986070539599e+01
-7.846753416683799287e+01 -3.556949732383494478e+01
2.601147684575568331e+00 -4.996353368189306110e+01
-8.048052036416424926e+01 -3.215906874729833476e+01
1.893605717467658422e+01 -5.413710590551970014e+00
2.308648415670865006e+01 -2.161963198961343124e+01
5.165137095666531231e+00 -4.105131648753914675e+01
-8.207035328280774422e+00 2.158798783421653411e+01
-6.374453258527504573e+01 -1.204655742924358286e+01
-3.172221570059825169e+01 2.632301873845342044e+01
-7.357985474986834618e+01 3.198689587393383604e+01
-6.926893727920614197e+01 1.746024360767343353e+01
-5.725422444620384077e+00 5.411183671072365087e+01
-6.828431295075434093e+01 -1.840069933664922885e+01
4.549831220601589510e-01 6.291387557341073489e+01
-7.245431492081304725e+01 4.645763903533302397e+01
-1.933532460277342580e+01 -1.556087091150193391e+00
-5.325999400917175564e+01 1.203261944408860273e+01
-4.841279281841325499e+00 -2.692205327953736216e+01
7.223109319531467953e+00 -5.765546393033051942e+01
-8.314187391748973255e+01 2.441475903287994242e+01
1.781419363243588805e+01 -4.750380017692657475e+01
-8.096886214380850788e+01 2.703697996905838341e+00
-4.842429663710699117e+01 8.908876638908940038e+01
3.677572644038730232e+01 5.661445209183686433e-01
-3.095811104983950557e+01 6.416440770349431943e+01
5.773725367030999678e+01 3.120692941534839804e+01
-1.015635889691083946e+02 5.749005855608820070e+01
-3.336328023177647140e+01 5.810408722072349263e+01
6.907179133188409992e+01 3.071192712674189451e+01
-3.013993300572881395e+01 -4.803916009921352526e+01
5.823753716619460619e+01 -2.652830750217312783e+01
-1.568759344507649018e+02 6.731502862452663294e+01
-3.670773192424002929e+01 2.828703600286839759e+01
-1.123993733799665904e+02 -2.980961988126377094e+01
1.337530171314442740e+01 3.518307984953419520e+01
1.563814898453989066e+01 6.270919062160265156e+01
6.686899609691504054e+01 -4.842278116934847532e+01
-2.402164291246529970e+01 8.367375626485600293e+00
-6.107650261781361678e+01 -5.018611769156575519e+01
-2.725837219295029001e+01 8.691681401411690899e+01
-1.599102928183652406e+00 3.124588872615572654e+01
2.741119440062531254e+01 -1.750488188061809325e+01
-6.479925479087530960e+01 3.656351635424623936e+01
-2.454439002802413228e+01 -4.335536577390428903e+01
3.622010085384174971e+01 -4.529731736350509408e+01
-2.158764786983348074e+02 -9.719175232974373557e+01
-4.559650798772839408e+00 7.279829766829635673e+01
-9.903422457903394616e+01 -2.012741297565795229e+00
7.755658923082056333e+01 -4.339742245750851168e+01
-7.912065970910795443e+01 2.839739031747242493e+01
-1.028148189055033868e+02 -5.113973210272164494e+01
-1.472914170548924346e+02 -4.326771810398270190e+01
6.902971699980937181e+00 2.232486619753873214e+01
-7.115910610910152911e+01 1.026561170925533162e+01
-3.766758116818133573e+01 3.583507836476874786e+01
-1.162424364966778256e+01 1.133570024023860299e+02
-3.900648370939138943e+01 9.947414315932583406e+01
5.541424551642218432e+01 1.708021405250378564e+02
1.098260871407049599e+01 1.170187489384909352e+00
3.283229580568413297e+01 -3.713041518876408986e+01
6.317269918920844418e+01 -2.287118349818636887e+01
-5.636246461273407959e+01 1.969816410914556926e+01
-9.594445626655067372e+01 2.856908912377469179e+01
-2.038824891581016630e+01 2.510795294879686779e+01
-3.394495787896330796e+01 -6.339844383607192668e+01
-1.361002695977263066e+01 -3.719865909955419436e+00
1.282700778709032541e+01 5.307419615496913678e+01
-8.240216305741755320e+01 5.367283026302430926e+01
-6.228113798747800445e+01 1.352901419327737642e+01
-7.824670172938246182e+00 9.739325316530033305e+00
-6.817168680663291624e+00 -9.879876387454379483e+01
-2.478778449489490399e+01 -1.459920068446592438e+02
5.809678381557232996e+01 3.563104438215233927e+01
-2.817917049950235864e+01 2.136884302871821006e+01
-2.324120531557290192e+01 -1.837139177804359846e+01
-9.063609225767844180e+01 -9.673378347812482403e+00
-5.146314012452407383e+01 -4.732385766528301474e+01
1.210232168539291422e+02 -3.934790616235194705e+01
7.318398019864008575e+01 1.014511901625942443e+02
1.600061491172603922e+01 -1.020241224043720365e+02
-2.566897636604156929e+01 -3.085665811957240123e+01
-4.031526445621530286e+01 6.867528697073221622e+01
-9.391960921156353947e+00 -1.565641106243312031e+01
-5.089596010521662350e+01 2.252918693078593648e+01
-6.223987346654270780e+00 -4.017491852096451055e+01
-5.905664602610119829e+01 4.739515812693693420e+01
-1.695798050677738544e+01 1.237306012051626425e+01
-3.941901533663834556e+01 4.117755691165371879e+00
6.984361867463019280e+01 -6.211165591380164130e+01
4.691406624399199643e+01 1.442962782422964452e+01
-7.802688597240616275e+01 1.219099957525902589e+01
-1.144323750150490895e+02 5.133994427974010222e+01
-2.585628728090743778e+01 -9.613785066875854213e+00
7.646964118230819452e+01 1.319910775807395353e+01
4.728116819465544296e+00 6.504378918348082550e+01
8.782629111832440572e+01 -4.998030729086776347e+01
3.159427606713079228e+01 -6.801843131037459500e+01
6.301839861576598167e+01 -1.696691931253638819e+00
-2.611119946039984541e+01 -6.628018405106166711e+01
-4.375810329098034401e+01 2.475492028608182693e+01
4.857672794984041786e+01 -2.380405143156061953e+01
-1.907330709185739437e+01 -4.168691409219282917e+01
-5.361222709475526216e+01 -1.079757881823785759e+01
-1.034482401156468825e+02 -1.204165215127442501e+01
-8.992706517346672968e+01 1.191328638984559873e+01
-1.164624237316290234e+01 -4.441694459515902338e+01
3.267879417705843537e+01 -2.787133393140815230e+01
2.482115472891859653e+01 -4.282871410965292824e+01
-2.231472249939112729e+01 5.685293222469993424e+01
-8.384808517702529684e+01 1.590014512385831935e+01
-3.696692290733347619e+01 -3.683725915141824458e+01
-3.117063747777660510e+01 -8.407782236229364514e+01
-4.155015406488789864e+01 5.549774879079451750e+01
6.125951754747786282e+01 -1.716781383502312508e+01
-8.969953269138368057e+01 3.236747507930293466e+01
-1.511522194247341702e+02 -5.577812883275331757e+01
-1.201782298113451759e+02 -6.204254357649375606e+01
-9.402516721589203996e+01 -2.813286218747414580e+01
-9.009578844466507519e+01 7.679166383694915510e+01
8.179489290959979897e+00 -7.606347664323696733e+01
1.701806052862151120e+01 -5.537981499697386312e+01
1.497796475794603488e+01 4.151757513447338965e+01
-2.489063315832113155e+00 2.189427898731071664e+01
-3.665546525368794306e+01 5.180320558833178524e+01
3.708858382991305547e+01 -1.846568243740498971e+01
-1.546097693701236437e+02 -9.829067089934406454e+01
-1.464280764094971516e+02 -1.872649414801129453e+01
-7.507357379750781945e+01 2.241306676766736317e+01
4.033261934048250907e+01 5.741904113223355921e+01
-6.983857148521911995e+01 2.667358271223640998e+01
-1.791921162594580252e+01 -8.361189094142785905e+01
-2.271640475668561088e+00 -3.501999236902726409e-01
-7.313747842454704085e+01 -7.834851674882177974e+01
-5.248076290433584035e+01 1.478666097363299681e+00
5.305160549891940036e+01 2.342506483261026418e+01
3.044955887535986605e+01 9.332583750033544234e+00
-2.032977379802200169e+00 -3.570803635018799582e+01
-3.580751572915305303e+01 -7.067749921262409885e+01
5.881959790991223969e+01 4.583257720772034816e+01
2.757259008065419437e+01 1.006905995965398981e+00
-2.440426643217849900e+01 -2.445518877051879159e+01
-1.339458349626922740e+01 -2.269483619546769759e+01
2.834473209252416837e+01 2.483717670914696640e+01
-6.821590490414344288e+01 -5.802803637358940669e+00
-5.014779280253956983e+01 -5.019704516966292829e+00
-8.438880542608038127e+01 -6.633801379084565042e+01
3.365373199765969758e+01 -5.685061198275024452e+01
1.919396944183560905e+01 1.689871569782064853e+01
2.925870764968193072e+01 -7.690879145213062884e+01
-2.709068029865560234e+01 8.690459050565725319e-01
6.440059876101629754e+01 1.310566379402742321e+01
2.868143877251165463e+01 1.704313880740196652e+01
3.963350240856642159e+01 -3.782738271440158684e+01
-7.100761251490966686e+01 7.379883603422633165e+00
1.761034190724733151e+01 -1.531340867495317504e+01
3.443367988381428546e+00 1.784732286592966233e+01
4.494803278250867606e+01 3.258281535640735882e+01
-2.379961291765686582e+01 4.011259746800674009e+01
-4.081295750816519075e+01 -2.873744723797214018e+00
2.523341842673639590e+01 -5.469697044556126997e+01
4.359791120380376128e+01 -9.121680534645760119e+00
-4.260436102788073498e+01 -8.216458591610573592e+01
-9.810707651451448186e+00 3.398443056119202765e+01
-1.579156608435504161e+01 -6.636123010377465903e+01
-6.192945134565166398e+01 -1.200142064900443017e+02
4.731854356352055646e+00 5.801534752470819178e+00
-1.147933123085223528e+01 1.671359146571004572e+01
-8.225612060046836760e+00 -2.221278885518890966e+00
4.096453924603871144e+01 -9.823054847201332507e+01
1.531105350651411345e-01 -8.086392467675642592e+01
-4.373830118945047474e+00 -5.303776866780005150e+01
-4.856151333824096383e+01 3.836466736419882295e+01
-1.337897637813729546e+01 6.892525523149995337e+00
6.464886470439114419e+01 -3.693793320240301625e+01
9.542842484331739428e+00 -3.141440886241144881e+01
1.304243191939046831e+01 -6.518810043007368904e+01
-5.998861704249360116e+01 -6.031225756323596698e+01
-5.364858507195542359e+01 2.974815129698697191e+01
-3.291628968852689496e+01 -4.779695380713193664e+00
-1.284905754268447531e+01 6.532820582636337292e+01
3.891006404726856260e+01 -2.611362220453573357e+01
-3.407166338126975091e+01 -5.306377944972879135e+01
1.220422655043381752e+02 -2.057801511749757140e+01
1.569866471740469080e+02 1.039229442796442839e+02
2.482499539859869131e+01 -1.269544908363004510e+01
-2.297918439161831472e+01 1.109731242890316167e+02
-5.957977589439806110e+01 1.238389650247365665e+02
-5.449332354612980822e+01 7.063965015732377140e+01
5.699113388163091543e+01 -6.870336413457631863e+01
-5.898887368060372438e+01 -5.275779731912737525e+00
-5.411336965478721339e+00 -1.268372807644839995e+01
-2.002932820535486158e+01 -9.500865273790621757e+01
-6.897472594113546052e+01 1.088319168216156925e+02
-4.642056357745673978e+01 -3.891110039301568690e+01
-6.131292651263915161e+01 -2.120064162590186996e+01
-3.568110334093258018e+01 7.912488687829343803e+01
1.835677435493343168e+01 -3.364754634223390894e+01
5.527248070688677473e+01 1.036135959490053438e+01
-4.431857104995223295e+01 -5.416517607929910838e+01
-1.597814787547328130e+01 -4.886849739759533406e+01
-5.727923108174316980e+01 1.566753325777969508e+02
-3.277233074770724386e+01 -2.011908779700081951e+01
-1.067834189505088283e+01 -5.659370060065545260e+01
-3.068843060095637298e+01 -3.514323992349059012e+01
9.894278980742630125e+00 1.028933399507751645e+01
-3.670815261578420063e+01 1.237879654606664843e+02
1.302138993409141499e+01 -4.304343356213043847e+01
3.630349261971736041e+01 1.414160436744535332e+01
-4.770436040802676558e+01 -2.636396501369438283e+01
3.948453870236517105e+01 1.491333882802800304e+02
2.921407706226077039e+00 -1.777933058918912224e+01
-4.177617579365075073e+01 4.203396220614348522e+01
-6.676163435869878526e+01 -4.586837165112128645e+01
-1.352519902028277272e+02 2.091685607452367890e+01
-4.511954204815463498e+01 -1.517220489178190945e+01
