1.074434653514979061e+02 -8.849762376905406569e+00
-2.798486722338907384e+01 2.364927574311850833e+01
3.816137728788554995e+01 3.284494599421491046e+01
-1.336755521858164464e+01 7.826323919501031412e+01
3.734663485980182429e+01 -1.090957138049087760e+01
5.292752881802146980e+00 2.575257501502888857e+01
-8.816678487794497698e+00 2.827548483036523663e+01
7.163477468930577174e+01 2.756160772537804959e+01
6.837709603487468257e+01 1.302786879594023794e+01
4.720091056425474818e+01 5.108671281530405395e+01
-2.860849343351914342e+01 5.175112255919855642e+01
-1.553849698649399436e+01 3.294747053988663765e+01
4.354889021272197880e+01 -6.206140173815531824e+01
5.472073342106213545e+00 3.079493444526136514e+01
2.489416638153950245e+01 3.609260385879354516e+01
2.124171347597727788e+01 2.153552182724304487e+01
7.501298088582858270e+01 7.932740196305556601e+00
-2.095642253534664157e+00 -6.263924698990109619e+01
-7.168580186965321843e+00 5.402019861585974780e+01
1.214368171863694812e+02 6.946405096055795525e+01
-3.593556727313990251e+01 -3.134224380210183369e+01
-6.930600304053622551e+01 9.196799987547426269e+01
1.741963155102151717e+01 3.689072047659426801e+01
-2.257050538635493453e+01 3.501874301166262882e+01
-2.310566897594079450e+01 6.730125125730846491e+01
-3.769059647539274494e+01 -7.295442378776407111e+01
2.578748660344924559e+01 -5.027882383184213921e+01
2.909266180809618518e+01 -6.718457738769041399e+00
-1.064761351884739327e+01 1.040825634176870196e+01
-1.008704304182360900e+01 8.684336473754059682e+01
5.596350559229610155e+01 8.890958577558033937e+01
-6.500149576986365219e+01 1.773951352268295167e+01
2.862028117600296184e+01 6.080385590779314242e+01
-6.514320210271992151e-01 -5.387549015068469771e+01
3.208431629627333592e+01 -5.776158556040557102e+01
7.545302513303538205e+01 -6.801723981710124178e+01
3.619086233511963346e+00 -5.547094576240329644e+01
5.911677167920527154e+01 1.507178324932063873e+01
1.094188324283148006e+01 -6.277461577122308256e+01
-5.543282228330371453e+01 -9.898379128888896616e+01
-6.185879228149207165e+01 6.487582065924522112e+01
4.110387096609233737e+01 8.460837146450420221e+01
1.790613040024589964e+01 -3.651055783132928667e+01
5.307684697423842124e+01 1.666087699044722115e+01
2.086355352596346435e+01 5.445342249352739472e+00
7.832185804185657219e+01 9.864476860563713423e-01
3.682303340652635626e+01 2.244378487193053573e+01
6.784663466243326013e+01 1.993079764804218224e+00
-8.332546745809099775e+01 -1.443765287761923055e+01
5.368582091426398506e+01 2.475073149818350515e+01
1.732972479117283271e+01 1.635274228331807223e+01
-6.257245055807728562e+01 5.692061337443199420e+01
-8.246505023208506202e+00 8.292103884318116513e+01
6.391684895932292676e+01 5.992605721994907242e+01
4.602212513491203083e+01 1.040249498511228587e+01
3.560100793239205785e+01 -2.394083771125881910e+01
-7.935292267532088317e+01 -7.532734520948629608e+01
5.996698942674643007e+01 -3.478576020074009278e+01
7.905259226878800405e+01 3.443177768722364362e+01
-6.329936926469175518e+01 -4.391844367269685989e+01
-4.885335333406559677e+00 3.711334179958924562e+00
-7.329258311917288893e+01 -1.203795009464230858e+01
3.208907170572953049e+01 -4.428293274957334802e+01
-2.030235839051017521e+01 8.254942986242521386e+01
-3.120498506744247535e+01 -4.051214458258375828e+01
-8.798544160804874537e+01 2.797621797414186773e+01
6.938252184622770358e+01 -4.808666436048680737e+01
-2.714622756331832676e+01 -7.777123876864854424e+01
5.270718126076756960e+01 9.477638727676238162e+00
5.048120271623360367e+01 -2.046251795745384072e+01
2.859795911694397574e+01 1.060478744364425125e+02
5.287276550224432725e+01 -3.015677627728216592e+01
3.545690247296886355e+01 4.575880131460819200e+01
1.984205202562703505e+02 3.143313028942826648e+01
-3.734475017048325896e+01 4.641227650484930223e+01
-4.694615396204814317e+01 -2.989488793621251617e+01
-1.488099483163169801e+01 5.010275911622915146e+01
3.116470057428453622e+00 8.715778785091289649e+01
-1.265871311753213462e+02 9.733079856995695422e+01
-1.695462030410577370e+01 2.440047456027971506e+01
7.055903703443017605e+01 -3.677557197403209521e+00
-1.855893316042857322e+01 -1.437040949804705292e+01
8.360884849259568874e-01 3.540317490450861726e+01
-9.259482295995971057e+00 4.455431915314836999e+01
-5.633863587701775089e+01 -5.806696796460578014e+01
-2.272765720432042968e+01 -2.143792298342219738e+00
6.413881528361383744e+01 3.989391364581348398e+01
-4.556757782152649128e+01 -4.613984860257067311e+01
2.886465514364027651e+00 9.168910341586721913e+00
8.980737023585331258e+01 -5.424351723053309371e+01
-8.190417434636401595e+01 1.984662379188810348e+02
-2.871651706602905207e+01 1.501770274043471431e+01
5.916628016897498554e+01 4.708849035143974682e+00
-3.685206678023467219e+01 1.656208622445879186e+01
4.060878215549656289e+01 3.782661483003943914e+01
2.288899572247042968e+01 3.017773401811045986e+01
1.093457978069427305e+01 6.245272963737883742e+01
7.317600617988729539e+01 -3.219178784833439266e+01
1.771665498272045980e+01 6.728991467224486200e+01
4.168397207777019986e+01 6.419090226855948345e+01
-1.231803667244816047e+01 -1.044939103880171594e+01
5.036149886944308207e+01 -3.815252349464622483e+01
8.860104048665600374e+01 9.015541759109940756e+01
-2.780999543759639536e+01 -1.911930651070499110e+01
1.448590401200929989e+01 -6.848200837807147501e+00
-6.896987645447394755e+01 -1.267340035195757508e+02
-5.240468661580268872e+01 5.513361365016478111e+00
8.460102496085310975e+01 6.501582997587642865e+01
9.505435312950297089e+01 3.214786333201012525e+01
5.981097351562560505e+00 1.570670336927306465e+01
-1.825017215397926762e+01 5.786330790532641544e+01
5.230089419735385547e+01 -7.205655644241866753e+01
-9.395556715452360663e+01 -5.866176218749760096e+01
-8.458169381051950708e+00 3.849989591414225032e+01
7.215330073961349910e+01 -5.616238712496755170e+01
-3.737271883329000843e+01 2.488323610308157896e+01
3.408437599426601849e+00 -6.066640454642008251e+01
-1.386711499649803443e+02 -5.767428707207317728e+01
-1.643395716066362695e+02 -7.358290009284171873e+00
2.144960798286554393e+01 -6.355581764302820957e+00
2.747950282852127657e+01 -3.442657352392854619e+01
8.814401156138623605e+01 9.466469984122140247e+00
-2.898305938790133141e+01 -3.448555295470513471e+01
-8.083825780042630527e+01 -3.697975943626497042e+01
-4.117434521479052023e+01 -8.215623265880014969e+01
-1.789864375994039492e+01 4.198035589727157912e+01
4.796059185608680764e+01 -1.453737322255872755e+01
-5.637712757089607862e+01 -4.991054637395201610e+01
1.582683936589475309e+02 3.758872771516507783e+01
7.521961554229527280e+01 4.239232386738886049e+01
-1.208734156992523445e+01 -5.453899520494672970e+01
-2.681293837258750301e+01 -6.893909644910129941e+01
8.043479310602263865e+01 7.060176292439339818e+01
8.584495305718454006e+01 2.625526367031440600e+01
1.926527582395441485e+01 -1.309000656018644193e+01
1.404047800125906420e+01 7.611267733907097011e+01
-6.526825876068579113e+00 6.636267012811791233e+01
-3.026486975394052692e+01 3.438355586887965387e+00
-8.214328569825318027e+01 5.966109570665820172e+01
1.126106067326463744e+01 5.660736567753508552e+01
6.863600740424415392e+01 8.851533063726549244e+01
1.793748538985935781e+01 -5.179389328771296874e+01
1.721391735016672797e+01 4.437073830265848784e+01
9.344662672435956097e+01 -2.237157435719741372e+01
8.363222172034542723e+01 -4.065081248918416179e+01
2.019422113232232974e+01 -1.197585474343520531e+02
6.423735596331350450e+01 -9.176678312514657421e+01
-1.755266037478792640e+01 -1.612998163360691350e+00
1.729582230025010503e+01 5.258885912147732000e+01
-4.154058290029404077e+01 -1.516119297464307714e+01
-1.323462522712783311e+02 -4.677297794657263097e+01
6.235251515177655790e+01 -7.382034127335548135e+01
-3.056186954963533964e+01 5.948014546472559516e+01
1.462420119566874011e-01 5.506251461356247034e+01
1.037771281641592402e+01 4.501747483738639488e+01
9.033069189537521027e+00 -1.404910550099712552e+00
3.836829791645411802e+01 5.013200816909514401e+01
3.454910148099721567e+01 6.646099124196361840e-01
6.736130155500387673e+01 -4.110549486914332107e+01
7.251082497764551249e+01 6.427783083064745995e+01
5.678165261460014790e+01 4.673257515463919276e+01
5.908297369625415740e+01 2.919066371455783937e+01
-6.365448462835978205e+01 9.581534898093636343e+00
2.146839078201961470e+01 7.813939319893287916e+01
2.923066058261108324e+01 2.359160756282577154e+01
4.097403488105294400e+01 7.014291813026250821e+00
-7.107585841201540688e+01 2.411488444812697551e+01
1.097815452469388120e+01 1.182888391878707246e+01
3.681402948779454931e+01 -9.965965239190813918e+01
4.015629850524994993e+00 8.082381580506341834e+01
-4.552881220277758700e+01 1.177950468767805248e+01
-4.529463601543540818e+01 4.138772134469755315e+01
2.706066873704799747e+01 4.251627606913484847e+00
-7.364854246806287108e+01 8.406928960152070829e+01
-6.231953317995802877e+01 -1.078640835967483369e+01
1.514290432105498851e+00 -6.778481970168839155e+01
8.932105775105101397e-01 -3.882033051238522603e+00
1.549233839650094424e+01 5.852230860229710174e+00
-5.254730867991071364e+01 2.272853681286190763e+01
-7.247356205257013961e+00 -7.459741806183865265e+01
3.677285093954529316e+01 6.785339095217153726e+01
1.705507612237811088e+01 -7.434340373035425387e+01
1.356406645415326579e+02 -2.471215654400305795e+01
2.429112486252871150e+01 -6.648254987214062339e+01
-6.933710506872711221e+01 4.539281532352075743e+01
6.457929372448923289e+01 -1.285966241928452547e+01
-2.110817213796907055e+01 -1.613373761044390449e+02
4.089282119656032677e+01 9.580608312715469310e+01
-2.099258504511227752e+00 1.557287137910821251e+01
-2.983590052411221194e+01 7.470234721977202241e+01
9.315344150336382256e+01 1.290251729960924081e+02
-6.866245930762715943e+01 -2.642843880018207514e+01
-1.168209903888755896e+01 -3.624536905011211729e+01
4.905218159530681277e+01 1.065422870476302819e+02
4.319581114105129416e+01 7.502305539537523771e+01
2.319960109569375462e+01 4.866609141377453795e+01
-3.383183331558550222e-01 4.528123391762466099e+01
3.551829314846808217e+01 1.133088207960639338e+01
2.240375953003441012e+01 9.175511731235057766e+01
5.826717656195977035e+00 -6.522223029789864768e+01
-3.963998967050760314e+01 6.260695751681652155e+01
6.083392707295799795e+01 -2.304360460746788419e+01
4.603688272199239151e+01 -7.890590678139770553e-01
-4.793079259059820885e+01 -3.605474683972629890e+01
-8.010718088524463099e+01 7.988206581505286863e+01
-3.336937683746860617e-01 -2.021126737858632438e+01
-4.177232606578611751e+01 -5.731711708400601424e+01
3.870732605560756667e+01 -2.042258677135613354e+01
-4.600803473206891425e+01 -4.884058625416032307e+00
1.052576061231088644e+01 6.908897303019845992e+01
1.756237089520401184e+01 -1.284169455214457969e+02
2.664552902003567780e+01 -2.110458143497845285e+01
-9.839187426912504009e+01 2.657866143517680868e+01
7.450309297261470398e+00 3.903938330414595015e+01
1.973579994681971783e+01 -2.688598786207357705e+01
1.399623359814776791e+01 8.453700273660481912e+01
6.914755611900737620e+01 -2.722028726280094091e+01
1.340658964400732778e+01 -9.147995746467285016e+01
3.400666550913172870e+01 -3.160890943525423324e+01
-6.662480187438454493e+01 7.119271332252378670e+01
4.219529384023844898e+01 -1.278579750294917972e+01
-4.993985186996266812e+00 1.259504054432981093e+02
6.189866426742784711e+01 7.338086689958991826e+01
-5.073580429046644014e+01 8.327531415740592990e+01
4.433976378711036404e+01 -2.830767719989360387e+01
6.275946518944642349e+01 1.261007902531828506e+02
1.405897744838106256e+01 2.938220894011216444e+01
-1.037175108931110685e+02 4.654792927467226349e+01
5.985495181560201416e+01 -6.193189838767248290e+01
8.030481856307015676e+01 1.730281830666098841e+01
2.604191595569226525e+00 2.889224932655138467e+00
-6.239017971158072839e+01 -7.634648445595115795e-01
-5.319592209765646373e+01 3.944737863942244616e+01
9.730146381925598575e+01 6.670133353873503701e+00
8.844828983410850753e+01 -9.563680625624654397e+01
2.916079919539037490e+01 1.487749324642078186e+01
-1.980908160622346514e+01 -2.437529122386752789e+01
-2.132470472543132445e+01 1.398739929364574941e+01
-3.041429052258033749e+01 -5.260490148327913573e+01
-9.041470954001540328e-01 2.909672039155715950e+01
4.799776022423550614e+01 -4.947661454482302901e+01
-3.880408935950812577e+01 3.860294794503492888e+00
-8.453832047880339928e+00 -4.582652598768425634e+01
7.376936525887717266e+01 -1.171797243514639675e+01
6.426762635662392142e+01 7.950067321594413983e+00
-2.557445724849666391e+01 -6.111418983098072744e+01
6.261453222590795065e+01 2.154950155668594647e+01
2.151075596192458050e+01 -8.261064554068151722e+01
-8.885870316432806248e+01 3.199580210880748865e+01
-4.118064038298172846e+01 -2.561713884181614986e+01
4.778375237316787860e+01 2.118947940909767524e+01
-1.878613734273055869e+01 1.333593978390718746e+02
5.345628576325039916e+01 -2.223690380504937281e+00
6.019661229792549761e+01 -7.862108617970449131e+00
3.100198229130554850e+01 -7.095343999904466159e+01
-9.308595353526229133e+01 -2.326115727675703937e+01
-1.981370816809773316e+01 -4.023799328667330855e+01
8.409320575448441559e+01 5.107051382774298531e+01
1.345444919461480993e+01 -6.083357546027855278e+01
9.360305113110554487e+01 3.456021254700671363e+01
7.238469037991372979e+00 -7.390799722203782096e+01
4.108269845365128248e+01 -5.066243984427437397e+01
3.201194052774204835e+01 4.048206332510694239e+01
1.005398665235697564e+01 -3.757760761595422139e+01
6.963771092294378207e+01 4.974523085702459468e+01
-5.919539422344954005e+01 8.758625480330634616e+01
-3.475766048952683462e+01 7.443552516125098606e+00
-3.094288016486783377e+01 3.811109583147428026e+01
1.847987864927432611e+01 1.051183096645497557e+02
-1.802235217592623329e+01 7.490727770848305767e+00
-3.953237683720205098e+01 3.352594688300804648e+01
5.296723342690088288e+01 -5.643679762619604645e+01
-8.058578032992555507e+01 1.305775176334881715e+00
-2.950552955230885743e+01 8.924310007933299005e+01
-7.676411265419950780e+01 -9.364753794225580918e+01
-1.891767019972035655e+02 6.832992352280733428e+01
3.006628714515514389e+01 5.100858857689823367e+01
1.113112499173068848e+01 2.194327918708339809e+01
-2.848259602193198958e+01 3.052626421487550701e+01
6.895023468950814305e+00 5.049417670435629901e+01
-7.758018416633228753e+01 2.586580331238072716e+01
5.360063335442750798e+01 5.432076586848572219e+01
-1.983196303546439410e+01 -5.489017372581405851e+01
-7.113933822555480013e+00 -5.988773215668748406e+01
-4.499364607597578924e+01 2.965689339779345346e+01
-1.467071361329544175e+02 7.464167263242215711e+01
-7.455692404076127389e+01 -4.312403059454178589e+01
5.310008876693104440e+01 -1.100872052624112456e+02
2.175935497212992331e+01 -1.534288027298067369e+01
-1.860633773628970289e+01 1.956275694531068510e+01
-6.268529913119067487e+00 -6.151666570372642084e+00
4.534605331332592471e+01 3.063076027334815166e+01
-7.560623853190315913e+01 -5.417333230627372131e+01
1.276501017145303365e+02 -3.670654159671885708e+01
-6.210360317225716642e+01 3.803330072312088816e+01
-5.566573211347203909e+01 -2.226019489371991966e+01
4.145501558743705317e+01 -3.962754987950229690e+01
-2.541882473261442854e+01 1.177327790344797336e+02
-7.359310611016633974e-01 2.336924770230922377e+01
-3.378184558363907541e+01 -6.698831099748089990e+00
5.385799713475344364e-01 7.015985488564517425e+01
