5.863475937124142945e+01 1.148639121730707018e+02
1.154082181308999822e+01 1.717152403201267319e+01
1.501967819145872625e+02 8.125578589166083887e+00
6.286869649831993456e+01 -9.519962334750438515e+01
-1.382444822798427140e+02 1.764903720986686153e+01
-6.819028038780434997e+01 -2.077100108661420919e+01
-2.480291012229391967e+01 7.412313742299222952e+01
-1.142331197417618682e+02 3.262722459160452360e+01
1.515395737441504354e+00 -2.239739734632577850e+01
9.437509601911099821e+01 -5.962641350804030083e+01
4.518964594750082853e+01 -1.077488621776226552e+02
-6.113777820565626087e+01 -9.798969859387958081e+01
4.460455492679989931e+01 -3.447842812987571648e+01
-4.495878333587189957e+01 -9.998936252427029103e+01
-3.678350542943739754e+01 -6.887756594259810683e+00
-6.181331698234723149e+01 -1.194920219051912591e+00
-1.011650781748598149e+02 6.746708096280947586e+01
7.926473611290377619e+01 -4.814733242346675013e+01
3.572779945236496246e+01 3.555430810228575211e+01
-3.312306022646380654e+01 -7.064080637988409705e+01
-3.839319474860158010e+01 8.967785530760095014e+01
2.730355035485817439e+02 5.836109490454811066e+01
-1.320198089458027724e+01 -2.352129118425025638e+02
-7.763982804069011934e+01 -8.147055818480089329e+01
-2.067828424170660373e+00 -7.684947928394426242e+01
-6.612797074206089576e+01 -6.285392545788700147e+01
-9.428010730715270427e+01 1.926241195201198053e+01
-1.282126547748033261e+02 1.253872492961158258e+02
-1.025274856231183378e+02 -1.726755665368706971e+01
1.234496752723105040e+01 -3.484343150910147102e+01
5.382698781800654331e+01 -7.822764654661629891e+01
2.728242310309938716e+02 2.588514560309217813e+02
-3.606833612826895319e+02 1.423296196438863319e+02
6.936462034762163853e+01 8.434614547216922631e+01
-5.183321543700555978e+00 -3.562443489790927487e+01
-4.273087207716275060e+01 2.942115939671526803e+01
-9.084044391488019343e+00 -3.232975828081203531e+02
-8.012067316643327786e+01 9.089575605456155927e+01
9.183111467414862616e+00 -6.328027700323749372e+01
-4.987483393953938560e+01 3.838249562648605284e+00
-1.354151565269752666e+01 -2.380623454190768129e+01
1.238024841522823394e+01 7.814560395899549405e+01
3.329363412379547071e+01 2.295257579560281158e+01
-9.575106255681761525e+01 -7.488536705754975742e+01
-8.523185125720517874e+01 -2.328519515638349446e+01
-2.508425887363182483e+01 1.451301950526552105e+02
-1.272867957031093624e+02 6.278240022342242099e+01
-2.122553098389678894e+02 1.303435070736562693e+02
-4.177661471313543728e+01 -2.809266661129520770e+01
1.688983591910633208e+01 -1.004644208671681866e+02
-2.999220578462675491e+01 1.054743537407522211e+02
-1.660366324146655757e+02 -1.719484094789789879e+02
-1.563159996759923445e+02 -9.978033819210811828e+01
8.535475007924956969e+01 3.316247193394899284e+01
-7.046800887200768670e+01 7.222987601601703034e+01
-3.467692389324097491e+01 1.005763550415473340e+01
-1.368793475736739751e+01 4.557337028159402337e+01
3.360587287688507274e+01 5.327138078784243191e+01
1.107952846189774050e+02 -4.825473402671273249e+01
-1.563622067254789627e+01 -8.391123193162955829e+01
3.713051568189855089e+01 7.319788114774965493e+01
4.416325947786658190e+01 1.345135818395368688e+02
2.834872306357378235e+01 -2.937311834299124413e+01
-1.547784770126585130e+01 -1.204130274463714585e+02
1.036122508844375858e+02 6.672168053304806001e+00
1.588171460944614637e+02 2.127143357610887904e+02
-2.729892994454943533e+01 -8.804527827634677806e+01
3.278721841490821731e+01 -1.211548108131739099e+01
-2.855267653610064116e+01 2.897971279240813658e+01
-3.742790872884293094e+02 -6.776461814339924672e+01
2.285823815708179652e+01 1.984887381605521739e+02
-2.395231317963133932e+01 1.764667642183568308e-01
-5.097245856780435247e+01 -1.587040294865886914e+01
-1.406836314657556954e+02 9.289585260078089846e+01
1.546942689833149416e+02 7.258191977288200292e+01
1.556909726564057905e+00 2.746072500798467431e+01
-8.410718465281271961e+01 -5.278902180624407947e+01
1.339175341640228112e+02 -2.378944880803893369e+01
1.144072374489374511e+02 6.661078936420528862e+01
-1.109390754549976492e+02 3.365692994786396053e+00
2.039463530548615893e+02 9.909874405842909084e+01
3.648263411779931431e+01 -4.619076869815025077e+01
-8.639552956787132132e+01 -1.025219523187506780e+02
1.194180601869897274e+01 -7.622647190560925878e+01
-1.283082449552760238e+02 -1.756686029147918759e+01
7.589762567707377627e+01 -6.937042258006982820e+01
6.148182174998795091e+01 4.715053550871164845e+01
-1.738434298257222963e+02 4.264652571888205301e+01
-8.473330284351389707e+01 1.155766506657802921e+02
6.020259632666992644e+01 -5.901179952021216479e+01
2.126844060749089849e+01 3.161144068051065759e+01
8.555681211668253638e+01 2.094624637035914247e+02
-6.129625681823130279e+00 -9.786018080649154172e+01
-1.400928138323744676e+01 -1.014635415118999440e+01
-6.343599142838331062e+01 1.120150303627650743e+02
-4.131404384211065661e+01 -8.107027653986261839e+01
1.389564337033343691e+02 -1.546727316631112217e+02
5.558115789185773536e+01 -1.561247749739679591e+02
9.915955835346102276e+01 -1.285331671211531912e+01
1.082360589541403861e+01 5.745589916879097103e+01
1.735248799764647742e+01 1.415609349879569834e+02
8.376162412166976878e+01 6.029684254058255277e+01
-3.873954961407362418e+01 1.244730747009635081e+02
-6.220316266286900486e+01 -1.172641376205063750e+02
-1.825845555809447376e+02 -2.795712860001368654e+02
2.964452131461208140e+01 -6.404761792223474970e+01
1.652067079411397117e+02 -1.931163728700040849e+01
-4.917796032485720303e+01 -5.990433785294584368e+01
-3.269143878652476332e+01 -4.131245951059351995e+01
5.593282686921380531e+01 6.041025292759746890e+01
3.547908843196982076e+01 3.500593335213099344e+00
7.739857317524679559e+01 1.049801962088278202e+02
6.982121048126273877e+01 -3.526651348134268460e+01
-7.256527854080867712e+01 5.274243736234342350e+01
2.561622059250992578e+01 1.123904134236565682e+02
-4.031034408649000511e+02 7.986122110558420673e+01
4.866132801818124420e+01 -5.550302985310264781e+00
-5.746400185907420166e+01 2.566680920351840314e+02
1.398520680937009502e+02 -2.897316225426604319e+02
4.081738759871044664e+01 9.529124907356249707e+01
6.821061462808508224e+01 6.470348389190156979e+01
-1.191547521272226078e+02 -1.842768836591489787e+02
-8.441284034730573183e+01 -5.781657557164123773e-01
2.778106759970846440e+01 -9.378123505896438417e+01
-1.418580752836037639e+01 -5.727252665192609271e+01
-4.174675877708154559e+01 6.880340100940100001e+01
1.741058275115809550e+01 9.484228007321031839e+01
-4.456591924685469941e+00 5.821644276434683718e+01
-9.956449852838430559e+01 9.431788699578110879e+01
1.973423496280890532e+01 -4.430341539786536664e+00
7.875685021575353062e+01 1.380834042551041989e+02
2.042844508671592223e+02 -6.325859001453973463e+01
-5.670213031714771290e+01 1.972732702480844225e+01
-3.237492396056819643e+01 -5.643702200156116078e+01
-2.771441073735000060e+01 -1.018407076245461838e+02
5.962220495364134010e+00 -1.281454745803384014e+02
2.350006543658578906e+01 -4.733363848767402970e+01
1.001556317793497186e+01 6.389097109556154841e+00
-7.269576186381890182e+01 1.170379034434090748e+01
4.838384567714915363e+01 2.603808644950366968e+01
-1.284928596302172465e+01 9.429957366111121075e+01
-6.760399463631363126e+00 7.411110691911191850e+01
7.578793245971603199e+01 2.180577864051081782e+00
1.148391185991472838e+02 -8.748222949889728284e+01
9.803070817696665218e-01 1.046256370537865195e+02
-1.676543412916230125e+01 9.780959101822743307e+00
8.323014579714509864e+01 -1.320714524991549013e+02
-5.353159184484183442e+01 -7.805923193331871346e+01
-2.736817791832243074e+02 -1.001586755421581927e+02
1.212052938767064774e+02 8.363217266870629274e+00
-1.569866451365967066e+02 6.565592798316441758e+01
4.955486753740401440e+01 -4.916378013957393023e+01
1.284808130766857346e+02 3.604668513120064688e+01
-5.548311960009965560e+01 9.485864927281734538e+01
8.706181138244888018e+01 -2.661145149752094596e+01
6.821082224402601923e+01 1.717987998605226352e+01
-4.708703050264742984e+01 -4.395599404775093433e+01
2.735162581923083636e+01 -1.180903214500139455e+02
-9.257964831894506119e+01 4.431353847791020684e+01
-1.830448388964212114e+01 -7.046815653136972912e+01
4.838512696192434959e+01 4.595181623324999265e+01
-1.087051477243150401e+02 -5.436611908038413787e+01
3.722496861763287512e+01 -7.768893996946255243e+01
-1.797807223436892254e+00 -5.058374641269745808e+01
6.032699640266699959e+01 3.139663998654908283e+01
1.224497971317600218e+02 -1.208333141232581625e+02
5.530503378551991744e+01 -2.498027018707778169e+01
1.603881427836546081e+01 -1.857351632640143535e+01
9.178418336324949678e+01 7.796405007168246470e+01
-1.592932165519109944e+01 -4.344112997528578290e+01
2.527039042612456754e+01 1.268352389408664571e+01
7.486101266330054216e+01 3.986181174237234615e+01
4.931293441531813215e+01 1.078204452039884842e+01
1.214402237640035631e+00 4.093533412305719565e+01
-5.581634323710506607e+01 7.644214992672779374e+01
-6.550426347909062486e+01 -3.916521861945103922e+01
7.997243800734034380e+01 -1.025960066079802857e+02
5.282446386549887762e+01 7.817525349090176690e+01
-5.785134291868558165e+01 3.876417919051583283e+01
2.327916099292016483e+01 6.549667558216849272e+01
-4.080718486373024945e+01 -1.289356319278136596e+02
-4.294864821627092510e+01 5.075969296346642778e+01
1.560230879077826387e+02 -6.096093902916104668e+01
5.847670662314805412e+01 -1.315073211433708309e+02
-1.184417275360119817e+02 -3.661483841261973282e+01
8.852919262793825794e+01 1.502079628007737711e+01
-1.255642023875258246e+02 -1.165453258457477403e+02
-3.318628801498294933e+01 4.532726812039481246e+01
1.017069788209481800e+02 4.595603404872550612e+01
-5.970125788875915163e+01 1.342018869660077769e+02
-3.414923414425430792e+01 5.457428441459144608e+01
6.221316782305707704e+01 -3.158897285909954888e+00
2.316886352272040028e+01 4.680176759497611982e+01
-1.510411461088849983e+01 2.629864431621322396e+01
-7.640945615028608984e+01 3.312730242341183384e+01
5.881212812568271602e+02 -1.751006432615340316e+02
-3.986604408335020722e+00 3.187825317798557379e+00
7.398895623950868128e+01 -1.649009831048678620e+02
-1.202613547299130232e+02 8.685545528960908257e+01
9.811569929669421697e+01 1.068558882918984807e+02
9.021407803586266994e+01 -9.026689426350608869e+01
4.426905191839226177e+02 1.352521589734978704e+02
7.033425308444979862e+01 -1.563280105786160235e+01
-7.886329039801798046e+01 1.651065239486440532e+02
-2.702998739315855659e+01 -2.135666224199772145e+01
