-2.537348124716135445e+01 -7.111777018420748675e+01
-4.952379671680547091e+01 -8.054890135248710692e+01
-7.138097888154355530e+01 -8.693796154323486292e+01
1.167069316301615522e+01 1.615180402030694395e+01
7.015536340024020490e+01 7.622717020184681225e+00
5.082907911474857343e+01 -8.667155118437884198e+01
3.613012811153121362e+01 -4.445084205230710950e+01
-3.510054651483335508e+00 5.361718136785524003e+00
-4.627877292944364740e+01 3.037262754589034941e+00
7.673143790479453230e+01 1.158227323183159285e+01
-4.470446659770082931e+01 -2.308853429077760211e+01
9.925256884292672055e+00 1.208164535863385396e+02
-6.273231507572396026e+01 3.501364166736973260e+01
-6.951361711626956819e+00 -1.599272873608379975e+01
7.379368292690327280e+01 1.842244270931355388e+01
-7.425950291602207187e+01 -4.124172564789302697e+01
5.916468879171737427e+01 -3.750383666202582589e+01
-7.681929758884594150e+01 -4.980992467921126376e+01
-3.837939799788063056e+01 -1.836131496156947307e+01
1.321894533977757646e+02 1.350085185133166377e+01
4.584853204787874859e+01 -6.635078126841546009e+01
-7.911165491351815149e+01 9.218572958895238756e+00
-9.143263600710356798e+01 -3.698870501898098695e+01
-3.409510609505966983e+01 4.282949947696627646e+01
5.500904480531367824e+00 4.622871673674342929e+00
-6.934936860323882968e+01 -5.483869637310549905e+01
-5.971128202316748457e+00 -5.194130146215938026e+01
5.127384505211138332e+01 -4.188339126386052413e+01
-9.543925899685584113e+01 -1.267174134216869597e+01
-4.475020290662306621e+01 -9.769755658397376408e+01
-5.523336090112727703e+01 -2.267209592357017200e+01
-2.069255014512120638e+01 -3.027972453927521812e+01
-1.549517544027767890e+01 7.120548149232605040e-01
-8.973764441291798732e+01 4.652291651113169024e+01
3.741569441504189086e+01 -5.697072486432372784e+01
1.349080879469533656e+01 -5.496048019477773749e+01
-8.088793674544699286e+01 2.950778695192379786e+00
4.448293356260472819e+01 -3.123745265729450793e+01
4.211921660205379503e+00 -6.009376976133333415e+01
2.404082103468820009e+00 -1.620973295602441766e+01
8.870541406742259483e+01 -6.725395232051479866e+01
-7.252397519988899433e+01 1.523967601777415659e+01
-1.015448733672189832e+02 4.925811889701729029e+01
-9.171755936862963665e+01 3.414159707607009864e+01
-1.008699395212862413e+02 6.748720076151128922e+01
7.825513717305737771e+01 -4.211112685281425172e+01
-3.414239107202211443e+01 -1.987041149303609533e+00
1.221115259692648181e+01 -1.909343920507808079e+01
1.151999889868387683e+01 6.429334391765735290e+01
3.153275226097487227e+00 1.647982426313764392e+01
-3.796695106109689988e+01 -6.394345565170877421e+01
-3.607009254218562688e+01 3.415516884533592901e+01
-7.000114834524757157e+01 -3.607060379402329886e+01
4.448111134795426125e+01 -3.893919733928981231e+01
3.328722369115022417e+01 -6.066168318194011988e+01
-5.324348154518748544e+01 -4.296366573836989744e+01
-8.816002234694383333e+01 -4.408844891566172919e+01
4.221057188369233160e+01 6.107536789037254721e+01
-2.010406455502588230e+01 1.354864581416904734e+01
-4.420045419042747881e+01 -8.365887482941685960e+01
1.835516354831950991e+01 3.347165902886573718e+01
-1.088128106065439766e+02 1.127829517545405764e+02
-8.476423023868086659e+01 8.913908184045820349e+01
3.669858279347215557e+01 -2.879062083589727550e+01
2.758323305118213042e+01 -1.196614864846694672e+02
-1.341330943648081941e+01 2.113214670157639219e+01
-3.893192956273619387e+01 -9.878819100463138270e+00
-5.775534303176620909e+01 4.028998154309314828e+01
5.443926520586737183e+01 1.543769319653484473e+01
-8.780996996041635327e+01 2.099195255704270480e+01
8.695426817151958687e+01 -1.522140665632616852e+01
-9.012667276046615328e+00 3.122253586953336324e+01
-4.405857626105731129e+01 -4.448155451891447143e+01
-3.504974924158054961e+01 1.728121218814052540e+01
3.318953677321001550e+01 -7.157947939004766624e+01
-7.239200915379127821e+01 4.553556903656446764e+01
-7.153855610441920021e+01 -6.166164181888266427e+01
-4.582214826037103705e+01 1.282675807566304726e+01
-6.978357022155155676e+01 -4.785195536375490377e+01
7.419289086714755399e+01 -2.521577979509353185e+01
1.148940150822293127e+01 -2.724114210403041270e+01
-7.737012707891427965e+01 2.584639353634907977e+01
-1.831556611148912239e+01 -4.113964971610536026e+01
-2.219436300335470946e+01 -5.734977253132392860e+01
-5.055173610349646651e+01 -1.246222891117271203e+01
-1.785385540779278912e+01 4.769104794959368832e+01
7.894538781675876749e+00 -6.100011116297309854e+00
-8.603916048392788340e+00 6.216048282290184801e+01
4.447796522562687471e+01 -8.931363510389545013e+01
3.066934572028937822e+01 -7.192422495813179495e+00
-7.714900025957510366e+01 -2.576807595323131039e+01
-5.619391802742884856e+00 -1.028375244619255540e+02
-1.029426944047664705e+02 3.174462483981651673e+01
2.997864379626050280e+01 -1.689563240250681986e+01
-8.792245533408758718e+01 1.153926065258139211e+01
-5.049326935227410473e+01 -6.401378530011932355e+01
-3.560782292290046058e+01 -7.567493246438984045e+01
2.698015267999096878e+01 8.491162848638555261e+01
3.700072741813517752e+00 -5.008865776370760159e+01
-7.978055600634793798e+00 -7.827251973000765872e+01
1.312335581239048032e+01 -1.227186929843023355e+00
4.734143745811768866e+01 2.911919934671594845e+01
-5.210242762327427357e+01 7.799559878609059638e+01
-2.759650963349827535e+01 9.215328017176766195e+01
2.141461337394974151e+01 -5.530405201123016923e+01
-1.387074753141526529e+01 -7.168109711658840411e+01
-1.012540544904569657e+02 -7.649440549147048785e+01
-3.120878344847640662e+01 -2.746950309331894147e+01
-4.577155441919816070e+01 -5.331261568329249201e+01
-6.169982430190241018e+01 -5.339531865576982739e+01
3.569502439396786286e+01 5.470177471201103714e+01
2.251689305078514991e+01 1.067878969606963224e+01
5.510664410965608084e+01 1.106248251003854079e+02
6.512197538767560445e+01 -5.228205747740219778e+01
-6.091543195665180122e+01 -7.762306782734636101e+01
7.347949567528877424e+01 2.545732723667683572e+01
-1.038925752755422991e+02 -2.536291912133691184e+01
-1.186951968231399768e+01 -3.308471926046455991e+01
5.040944211133692932e+01 8.971597972487998618e+01
-2.319586761858635526e+01 -4.171414338056771420e-01
-6.079790985413246318e+01 -6.232901292885397737e+01
2.759255265315469430e+01 4.773558367389647117e+01
2.982479535115606950e+01 -9.635102269940132658e+01
5.542888548752414124e+01 -5.938540566618954131e+01
4.931894743750007848e+01 -6.876553542724060719e+00
-1.837020352514633004e+01 -1.107259537142111441e+02
2.184159526541715834e+01 9.631503561834550697e-02
5.910401698906935763e+01 -2.905911651266903206e+01
-3.252720031084928465e+00 2.317963805553882750e+01
7.493339713771247546e+01 3.977247519071608650e+01
-7.921722435640975846e+01 -5.571786116196695815e+01
-2.348798947670249149e+01 6.338457345071182658e+01
5.616876666982221877e+01 9.541915127978088051e+00
4.426895318788611178e+01 -5.272923445791662544e+01
7.973604945966539503e+01 3.861756249736981061e+01
-3.801382591161934243e+01 -4.900033160723253900e+01
-6.126676138431671603e+01 -1.401119249262844946e+01
2.081771022992884923e+01 -1.135875828013091215e+01
1.886427852842140496e+01 -4.464678625778849153e+01
2.969033715436702181e+01 1.884434858997008577e+00
-5.784128665210815257e+01 7.066709298158147412e+00
5.873710556383995396e+01 5.267988640829491231e+01
5.154715660868589566e+00 2.916171888502702103e+01
-8.209015834092309660e+01 -7.624079365000976338e+01
2.915953922075779658e+01 4.152950786438825048e+01
-1.445055325113058409e+01 -9.253848338441393651e+01
-5.353153202897526342e+01 1.514149060261408941e+01
1.140376589074512381e+01 5.645406893329569442e+01
-1.260771900697401904e+01 -4.308002200947977656e+01
1.092406339402152042e+02 6.156922249561327476e+01
-1.194007085870024909e+01 1.085708027540634291e+01
-2.570699697600235822e+01 -2.051256455730803197e+01
1.476731784913476275e+01 7.114871840048060392e+00
1.344209739044901823e+02 2.245906591269378225e+02
-4.423887461490630102e+01 -3.221760475714733474e+01
6.669193612819471184e+01 2.020701153890394508e+01
6.891680254961160301e+01 1.415936399783132771e+01
1.905219676949739238e+01 -6.857653111479325503e+01
-3.928581223986237347e+01 6.695261629989781227e+01
5.328429367028724073e+01 -1.607091523569076941e+01
-8.030402206156684031e+01 -5.302732681290603267e+00
-6.463903534853234589e+01 -4.192858637851703207e+01
-3.319692237396468926e+01 -1.080142591028846226e+02
4.267975064569521493e+01 -1.055390601172061338e+02
2.875382700368523103e+01 -3.318686983375290112e+01
2.782248832539951167e+01 -4.747274608994867151e+01
-2.265462982365553657e+01 -5.183911407739444854e+01
-2.191627158595321478e-01 6.367860696346384231e+01
-4.621368825072263320e+01 -4.788788074983209242e+00
-6.713410132383084772e+01 -6.790358344525492384e+01
4.819552941667417656e+01 7.107294662547843700e+01
-2.985085276733578397e+01 -1.237185091817518945e+01
-5.362240664205707219e+01 -5.484571481442323915e+01
5.613491730002505875e+01 -1.008395092292242623e+02
-9.644690305255911866e+00 1.020031252632579282e+02
-6.524698001338416020e+01 2.456319130926340932e+01
-7.241795459974605365e+01 3.919473696290433651e+01
3.676630186050837779e+01 2.225816339256132537e+01
2.857683757334559971e+01 -2.753471156435459832e+01
5.601434635218394931e+01 4.227809969791167788e+01
7.983069855049113528e+01 5.973074758421445551e+01
4.659129612836144219e+01 4.829125789322299767e+01
-3.839298071255885247e+01 8.075896015964352159e+01
-8.612573367264859669e+00 4.717521081570810537e+01
9.788472030697825232e+01 -9.632959651927681222e+00
-1.334574882980057353e+01 8.580849534987717675e+01
-1.695569312993380038e+02 -1.094761897192177145e+02
1.306626841927478111e+01 -9.159068683160995761e+00
9.768489299108765067e+00 4.014093239140837710e+01
-3.142811771623354389e+01 -5.762119149432889742e+01
-1.012064628649773290e+01 -1.239322371009984778e+02
-9.595257026039057280e+01 7.281330138686767928e-01
1.523642925452469576e+01 -8.886150138353242767e+01
-1.687619322143960332e+01 -8.081905437652946489e+01
-3.079059400944286651e+01 6.840925731039267710e+00
-1.078653357649864546e+02 -1.377848462072128655e+01
5.353732253397106433e+01 2.795622261522584395e+01
-5.354273630324042443e+01 2.307806368380418149e+01
-6.325899074993156290e+01 -4.748751005626493082e+01
3.109174291769097564e+01 1.189322099407627498e+01
-6.202196955522977362e+01 -2.936765977892940427e+01
7.876775116825881184e+01 -2.315048781362747832e+00
8.044198690779918337e+00 -7.183320927587617177e+01
-5.928042007809462888e+01 1.607732022276759309e+01
1.401813360270086584e+01 -3.588474534983708963e+01
-8.331444719321990533e+01 4.861698796512835941e+01
6.110380097420367917e+01 -4.832763595000753298e+01
-8.294806925643523243e+01 2.945676565327891083e+01
4.438024928798295576e+01 -7.580343079564747200e+01
-2.506386373501092280e+01 3.897044186890290973e+01
-1.512234462935725219e+02 -8.344930349082538612e+01
8.049912057997765658e+01 1.700986016805494216e+01
-6.617912289066421749e+01 9.827522459338094762e+00
4.247801766253270728e+01 -1.650874126726484903e+01
1.841167980105641888e+01 -6.216426771390175787e+01
-6.722258378786085586e+01 -2.169197190594229241e+01
1.593617003312610692e+01 -7.475743355920000965e+01
-1.361114459206301319e+02 -7.036656099717606594e+01
-2.317856686555668944e+01 2.447788147489893618e+01
-4.342405301280061991e+01 2.313331820849179721e+01
-7.505756783027021584e+01 -1.361794235086624205e+01
-1.522094793709194427e+01 5.555893542442576205e+01
4.765967638616226765e+01 3.597974565268319047e+00
-5.165076033946392897e+01 4.323116389521771197e+01
1.060595346193749045e+01 2.703267473118209807e+01
-1.190026187418991199e+01 3.962147464202428893e+01
-2.180922902031229071e+00 -6.707626472054861289e+00
-5.031150792996385945e+01 3.168613536626105187e+01
-3.198243236211260943e+00 -3.209194926830948447e+01
2.030186397268797194e+01 5.980070316174921885e+01
-6.315153916919297927e+01 -1.475657398397364872e+00
1.043566450241508647e+01 7.662556256202115890e+01
2.669328157238483357e+01 6.317839583740880727e+01
-5.841952808878357217e+01 -9.024203846354750169e+01
6.020957768405969546e+01 -7.275240805333179139e+01
4.293876386413563395e+00 8.955429782056197041e+01
-1.658849746225411437e+01 -2.052658382207815535e+01
-5.581790982647373556e-02 4.529360429292343326e+01
1.070788324100538347e+02 -2.197276813085953151e+01
-1.549840348841124360e+01 -1.057267097179044057e+01
6.306973989329917885e+01 -2.462361986396709668e+01
-1.116317949285772642e+02 -6.010177027905921676e+01
-5.424567779291646019e+00 7.787497707836826066e+01
5.215063691457184802e+01 1.964441907098239515e+00
-2.867196704983623690e+01 1.409762317074540228e+01
-5.321103491354311821e+00 -2.416244397484376094e+01
3.597429901180171918e-01 5.181512153897620010e+01
-4.624342093344721150e+01 4.712764743793836431e+01
-6.810434188222478724e+01 6.447457345615789848e+01
-3.527268321876378110e+01 5.108182223978408132e+01
-1.153948324243444716e+02 2.896945497271991954e+01
-2.684600018544829680e+01 5.471928643073827203e+01
-1.284258243018923054e+02 2.967542682491753681e+01
-3.211767153753517334e+01 2.665084780330080605e+01
5.055806268223130928e+01 -2.435677937667554360e+01
2.206488000458154630e+01 -3.131917970691683450e+01
-8.152133231076103215e+00 -3.432483252635038617e+00
-1.413795385024200186e+02 6.674885255278164209e+01
-5.476106988932183839e+01 -1.619386878389971640e+00
1.489600057028081537e+01 1.014982753519964831e+02
5.033948537275666268e+01 9.380444452104672592e+00
-2.080828739045461617e+01 3.234531557202932817e+01
-3.008264145323176919e+01 -3.705329011395477323e+01
-6.700682739490204654e+01 -6.106272580016445239e+00
-2.911228987642428834e+01 7.254441701158691558e+01
-9.716449649314211001e+01 1.177299500283811540e+01
-1.354167843954038730e+01 -5.982927049364450767e+01
6.619507578998958763e+01 -9.010229279032928673e+01
2.103327007164325124e+01 -1.122287215044577948e+02
3.008647923222950382e+00 -3.660889347312052422e+01
3.060419645826780766e+01 3.635797104750020736e+01
-7.798003542811056832e+01 -3.503734308213556403e+01
-4.515263339828951672e+01 4.079028608801657185e+01
1.719071117551064987e+01 -1.181210450480559047e+02
5.401971869971969653e+01 -6.528784995503273514e+00
-5.437744200884695545e+01 5.428235203791406605e+01
-9.693046084890370651e+01 1.003689475319505249e+02
2.667522345849102905e+01 2.456680061323027431e+01
-5.908355334227022837e+01 5.036577958625414908e+01
1.466185951749709382e+01 4.758834250226711049e+01
7.455354445822045761e+01 -1.081206357410922969e+01
-5.369336824161584332e+01 -3.300474232698825006e+01
-8.584498647114037340e+01 -1.413076061901957559e+01
-2.004172322335406875e+01 7.592746907700208681e+01
6.433035094185085256e+01 -2.407838815963409207e+00
4.126386738970118273e+01 3.836153946116403546e+01
4.776200052572067278e+01 2.284478207429224383e+01
-1.771932582118831476e+02 -2.207133438770777190e+01
3.844426469986843387e+01 8.306590832234743260e+00
5.093563307265857709e+00 7.295948712992429819e+01
-9.270378420795890406e+01 -2.437913004416896001e+01
1.164109635679209731e+02 2.917627254522912494e+01
-4.288514045706011046e+01 5.667924254238165105e+01
2.397956503224946090e+01 -7.988428356168864752e+01
-4.954667173102293987e+01 6.487894470061108620e+01
-3.982031824462176672e+01 8.546360256397678157e+00
-1.101580366669011966e+02 1.353689888149060039e+01
2.281618074302649291e+01 2.124901560165015013e+01
1.048399654365834266e+01 -4.457929464164220690e+01
-6.989287616021948679e+01 3.420529314635857521e+00
2.359459132106968937e+01 6.943390383898213258e+01
