9.080794655334355525e+01 -5.707512878689455249e+01
-2.137247140105893450e+00 -8.306107357732473417e+01
-3.673417625969975120e+01 -5.854879588931886047e+01
5.410731277160341790e+01 3.118278170015648243e+01
-7.558270865483508771e+01 -1.635434167438400976e+01
8.053591180893417345e+01 -1.388098053824356626e+01
9.280145674646273335e+01 3.501690617908582936e+01
-3.341662176961371955e+01 -2.246098586181533463e+01
3.575571238663082241e+00 9.047829343662009194e+01
-6.728753146917942729e+01 -2.234592361507030489e+01
2.188760183975880480e+01 3.771893203055213917e+01
5.727421104601192470e-01 -5.373588337529520587e+00
-3.899626316035747919e+01 -1.072734125142562789e+01
3.968638654506394658e+01 -3.027585968107838355e+01
-9.091451481660729428e+01 2.080814393369327497e+00
-7.378542144052111951e+01 2.245585019366667545e+00
2.781552582598976997e+01 5.229253670385431008e+01
1.063899869987773599e+02 -2.373520422821017206e+01
4.989675491469141377e+01 -9.026867229027976691e+01
7.283214279869731911e+01 2.635371523437380858e+01
-1.395134042506502325e+01 -4.960711119759763932e+01
6.718437490473955620e+01 -7.443352930288701375e-01
-4.746520086958232021e+00 7.276911406674835803e+01
1.719462649055366388e+00 -4.009128072055651870e+01
-2.508307540804320723e+01 -7.190339240333743476e+01
-1.837436989781321728e+01 -3.019146472200236531e+01
-7.125024219074230558e+00 -5.210946486311249970e+01
-4.248781177600965009e+01 -2.957747907985341840e+01
2.740517634074277709e+01 7.411521124489691914e+00
-2.802149553475405952e+01 6.584594358804940839e+01
-5.808505303864823333e+01 -1.071458575471154617e+01
-6.051792050685846647e+01 6.248615213034661764e+01
5.875226522343444202e+01 -3.011959786487448198e+01
2.098778228200182738e+01 -1.841495629532467504e+01
7.537276139539353892e+01 1.315658159121605308e+01
2.943556600047510408e+00 -2.453652535386375888e+01
8.009521884122290203e+01 -2.390925715640116689e+00
4.513273941983989346e+01 -6.595379144704870100e+01
-1.795922107471814044e+01 5.679362392027471884e+01
7.829855632181678970e+01 -5.539544296907758536e+01
1.398130674547907759e+01 1.643111520427822114e+01
4.258992885352601121e+01 3.088925664743382882e+01
3.443890508978402210e+01 6.941325490756069883e+01
9.605688623552536853e+01 -4.194272594183184566e+01
7.489472656430174879e+01 -3.014424786522478783e+01
8.967907605904825274e+00 -6.452454011631490971e+01
-4.016797849876047621e+01 1.268915722314542194e+00
-3.904564684651580819e+01 4.208619506488119555e+01
-7.021208717402139143e+01 2.523086293545360448e+01
4.800796770843025030e+01 1.018967790803966089e+01
6.075869968422608025e+01 -4.847209790982121547e+01
-5.894737331898733856e+01 1.291547171530033467e+01
-4.566409710787303311e+01 7.333125334002853890e+01
-2.131822693335781196e+02 -9.209750558594188874e+01
4.411900804654443675e+01 -1.563671984056440323e+01
-2.701325276674640108e+01 -8.110426185969515922e-01
2.245906734150249306e+01 -3.901439905326268587e+01
-2.256312805261788057e+01 -5.719496861025366741e+01
3.997949648674185852e+01 4.840011727275818032e+01
7.619341448596149746e+01 4.104994567139631556e+01
-1.056424312077257177e+01 3.772435818573114830e+00
-1.517633559225195050e+01 -7.155573091231632432e+00
5.832264057990821016e+01 6.885485216404870812e+01
-7.239708231509656855e+01 -3.742360585115635274e+01
5.861963790487804715e+01 1.677974742658835439e+01
5.614365277368427343e+01 4.382113394762814096e+01
5.036419933856796405e+01 -3.342000139325108421e+00
-3.655793626742152469e+01 1.394459378729231780e+01
-9.906319571062127238e+00 3.964773310198818734e+01
-2.540260770817878822e+01 1.101546598691888867e+01
-5.654184345474570250e+01 -5.763638556542682778e+01
-7.831555337317988119e+01 -5.689653929801875876e+01
3.426687646157015621e+01 -6.661403099681605511e+01
-3.951914114074585171e+01 5.590132985868208237e+01
-4.905441215809791800e+01 1.504021195581596970e+01
-1.464182499644998003e+01 2.291497482934319407e+01
2.247162413456648267e+01 -5.223770135509342438e+00
4.783823389106721891e+01 -4.335790075044850767e+01
-2.362890453130327018e+01 -1.563199301939438790e+01
2.914156884347184828e+01 2.651024077873901774e+01
-5.798721378683198679e+01 2.878847739991925536e+01
-2.848159338385210759e+01 4.945842593001307108e+01
4.254273301519521766e+00 4.209549692696480605e+01
-2.846109301915138801e+01 3.368614499919188887e+01
3.586488592399558684e+01 9.232137646399102948e+01
-5.295828418600567034e+01 7.751259453382333131e-01
-7.685094911979777521e+01 4.879064771956217328e+01
5.635330196371649691e+01 -1.512834941204677008e+01
-4.040866174427173974e+01 2.531946662505567147e+01
3.769848986921552836e+01 2.402618451694968460e+00
-5.648950383275981579e+01 -4.214487764559459748e+01
-4.866768636983476881e+01 -1.798818307950301332e+01
-3.881472345877836005e+01 -9.055971770396052989e+01
-9.544389783181782150e+01 6.193917801632120046e+01
-9.692309562577459303e+01 -1.856085030770197619e+01
-3.802926189685684477e+01 -3.930264904573283502e+01
-4.963364441422508122e+01 3.663383272031239102e+01
9.448286886156869002e+01 3.765426051803444807e+00
-9.125078897220001295e+01 2.247421918707237154e+01
-2.339174947115902903e+00 1.425703120953372327e+01
-6.450994566323898027e+01 3.928634332936631779e+01
3.567602602791595245e+01 1.645699192275097289e+01
