-9.101638453131656092e+00 3.256536979585850133e+01
-4.089531313083861619e+01 2.593314332217650175e+00
3.141504041714729922e+01 -5.260089383802723972e+01
-7.382313886098299349e+01 -2.416876962816143504e+01
-2.030401091083442822e+01 -8.867536258043254804e+01
-1.859813810291057079e+00 1.453978115097323354e+01
-5.071035448152527891e+01 -1.610172704654810616e+01
-6.537819845874071234e+01 -5.660281229412436232e+01
5.355592230590556113e+01 -2.086210714465333638e+01
1.361262016434345856e+00 -6.333281383703327805e+01
3.830958893542899091e+01 -8.259259149608418227e+00
-5.441438592699994636e+00 -4.976130872629593682e+01
-3.417427103152709122e+01 -4.218872168045493964e+01
5.977276219821508363e+01 -1.990847764881344162e+01
7.419200798805107411e+01 -2.857423701433360819e+01
4.025503928427882983e+01 -5.431154002776010969e+01
3.927826907773375353e+01 -1.636344910245463069e+01
5.409759222625206121e+01 3.700995077323603510e+01
-6.502737434137473826e+01 -4.073692052580623368e+01
5.324344918907227964e+01 -2.636012474051530674e+01
-5.110186854435282555e+01 -4.103036074484997187e+00
6.208946397077530577e+01 -1.040095855028836347e+01
-2.965799419109777446e+01 -6.455319736855958013e+01
-8.241588112556375023e+00 -5.334891033059390253e+01
-9.121070228496590548e-01 -4.556127032818421441e+01
4.476129004044933879e+01 -5.162961726433428566e+01
-3.228032395489155704e+01 3.110177024801822654e+01
1.972355753372919018e+00 5.308570827705938200e+01
5.354642872574637380e+01 -3.781506676364128960e+00
1.889605772246476079e+01 4.013887902900679450e+01
-2.917308922359145029e+01 -3.500634796319295106e+01
7.173921903301243219e+01 -2.207151407604444948e+00
3.268465809668943223e+01 -5.719130743445057874e+01
-6.812418861317010510e+01 -3.752328177847201118e+01
4.131490688043646031e+01 4.587972891169007994e+01
6.882651498076492658e+01 2.184380122898490484e+01
-4.660753389109437705e+01 -1.170991840619753432e+01
3.238540044819112040e+01 6.716162688059509378e+01
-4.172615223461672684e+01 -6.260862567588594629e+01
-3.087375480979312670e+01 -5.141962928417847678e+01
3.711492280124080878e+01 2.740931762716341424e+01
1.099313090265117587e+01 -4.874509156112899433e+01
-3.419236788552198192e+01 5.271387343929517755e+01
1.534946621935606892e+01 -4.379392297943462609e+01
4.645373012769323573e+00 -5.069251609142275328e+01
2.515372836267856371e+01 9.964439657798514816e+00
7.785436655479281853e+01 2.526782366718668182e+00
-5.579787051713220336e+01 -4.756876540694783273e+01
6.328283152535011880e+01 2.210999659785829152e+01
-2.340466103370654949e+01 -3.425983665346434748e+01
-3.835143621010687731e+00 -5.585562127450045722e+01
-5.883701516331066728e+01 -5.719308291111288689e+00
2.889057101866323052e+01 2.453206608659437737e+00
6.311225842344914838e+01 1.370835141925712719e+01
6.316327049227317048e+01 -5.010992158472485869e+01
3.694626992107659902e+01 -4.473098753678638673e+01
-3.711876438069382544e+01 -1.590412704378876718e+01
6.700888266956661710e+01 2.707780685500955631e+00
-2.402424462076788814e+01 -6.156314931934436885e+01
4.458370690313883244e+01 -1.072141261905527543e+01
7.077492872389518652e+01 -9.814756282424252021e+00
-2.453013250805440038e+01 -2.831233145766860915e+01
4.067016183761480619e+01 -3.333286899068901477e+01
-3.370207809151170153e+01 -9.045155694725377060e+00
-2.463992508535969250e+01 1.840890827443172029e+01
2.834942454060068329e+01 -2.389053360351910982e+01
4.536848525215379624e+01 -4.208722565788487913e+01
1.012240679359176880e+02 -1.531993055770341527e+01
-1.650545978703252814e+01 -4.866787135617726534e+01
1.722497766595927260e+01 -3.224017260962653353e+01
2.233656988012310762e+01 4.103573039091254770e+01
5.791526974691786123e+00 -5.684586739587414783e+00
-3.498391756546750031e+01 -3.761823899975193797e+01
3.688169761442006944e+01 3.617243641697540113e+01
2.757543362479763260e+01 -4.265248034982658254e+01
-3.301538151923892883e+01 1.923891440459404834e+01
-3.441035471877044927e+01 -5.574625475663783192e+01
-3.807369977867348609e+01 5.998698034579023641e+01
-6.859699204811144035e+00 -2.844939987424360339e+01
-2.012895235934135130e+01 2.872710737915949508e+01
-2.881569104822573735e+01 -4.039686715470695333e+01
1.676537129761437583e+01 5.264024939190285579e+01
3.829415937808422399e+01 1.165052042545804234e+01
-4.023394817554370206e+01 3.004874967873586655e+01
-4.167229429856924128e+01 1.091426144433787293e+01
-5.788291341322189254e+01 -3.476334407063187371e+01
3.522438240473032778e+01 3.836340274816993023e+00
-2.982766983246742143e+01 -4.536128124527306937e+01
-6.783932854158608450e+01 1.723264781178868432e+01
-2.417335865011186868e+01 -4.224541728224496495e+01
3.189618482021912271e+01 -1.393009012898325416e+01
-6.970281642617950979e+01 4.451391961151000665e+00
2.731224097295593722e+01 2.155585026778683755e+01
-2.757027155375141092e+01 -3.411326637615002433e+00
-5.268320273608085813e+01 1.976571753532621400e+01
-5.345006567649649654e+00 -8.111951804076007022e+01
-5.829525290086996137e+01 -1.305576098545255270e+01
-3.624678571485794976e+01 2.427811730726344308e+01
4.332149885106031206e+01 1.750442399675826977e+01
-4.354567612078653838e+01 -4.697377953651826488e+01
6.620537683316280209e+01 -1.331844652494434555e+01
2.892712448790668134e+01 6.919326646479221132e+00
-4.767709826355181235e+01 -2.849333164213791036e+01
4.689896585745194812e+01 -3.348279185617506482e+00
-5.663072789101856408e+00 8.736151268066628006e+00
-4.219154951687198007e+01 -3.907269867957660381e+01
-3.028868250555190755e+01 -6.012227657191906616e+01
-4.005328388224057790e+01 -4.217963950593421174e+01
5.181462284610950775e+01 1.757093755329162121e+01
-2.329179397121992068e+00 7.598420017370416701e+01
2.670337764635663547e+01 3.237930181755363179e+01
4.234936576647370998e+01 5.726491130100111349e+01
-4.833733376035300466e+01 -5.574812864443784122e+01
5.656877767266071722e+00 -4.489781561881059702e+01
-5.450580055438350513e+01 5.159127346298060246e+01
-4.105915432402114362e+01 -7.081921857385755459e+01
7.325398156308575714e+00 -5.457571467507526819e+01
1.987567278897531864e+01 -2.085043986884508982e+01
4.806985824730752910e+01 -2.312851292023474414e+01
1.322716188239242641e+01 1.972258823375999981e+01
6.351323611203571318e+01 5.892236209091902310e+01
5.404710642110079277e+01 2.197169027327492330e+01
3.435449560289092119e+01 1.672167892578915271e+01
2.879150756922161492e+01 4.444088399307474191e+01
-6.603135666615696664e+01 -5.520497838126879664e+00
6.603383622414364140e+01 -5.058186878663764041e+00
-4.541648609954929583e+01 3.815943803321207639e+01
4.140660846569723219e+01 -4.840076853274193347e-01
5.701464116985562214e+01 -6.689361215774589198e+01
5.141893944091578739e+00 -6.024547314762753558e+01
2.646789595126410788e+01 -1.685052881906636602e+00
6.964458289619162201e+01 3.218395746421450809e+01
5.961984129781315289e+01 -2.850910626726319563e+01
-1.074560516895502005e+01 -4.919473247638456570e+01
-7.028335666826110639e+01 5.832874083780466634e+01
4.873178799104477577e+01 2.945541040736713256e+01
-2.217252004015305644e+01 -7.083735020837927721e+01
5.840079362102923000e+01 4.763031027442278464e+00
7.139796257489071252e+01 8.662590760225137743e+00
-9.652566964129771065e+01 -5.391027613678167540e+01
5.264836675325422277e+01 2.395394571466863187e+00
-2.251283251315532397e+01 -2.043012190462617994e+01
4.881534419171781281e+01 3.843097641809096388e+01
-1.709337718617217305e+01 -6.642018182467032261e+01
-3.011673197715712647e+01 6.219912622722061002e+01
-5.004395225653450296e+01 5.370631512292010079e+00
-1.220630137935404669e+01 7.501416864854782318e+00
-2.673136705236135668e+01 5.030468074042209636e+00
-5.572576767821814769e+01 -1.957955824593546978e+01
-4.717187961412375330e+01 2.810523159030143248e+01
-1.750729997852285535e+01 3.402154076965598506e+01
4.202704505567196236e+01 5.730695580136525358e+00
5.004269576780107087e+01 -8.661863854245790861e+00
-6.518794767491947084e+01 -2.974144562292421767e+01
-3.352341011740135457e+01 -9.421385009867093174e+01
-2.532943061126524498e+01 -5.654609771285893771e+01
-2.614148544895184756e+01 1.426826415161790251e+01
2.318977901213360582e+01 7.964711023139238932e+01
-6.289550280926853532e+00 -3.629472035306647371e+01
5.479182481413640460e+01 -1.244039752483791972e+01
4.415332133407201809e+01 -3.076747306596748643e+01
-1.917657144057055163e+01 5.035562523123569889e+01
-1.902462491089356433e+01 1.357921591614106305e+01
-1.220799002989281767e+01 5.538806695127001944e+01
-3.616629548970503549e+01 -3.097687228852463548e+01
-6.093359611215927885e+01 -2.100586312056375604e+01
2.471167027548676032e+01 -1.022733641436757601e+01
-1.922126505958481602e+01 -2.391660806996926425e+01
-6.063559922955666259e+00 7.303644793393814894e+01
5.273330658121050618e+01 -5.372399904304236173e+01
-4.892441563573469665e+01 4.498986861086485334e+01
-3.078338468501698344e+01 4.455295637548964294e+01
-2.446339073091960259e+01 4.772034981789750674e+01
-3.504206667865631886e+01 3.038409845903348394e+00
-3.023352541246446634e+01 -1.076945996493685129e+02
2.107165833409919387e+01 -7.372561206781310261e+01
1.400678696630411890e+00 2.159871764076842027e+01
1.071418654082353612e+02 2.678973084592491105e+01
-2.754579635146472683e+01 4.217930603065497763e+01
4.297037657542409761e+01 -3.697623133306208842e+01
6.747915430582412455e+01 -3.931462728647419169e+01
4.588022274386948141e+01 1.065745088026318754e+01
-4.652201101179984022e+01 2.278678723706054399e+01
-7.621848301709827922e+01 -7.459460362634766284e+01
-4.956284413378902087e+01 -5.119031412302447182e-01
-3.295645903199700655e+01 -1.913095778446607165e+00
-4.344676281934958695e+01 -2.040758665012690898e+01
-1.913299578952796409e+01 2.023598675993987239e+00
-5.663201215488116702e+01 -5.585527360660476148e+01
-3.138321424190545628e+01 2.268584600010438024e+01
-8.148600254373317142e+00 -6.762937572932172259e+01
-4.777918206713196270e+01 -4.291344783044849009e+01
-5.072446879673318421e+01 -2.281544874208262641e+01
-8.881629567412497650e+00 2.152524038455611333e+01
1.346924709475693049e+01 5.786503244449883177e+00
-2.960404495270478975e+01 -2.471064231722155924e+01
5.709909521433582569e+01 -2.137531562523053708e-01
9.178512277026639410e+00 4.686879190005817719e+01
-4.954164508348935514e-01 -5.215289737377587898e+01
7.704235747578469784e+01 -8.389828614772778081e+00
4.278765777571395290e+01 -5.579277173361018249e+00
-4.107286471281049955e+01 -6.590747843412785301e+00
9.528731547609416097e+00 -6.006959895750559753e+01
5.380507707701164577e+01 6.762149622581220321e+00
-2.041933459775356141e+01 2.083808387926631056e+01
5.447372661920221049e+01 2.945856038292809131e+01
-2.519757254432963478e+01 3.700416529917346509e+01
-3.097357228771949167e+01 -1.949860435957332072e+01
-2.876720424391665976e+00 6.166562512527781337e+01
-5.775882812399800059e+01 -2.682092475474413362e+01
1.789184009117401164e+00 6.514517180394882701e+00
-1.266810757213655592e+01 -3.892544829643495774e+01
-7.241059869874540311e+01 4.920134863771761502e+01
-2.767097547896970866e+01 -1.221586984044954782e+01
-4.759808843524953659e+01 -5.004993676384482626e+01
6.148671433899909999e+01 -6.141263849795239871e-01
4.325772429076331527e+00 -2.651479497690835885e+01
3.449629263168751958e-01 -7.485786195859103032e+01
5.855137538038498235e+01 1.397443418971858442e+01
-5.764431014863213676e+01 4.151646734036912534e+01
5.158950347608681852e+01 9.533214802566750024e+00
-4.313294274613426893e+01 4.368749483255657395e+01
-2.145769165431400438e+01 4.105742938578413259e+01
-1.709649875320060630e+01 4.703783297356382320e+01
-5.640716238593890353e+01 3.158171477798191518e+00
-4.821075244941942373e+01 -3.577473229467637594e+01
-6.960650764815142111e+00 -8.360486209287952164e+00
3.619025573576059429e+01 -5.088459122609258145e+01
-3.222686079527303349e+01 1.210797387882566944e+01
3.929836851342275139e+01 -2.550531593754741877e+01
-3.856589603863664451e+01 -5.788660534210807640e+01
2.463594207049105833e+01 1.643317816546657184e+01
6.261713662347211340e+01 8.572152375616195030e+00
-1.879738353783568172e+01 -3.178386280408081177e+01
1.311569261226254168e+00 2.901382156806327828e+01
5.088979565815761674e+01 -3.282997580925803049e+01
-5.738621855157935991e-01 -4.758369203450701690e+00
-7.879638081120339166e+01 1.553573024817587189e+00
4.685085554960512155e+01 3.377036064847759977e+00
-2.309654291012949301e+01 3.279868946090822135e+01
-6.117724254704962306e+01 2.388239853525497836e+01
-2.390714636716003483e+01 2.506927070758988663e+01
-2.369767634444304605e+01 5.384809979226078980e+01
-6.970141730380620793e+00 3.846658145388018823e+01
-5.453150382090598924e+01 3.025959503026987107e+01
1.961361081960653863e+01 -5.860340784109457957e+01
7.623259747074909498e+00 -1.310456271148863650e+01
4.935387177831080407e+01 -3.773367813440436436e+01
1.632201073613523334e+01 -9.398301639134258423e+00
1.046725902084773985e+01 -2.283861674547562259e+01
-1.299540379397758194e+01 -2.688300446335630767e+01
-3.823161512124145389e+01 -2.510660959959722049e+01
1.917409948684602483e+01 1.563422522638952294e+01
-1.984797884347965180e+01 -4.288191751916828309e+01
-8.345959732447852275e+00 -4.430421471738401351e+01
-3.756614196285381269e+01 -4.709029918961370242e+01
4.055647369693283366e+01 7.977435962110362766e+01
2.459149187520151880e+00 -1.172376252170403887e+01
-5.952711341588180005e+01 -7.959017890933380102e+01
5.713995074543921504e+01 4.837391151254806942e+01
-1.831988966341006986e+01 5.871610952783878190e+01
6.263129989925841912e+00 3.538003944997139882e+01
-5.393971094831739066e+01 -2.994823110312297842e+01
-5.508963425583208817e+01 -3.982941972506362305e+01
7.655833185213757019e+01 -8.578573036260186768e+01
3.500774807799333388e+01 -1.168843107447396390e+00
-6.226851686529814023e-01 4.802989496272564907e+01
-2.557460126890141083e+01 6.766851760136354699e+01
-2.404134638310019412e+01 -4.627369583368308525e+01
-1.766611767392512800e+00 -2.487571447931450308e+01
-2.601691375571231291e+01 -5.166848090284774742e+01
-4.232419876934369540e+01 -3.234048830601946634e+01
-1.656577710435794870e+01 -8.884594755478966377e+00
2.295549223632385605e+01 5.897158427683139337e+01
-1.303812315161479063e+01 -4.400579256780787318e+00
-7.175960191563751778e+01 2.783032992866196054e+01
-3.416441563588552555e+01 3.745679541982881489e+01
-6.267277842781286523e+01 8.907883837935845150e+00
-5.285647065966752933e+01 1.118123254535753475e+01
-1.740173967765212382e+01 -3.730240796718581464e+01
-3.779088332081152402e+01 4.703911546846793357e+01
7.089226756644516847e+00 5.626108204270640556e+01
-3.963203013726598556e+01 -5.130111653519971071e+01
-9.607165256088748606e+00 -1.797592986563041118e+00
5.509855189944470766e+01 8.166827527212792859e+01
-3.240766837605942641e+01 -2.849920732876062246e+01
-1.757401292095096323e+01 -5.510631759786589612e+01
-4.693512882258308316e+00 3.706384520622531958e-02
1.943656893594144819e+01 2.549748232747390020e+01
2.080203505394390717e+01 -5.018635210399752822e+01
-4.600992017087247632e+01 9.605739070478536590e+00
-6.945107497945468555e-01 -1.659554473092619631e+01
-9.801183806299409440e+00 -2.154610642618899519e+01
-2.698633577756547552e+01 2.936177079323886119e+01
3.568516207374341498e+00 5.039683797959789047e+01
-2.125863154038050240e+01 -1.303498661545540571e+01
-1.009444754471754102e+01 -1.344050349254385956e+01
1.316576051077428922e+00 3.812493848907655547e+01
-4.548799922700861487e+01 1.665693521007661815e+01
1.733272461338948744e+01 1.117932002813125436e+01
-5.064598013805199805e+00 5.414945877490367110e+01
6.326689961714436761e-01 -3.704362411983949954e+01
-3.608194644075268087e+01 4.274477983227846778e+01
-1.725290415435525659e+01 -1.661728261091295167e+01
2.999708030955938742e+00 4.486317226979507211e+01
-1.583196680400356726e+01 4.085845051804677297e+01
3.363816531256939868e+01 8.674809301844401688e+00
