1.759653110004209592e-04 4.001950659567041956e-05
9.763154505514018303e-05 2.229048322067344115e-04
1.858939885018338987e-04 -9.703088384522443684e-05
9.481637689721648834e-05 -1.501146404236097154e-05
-1.007009415112528296e-05 4.097308223251549733e-05
1.468504407962592127e-05 1.447465679415864057e-04
7.594953353990244497e-05 1.220684003369759730e-05
4.437918431489253459e-05 3.340132414190922388e-05
1.489681209264936187e-04 -2.034631028290297285e-05
3.141908533453697481e-05 -8.504082057039738269e-05
-2.524564683350037772e-04 6.493187736021592397e-05
8.620537407054109551e-05 -7.378912166615593125e-05
2.258457754363524619e-04 -1.445476616241696190e-04
4.764229473769118337e-06 -1.857145021992053077e-05
1.528043883907809447e-04 1.465083676864705180e-04
1.570962488558906554e-05 3.782863009390820611e-05
