-3.324346631374801575e+01 -4.264564341216245680e+01
-4.670242531171309253e+01 6.820465150172006474e+01
3.547703501687969663e+00 3.256140467829806795e+01
-4.732317651496674671e+01 -4.635521258998247873e+01
-5.993189912318360513e+01 -2.774689888592359210e+01
3.631175932112342508e+01 -1.861781656449884537e+01
5.883980221293429125e+00 -5.245820610583676569e+01
1.377788434189659128e+00 4.594650647403544497e+01
-5.122561423897037969e+01 -6.445812113477593641e+01
-4.110435520846050395e+01 -3.234763017385848372e+01
-2.117200465684539878e+01 3.261246238388581276e+01
-2.635488504245775587e+01 4.241246702500257726e+01
-2.849707302980055346e+01 -5.563658378262438475e+01
-6.298062669310999695e+01 -1.132327087855186321e+01
-3.643988657438055867e+01 5.184745825143426856e+01
3.939057183478118418e+01 -1.401208078617087693e+01
-6.788265206439190536e+01 -3.020471815431238838e+01
-2.672988601428156130e+01 -2.088817944089109702e+01
-5.165316579185886070e+01 -4.428842791349477892e+01
-5.171895180318808372e+01 3.455016173781975652e+01
-3.369779210530686697e+01 -3.742880771487170222e+01
-3.503484502390644906e+01 4.372661172734747481e+01
-3.090080963711972828e+01 5.860934581756082196e+01
-3.310733990165857676e+01 -4.590854204984436748e+00
-4.014309664713225345e+01 6.046253751482608152e+01
-2.237683510420516697e+01 -4.393673529071805461e+01
-1.964127436744945499e+01 -7.284666920883435637e+01
-3.953164259958890625e+01 -2.922575826800183307e+01
-5.590157328550252203e+01 -3.275505237696665972e+01
-6.379787876568870075e+01 2.606426145932386751e-01
2.532896277362346638e+01 -2.897075224190534470e+01
-1.750030651746675758e+01 -1.362279077285423234e+01
6.195303563711850359e+01 -2.199023929293683821e+01
-7.364254328264060234e+01 -5.525111152447087903e+01
3.656242460273129069e+01 -4.218433507431758045e+01
-5.100163001964439502e+01 -1.322192794625556544e+01
1.980385665807539297e+01 -3.812988357019538199e+00
-5.053244625225896414e+01 8.112213931618562412e+00
-5.664144764009667909e+01 -4.979947405933665294e+01
-6.594285662836199435e+01 1.401701194658068950e+01
2.527722310270522144e+01 -1.379446950398401661e+01
-4.634812346436815034e+01 1.270106293497134331e+01
-4.027067128129223761e+01 -1.323435793911340319e+01
2.412518847150882451e+01 -3.926988415024808887e+01
-2.174728499694033701e+01 1.304765538839394168e+01
2.723620015200751254e+00 -1.753523469374495392e+01
-2.868424893657431696e+01 -4.479703605527887333e+01
4.358141400252591779e+01 -2.004768334066891455e+01
-4.238817134002855624e+01 7.290692417484063981e+01
-4.502789845116915046e+01 -7.193339607154781845e+01
2.668271218200531436e+01 -5.084265955967619988e+01
-3.958219469052983186e+01 5.462684861174694362e+01
-1.969907051544854681e+01 6.598484580982072600e+01
1.800704061390241861e+00 -1.821159242136241696e+00
-4.174916049990259381e+01 -2.228006994063482082e+01
-3.911943928888466360e+01 1.755776852723188952e+01
-4.354256309095047328e+01 2.801446178899937323e+01
2.140086222765658164e+01 -1.852877030441146644e+01
-5.162968855875508467e+00 -4.529297767093885341e+01
-5.026267026668574545e+01 -1.901073616381374976e+01
-4.745323022838530136e+01 -1.576537743603621866e+00
-6.516021744472698174e+01 -5.551142813917397945e+01
-4.855189087679724480e+01 5.308186634405125659e+01
-7.821028755307803237e+01 1.902808205476385695e+01
-6.544611753211947303e+01 -6.046057816956288633e+01
2.037481829688819701e+01 -1.408296152953031211e+01
-2.393605779585230309e+01 5.163642593653153057e+01
5.485494006798182909e+01 -3.612725640911905600e+01
-1.490475756791215467e+01 -4.355325887142439711e+01
-5.981375185041906661e+01 5.165146915535469674e+01
-9.356685485110039835e+00 2.533273200615991172e+01
-7.123136675159315701e+01 -2.086791940378721577e+01
5.885277776802082528e-01 -2.268668729902568160e+01
-9.974396680377175528e+00 2.032824569821094940e+01
8.218315748446485713e+00 3.438891421332467502e+01
-2.987568418951779492e+01 8.751507309425824133e+01
-5.450828868268899896e+01 4.517368955014163845e+01
-6.603756439708531900e+01 2.715537523632599104e+01
-3.060016064905241961e+01 5.185007660345445402e+01
-4.094093288493563421e+01 4.703681622997624601e+01
-3.154118726534055384e+01 4.036616328010684640e+01
-1.148798715595050268e+01 -9.843137311965577396e+00
-6.115963066495496747e+01 5.509524186732584816e+00
-2.088241371895326637e+01 5.681888929834695290e+01
-3.267007171106123309e+01 -4.758103719095089446e+01
-6.997619899930856491e+01 -4.183126752580076158e+00
-7.511490789806499890e+01 9.740793391046185690e+00
-4.819316669804600650e+01 3.799029059051844737e+00
-4.643032720573262395e+01 -8.685109881888100958e+00
-6.434454757433174166e+01 -2.492042467312911569e+01
-2.054352596303399636e+01 3.725767427870083992e+01
7.166374018301818083e+00 -6.958889481502676233e+01
-7.765606593200381269e+01 -1.403069359187668397e+01
1.993221241267850274e+01 2.947693707560985033e+01
-2.712925435803392915e+01 1.181158399786376378e+01
-5.107871935093035631e+01 3.974200659263823354e+01
-2.815414349339950917e+01 -8.562569537331033587e+01
-5.019165137365392582e+01 2.936615545431010332e+01
-5.636472371608527432e+00 4.529331731001972372e+01
-4.360435645382759873e+01 5.638406208773632500e+01
-5.287384515855369216e+01 -2.788667663863088464e+01
-1.114175021744673444e+01 4.627870762946039918e+01
-4.276006727037790611e+00 -7.038921103449652605e+00
-2.254268622735937200e+01 -6.836285271596295843e+01
-3.436482695566871115e+01 5.545332240722093786e+01
-9.328844316001658754e+00 -6.803357727609640904e+01
-6.752854478915669745e+01 9.889421215887256977e+00
-3.132647718214002097e+01 -2.561361927709450725e+01
-3.858322302120042480e+01 -5.684575817367825579e+01
-5.176986171041095020e+01 -8.155479131788073488e+00
3.309657544367925652e+01 2.302061577768812484e+00
-5.674431458373587844e+01 8.295520070224284837e+01
-3.194544540634591101e+01 8.482732177519777039e+00
-4.676547695231096213e+01 2.543916252303866443e+01
7.650579384500248992e-01 -5.543492603431102594e+01
-3.454827257071597302e+01 -6.008940847732176138e+01
-3.126151372595648326e+01 -1.617060095217976823e+01
-5.512318771298152598e+01 3.514860244720438232e+00
-1.689227290446221730e+01 7.278738648221553476e+00
-2.845429123665033444e+01 -3.330264292830589312e+01
-2.839411923342657218e+01 -1.784656418466854433e+01
3.168961780835574160e+01 -6.806131749086913318e-01
-8.592398354652948100e+00 5.775969180130029912e+01
-3.531963376372988961e+01 -7.240773064605541265e+01
9.487281056074372554e-01 2.272694592581413175e+01
-6.005550742919099072e+00 -5.482280571464917784e+01
1.317198672491824318e+01 8.971893192813175100e-01
-5.025825257224910558e+01 -3.293842633150233468e+01
-5.759100262825323568e+01 -6.692382939556590316e+01
-2.659105021959631898e+01 4.745970393195315751e+01
-2.632343671309072519e+01 -1.418655979439261028e+00
2.787414384890286811e+01 -3.512151213872637179e+00
-1.166072214329219392e+01 1.084227653252910351e+01
-5.304860808179444831e+00 5.796356328128742241e+00
3.127712912876901541e+01 -8.071060203577150816e+00
-1.032434536686555475e+02 1.100961514636177156e+02
7.089539883324666114e+00 -7.299955662893416353e+00
-2.087616659954437281e+01 2.349762347305866328e+01
8.891582638413046524e+00 2.341965624252083344e+01
-6.361990441888953995e+01 3.214525749282248768e+01
8.042578031122823745e+01 -7.680002981917189686e+01
-3.930952826509473397e+01 -6.186793567568145136e+01
-4.582757192104990907e+01 4.588653167418301848e+01
3.271797070301155941e+01 -3.391657061798403561e+01
2.051064038176198867e+00 3.875952938543933612e+01
1.533394815052854732e+01 1.173013943142082560e+01
-5.701999339507483455e+01 1.694753380211855998e+01
1.573587728670603880e+01 8.269103975608937063e+00
-1.569833167288421194e+01 2.163548126002716288e+01
-4.437900991926076699e+01 4.959845408071542749e+01
1.744476898816582633e+01 2.165038227667264792e+01
-4.038874661626693552e+01 -4.911725400997928404e+01
-6.071171094888448749e+01 4.164130527240311608e+01
-6.380793904576080422e+01 -7.799513631774274813e+01
-3.798409358879769115e+01 -7.369516407786020906e-01
4.316275828005339577e+01 -7.795105008435295701e+01
3.415905171871648882e+00 9.365941990685168861e+00
3.588230695318366514e+01 4.526764919060062731e+00
2.276348126469450150e+01 1.067841455674830620e+01
-9.589495691017144452e+01 -1.781062244712419584e+01
1.144153920147256009e+01 -5.558797031314010439e+01
-9.712312207705515732e+00 -3.527474321104877220e+01
6.389631045950229016e+00 3.869449992685885853e+00
-8.963281894289708873e+01 -2.372815896332557983e+01
-3.944250518832916441e+00 -6.227631177959531072e+01
4.117680896979653560e-01 -5.692592474739863917e+01
-3.536616566201008283e+01 1.362380134496068607e+01
-9.622750610380419900e+00 -2.200862808951621474e+01
3.406318539146943714e+00 5.292617994099014567e+01
3.567137341747783807e+01 6.242989205987633028e+01
-8.103124031470638045e+01 -5.860511698186822827e+00
1.054118916651929716e+01 -2.447311064911196254e+01
-1.325272428164692506e+01 -1.728126813130913675e+01
-7.689017924942035620e+01 -4.900221046148806892e+01
-3.409904087878282297e+01 -9.800489417532280356e+01
-2.519442505998846826e+01 6.857559792606078020e+01
-2.721033396753231415e+01 5.565857943273154262e+01
2.414104791142620954e+01 3.318427002221163047e+00
6.739796547016200456e+00 -1.689429843287225808e+01
-5.844155131987862006e+01 -2.214073203154775982e+01
-4.120086994226707588e+01 3.591437339869994361e+00
-3.973582088630735853e+01 -4.363458309801239210e+01
-9.230652190208621732e+01 -5.874483883322503708e+00
-5.217684764871120962e+01 -9.752647077893428218e+01
-6.707065299838276040e+00 3.014293943149349886e+01
-7.430830286500010118e+01 -2.681585162152663671e+01
1.056863549114016010e+01 4.293865817429389864e+01
-8.417628611018379559e+01 2.274790990945048996e+00
1.338199696565267161e+01 -6.339705135373765188e+01
-4.237199501622529141e+01 -3.440484896684998972e+01
-7.752495599490023892e+01 -3.752141213934558550e+01
1.263622357671062346e+01 -8.597185793335443194e+00
-5.228734872253819788e+01 -5.835897813167495229e+01
-5.629947850160241529e+01 -3.305849939074186672e+00
-3.410771171335729157e+00 -2.114051950702570082e+01
-1.775012668685589645e+01 1.546443025833629292e+01
-3.262240697002352618e+01 4.674772273350692586e+01
-4.836938419818797996e+01 -3.914353698508549684e+01
2.838035188665989850e+01 -4.424532423691611172e+01
8.618178819505219579e+00 -3.662182377515290455e+01
1.007525999736903932e+00 5.054833119386362483e+01
-1.917678244397549303e+00 -6.942740496267190053e+01
-2.330382216541676321e+00 -3.562999459599364371e+01
-4.410869836182992287e+01 3.638575863488681250e+01
1.479106560474885868e+01 -3.172593205822914442e+01
-9.652040327426504973e+01 -3.212814420259619652e+01
4.195763645881625870e+00 -5.856227118019066324e+01
8.369147084581173957e+00 1.388774914373834513e+01
-4.264069869215995823e+01 -5.824137252525166986e+01
7.382381206230909321e+00 -9.236571315990400421e+01
-2.405590172631488599e+01 -2.118637696631417100e+00
-3.301905940874760859e+01 2.958945823087822546e+01
2.606799316464826788e+01 1.760243641839126738e+01
1.745642812607892935e+01 -5.492592394079697726e+01
-6.775778142266801751e+01 1.777969085685510464e+01
2.086947936084976973e+00 -1.328618279803639446e+01
-7.067301573200584386e+00 -4.155459897635649469e+01
-3.040806114866700938e+01 -6.670389995048047638e+01
-3.643636057642826387e+01 4.036432143490027613e+01
3.266220515639867727e+01 7.140546408273707790e+00
-3.114102476819510912e+01 2.320684895053192065e+01
-3.910614234150276047e+01 8.815909298047335696e+00
1.401839143568340385e+00 -9.033841569878966027e+00
-7.850454352373060551e+00 -1.831454615532182917e+00
-2.438356476490817215e+01 -5.417320464847083628e+01
-5.585243161076184748e+01 2.503871906165305816e+01
-1.020059173549221470e+02 3.589018119944586260e+01
-1.025072695147135988e+02 -3.975812692494091038e+01
-3.729251635906166484e+01 4.827575201844127406e+01
-4.197194010090559857e+01 4.134392769185851790e+01
3.859367050344895489e+01 -6.822530798462479140e+01
-7.453391778302311366e+01 -7.526473380796143431e+01
-4.639840280410963658e+01 -6.240956257085706937e+01
-5.710145241131684202e+01 -6.182603710430860389e+01
-4.543785381681051661e+01 -1.663449256561170841e+01
-3.606199424577906854e+01 -5.061000657703503691e+01
1.196068524419364287e+01 -3.858497773108111772e+01
-6.102497591515754749e+01 4.856010380766290524e+01
2.140251213685250420e+01 -3.524564284498862321e+01
1.456613237693794716e+01 -1.963870461296365733e+01
-1.786054838901494790e+01 -6.551368163714232651e+01
-1.231148033851297896e+01 -4.981250900900371903e+01
-2.619242743950588093e+01 2.570597445791249314e+01
-2.061881797807724581e+01 -1.800970334953581187e+01
-6.189228946683825683e+01 2.066494377843913099e+01
-4.370791885968737489e+01 -1.002744614403867374e+01
2.263034950812011226e-01 2.814785768771136887e+01
-3.794378500561173695e+01 -6.749410005801179580e+01
-7.231870425924094548e+01 -4.216713851460026774e+01
-6.834398329944906436e+01 3.310686667742443490e+01
1.990043581800935257e+01 -1.292496627366072204e+01
-2.449651672440280592e+01 -4.819916690653946034e+01
4.554764525773323802e-01 -1.141141310706807701e+02
-4.429557732098876954e+01 6.637044495588292570e+00
-6.794611828350832639e+01 -1.532312298711340581e+01
4.048000335706396058e+00 -2.960302449690917825e+01
3.514892653136752898e+01 -5.111411540620733263e+01
-5.941787565212168687e+01 1.082626761818996286e+01
-6.237659030861062348e+01 -3.283645093040642848e+01
-1.075750467138051221e+02 -5.807283462850793399e+01
-5.780016694667067867e+01 -1.630063814400497080e+01
-7.014489498894907626e+01 1.942593600287538136e+00
-3.342102705947691987e+01 -2.661617640829608433e+01
-4.944397584441005478e+01 -9.463921998064257934e+01
1.814050088922579684e+00 -4.955276657686972186e+01
1.718673217063903280e+01 -4.654926644337420782e+01
-4.703900466470715003e+01 1.825749269542685127e+01
-4.963191259819472378e+01 -7.735378166486536600e+01
-6.220092244508202128e+01 -5.158764932152116955e+01
-4.618961038035814681e+01 -2.881235377820505761e+01
-3.785032802779281269e+01 -7.416074493808030077e+00
-7.138022900455820263e+01 -3.513237224550881166e+01
-5.657402549326311814e+00 -1.551286465657151581e+01
6.045009197182319127e+01 -3.035459084422309672e+01
-4.775497923689302127e+01 -5.769870680634362969e+01
-1.989713833045268165e+00 -3.094314056922361900e+01
1.128404117729850942e+00 -7.930914343535826561e+01
-5.387526778702002161e+01 5.174169092643716539e+01
-1.603989115637530460e+01 -2.919900057120747050e+01
-2.811018164390389273e+01 -2.605002857474070765e+01
-2.757915817200826325e+01 -6.153905297689924225e+01
-3.689728399154985183e+00 1.031833549418410101e+00
-2.770619582157190308e+01 3.469448377476706469e+01
-5.326542744235885607e+01 -3.966486773565028301e+01
2.734932889185240157e+01 -6.370875677173039975e+01
-6.235029127697568185e+01 -6.363370082499208991e+01
1.055237307319688789e+01 -4.830764977415908845e+01
-5.031157757567119404e+01 -5.197080956988387612e+01
-2.133021784995990799e+01 -2.254373837735441199e+01
-9.291118098971120176e+00 -7.978227364422366463e+01
-4.011327581427863720e+01 -3.910287826872767170e+01
-2.593267281295852911e+01 -7.246874319320839675e+01
-3.346710205814054717e+01 -3.009932357948962789e+01
1.951158737676346178e+01 -9.253407011491543699e+01
-5.802384106851656043e+01 -4.160567369781766445e+01
-7.520420839929512624e+01 2.944395725999111235e+01
-6.536555239347387669e+01 -4.413907000107118961e+01
1.708575162373966805e+01 -2.775460225771001177e+01
-2.922521655055813028e+01 -3.006036998766683155e+01
-8.335253520388889115e+01 -6.633577656145635615e+01
-6.262847265159388854e+01 -6.875925620796407145e+01
-3.748180171710415465e+01 -8.251111665321330690e+01
-2.083359835781395120e+01 -5.860563734834151006e+01
3.684496374141270181e+00 -1.177905551219100317e+02
-4.847009108524072474e+01 -2.525271487871848564e+01
-5.816770385286048395e+01 -5.574272614095983869e+01
-5.722988226616529772e+01 3.271092438325816687e+01
-3.208270868695110778e+01 3.442224316561843267e+01
-4.389706840682017486e+01 -5.266266828333567673e+01
-2.817019110267519011e+01 1.842533868248271034e+01
3.358389927453619972e+00 -4.108890368356985334e+01
-2.298709962038397236e+01 -1.122167126125103565e+01
-3.433105533566568823e+01 -7.743982628718595151e+01
-7.990106456092198073e+01 -3.159462680358530307e+01
-1.257582972218123274e+01 -3.797039531768614040e+01
4.264327669298678125e-01 1.626326846878349741e+01
-9.764578791780108347e+00 -6.166004500090485863e+01
-7.181506615323074527e+01 -4.583906437179798843e+01
-3.655675530155329511e+01 3.366061974625906572e+01
-1.744342615108270778e+01 -5.065715682545529575e+01
-1.558648264920775262e+01 -5.563972673771858979e+01
2.872724708547746175e+01 -9.702141019552881573e+01
-5.116550217024298242e+00 1.282429367466609804e+01
-4.629023810469244893e+01 -6.677956542565624432e+01
-1.840532979325790564e+01 9.164262943916342552e-01
-1.095760101606225234e+01 2.420051082613039917e+00
-7.290955714817808087e+01 -6.086590102708068173e+01
-4.528458760097324642e+01 -4.495202133373086184e+01
-1.669190352877793515e+01 4.170462631129122855e+01
-2.558735056877421599e+01 -4.151894602446863303e+01
-6.561974171176044024e+01 -3.744387718075471838e+01
-5.317726867696982396e+01 -6.974975413635772270e+01
-6.423736867731365408e+01 -6.522502436697015682e+00
-1.731719642502907419e+01 -4.866640193394218272e+00
-4.572342925674751513e+01 -3.124437923369005077e+01
