-9.801048985618017184e+01 5.669477831825896175e+01
1.830455227303848176e+01 -6.437668175123204151e+01
1.346048985819132895e+02 1.119905219150343356e+02
6.675503661349026174e+01 -8.286327631892339696e+01
7.869302143257867499e+01 -3.297722114839618968e+01
-2.727339303309332053e+01 -4.145083583294604246e+00
5.315252325515915288e+01 6.470049622731332306e+01
-4.203761097398950142e+01 -4.688604686037821523e+01
9.311145209791139621e+01 1.667024962333396587e+01
-1.457160219095418938e+02 8.292597130537946271e+01
9.575366951575299268e+00 8.987868694544522441e+01
-4.785193688359493436e+00 4.351243731960463634e+01
1.591463461413389950e+02 -4.943159315267492815e+01
1.638698149918463898e+01 1.512376940712729549e+02
-5.636280205406268351e+02 -1.274085869796385282e+02
-9.562809182984574363e+01 -5.231257169570051957e+01
-8.885581486535066631e+01 -3.387236243094127630e+00
-4.433076699414083066e+01 -1.916831679736803835e+02
-4.774858928387983070e+01 7.899935138793640022e+01
-5.115018657290667647e+02 -5.736465721017140140e+02
-5.520913082877692801e+01 3.225917616321474668e+01
8.216888158217666671e+01 -1.397146819973697234e+02
-7.684934974342675673e+01 -1.487844545034207329e+02
5.406584964472348247e+02 7.359104600452288025e+01
-1.934199493165737636e+02 -1.709133650246520801e+02
2.109282557699418987e+02 1.032741908794574783e+02
6.234634693325941868e+01 1.211603856256119940e+02
-8.448702486772423015e+01 1.264020423192777827e+02
-1.489851989364500469e+02 -3.471150957946206717e+01
-2.402011003190086313e+01 -9.257595243001108543e+01
-2.936690949606106571e+01 1.284001371419737438e+02
6.020610702021010638e+02 1.459100215178612814e+02
-7.718881953799711937e+01 -9.803138490519934578e+01
1.461780059334989232e+02 -6.421432175618900828e+01
7.326994032046609391e+02 7.784003368766825588e+02
1.651130763497170406e+01 -1.957308463413029287e+01
-1.400209223496312916e+02 -9.572449288146341928e+01
1.656056551639631280e+01 -1.285688699873985854e+02
-1.431788243222105734e+02 2.047607681296252125e+01
-7.158816451045153144e+02 -1.670784497149291781e+02
1.512870717617692833e+02 3.185134888978384282e+01
9.175111975155850530e+00 2.041128197269659381e+02
1.013155355129861022e+02 7.200808973986423211e+01
4.013513547021550920e+01 1.792502568846119004e+01
