-3.101801553059767969e+01 1.422079715160987945e+01
-3.087808850157502150e+01 1.136849655932949332e+01
-4.573302893057567786e+01 2.099767430047548444e+01
-5.346733368970009082e+01 1.391476398569010975e+01
-3.432534706199069774e+01 1.239266071453688056e+01
-2.926480158547807875e+01 -3.375426554267482171e+00
-4.436845245630161827e+01 6.276759164284251291e+00
-4.282318166826080841e+01 1.593473302450280649e+01
-3.229454058538926375e+01 1.826540623516973483e+01
-2.310621254667303859e+01 2.207770621392893418e+01
-4.519311739119701343e+01 1.834237433396402039e+01
-2.476170918612693939e+01 2.270989190773207866e+01
-3.642314980898109411e+01 1.656209355105699643e+01
-3.920594880187280751e+01 1.737402855564455706e+01
-3.713155902403632780e+01 1.760946661285884574e+01
-2.309439936061738052e+01 2.518775392040435435e+01
-2.880287492061719945e+01 1.065231445031908208e+01
-2.825084291100768752e+01 1.713204661885083979e+01
-4.223258623721093841e+01 2.462150467221238515e+01
-3.402848794750006078e+01 2.774077929410563215e+01
-4.389512153875476486e+01 1.493523976199373493e+01
-2.531840040582598306e+01 1.183994749826137749e+01
-3.010254858599688887e+01 5.802479446525650175e+00
-2.344589478267387150e+01 2.620458366325823363e+01
-2.856944302478666131e+01 8.387461775711273049e+00
-3.566563579565664099e+01 2.450485204650387416e+01
-3.627953436113052987e+01 2.540954913811438587e+01
-3.245049421199191642e+01 2.846135157788644321e+01
-3.129787956956201000e+01 5.820988722421320816e+00
-3.350773584209368749e+01 2.016159206376731206e+01
-3.134511128242193934e+01 2.117869758424872018e+01
-3.854022229512836617e+01 1.338833512918552415e+01
-4.648944407454666816e+01 2.933807089900441767e+01
-3.846906706021333378e+01 2.124370803093685822e+01
-3.848635154882615694e+01 2.025491827428002267e+01
-4.129425205163239099e+01 2.912067307830432839e+01
-4.840965780303930899e+01 -3.128044360391540324e-01
-4.324040023803407351e+00 -1.201594598656189206e+01
-1.556793359427700985e+01 2.641495726835815105e+01
-3.506140290051988018e+01 2.476806842657126140e+01
-3.921552454747184413e+01 1.578669708493310075e+01
-4.448519490391719700e+01 1.535463905506523474e+01
-3.702703751247445751e+01 1.539913624497415867e+01
-3.808111129167838982e+01 1.881388389593029942e+01
-3.306517995766512996e+01 1.308612373263889950e+01
-4.125478081869452751e+01 2.238303676033561018e+01
-4.789320824489162476e+01 -1.251332368241909876e+01
-4.033186227253433032e+01 3.039498740954867984e+01
-3.747668574221683002e+01 1.765257748376961189e+01
-4.690093484425180748e+01 1.990484922754219355e+01
-3.831844116769139674e+01 7.356844076904163643e+00
-4.276027508850420844e+01 1.501220081014911045e+01
-4.199483345039165272e+01 3.027562399930944226e-01
-4.405386508203751106e+01 1.819493726008219880e+01
-3.959625209885508923e+01 2.844609929063118159e+01
-4.283029072270169380e+00 -9.659987052728936874e+00
-2.625137057257305173e+01 2.308546768959739381e+01
-5.031654841593253025e+01 1.042634697385226517e+00
-2.463219915123600856e+01 2.466656788474188033e+01
-4.121125923902341981e+01 -2.515190051914600877e-02
-2.359211269602920424e+01 1.922154880649210185e+01
-3.267612704830435888e+01 2.539576407096831545e+01
-4.349584509289270784e+01 1.641808106436189973e+01
-4.237378013851336078e+01 1.888731319068217118e+01
-2.785221054083073611e+01 1.977231205506651790e+01
-4.370432187097286914e+01 2.927889446633970394e+01
-3.355985313847069307e+01 9.431675992909889672e+00
-3.731138380939358257e+01 5.252338323804504938e+00
-3.251256571955117636e+01 1.742188734293785757e+01
-3.736007765693398142e+01 1.195713252780002733e+01
-3.681250601149807267e+01 2.484242374781181084e+01
-4.313316603419316664e+01 2.078841612187502008e+01
-3.355232250414444195e+01 2.162042564209068374e+01
-3.245148995269013881e+01 1.679434068834050109e+01
-4.219921812861413457e+01 2.627621210252657846e+01
-4.138787202263180376e+01 1.166582574114322668e+01
2.790868484488941093e+01 1.129602114332613372e+00
-1.357191590556696958e+01 -5.385872277769647720e-01
-1.502656515016142258e+01 -1.115876944881383670e+00
-3.337973173374872715e+01 -1.581437978726787597e+00
-2.462290162891025602e+01 -1.597622385789218225e+00
2.978181431617819563e-01 7.115928940500917399e+00
-1.396438584996702126e+01 1.962286174661315030e+01
3.140339959159247485e+01 1.641567904201294836e-01
-2.390071818069221621e+01 -4.349420812227641875e+00
-1.101000677080026691e+01 9.751118194833688690e+00
-2.743529712335643822e+01 1.519422889974157442e+01
-2.808949251142080783e+01 -7.556885295171718475e+00
-1.895404430130059836e+01 -1.250364800192117043e+00
-1.817826724464593724e+01 1.308613677689315047e+01
-4.723880853415458603e+01 6.430775062496874028e+00
3.668253183232388182e+01 8.353533830928792092e-01
-2.670251329364667470e+01 -2.295594122981787422e+01
-4.622658070879960945e+01 1.238263091367507762e+01
-4.199251874505549864e+01 1.387746116675779540e+01
-2.626355291733670683e+01 -8.737308657716724269e+00
-7.583464797490583331e-01 -1.768667749230907660e+01
-3.107974381557417942e+01 2.108017492316802688e+00
-8.168842453323136965e+00 -1.370612267901246284e+01
-1.363852973939712854e+01 1.437577546450855337e+01
-2.102894375220436274e+01 5.421693760067373802e+00
-1.646195187320521214e+01 -4.525700280120636521e+00
-2.350349660400527441e+01 -4.762301520440941793e+00
-5.823189847371621042e+00 -1.709999148202592778e+01
-1.183159695201595163e+01 -1.335470580283197206e+00
-3.209880774489290900e+01 -1.121020901942843295e+01
-1.648652710691974121e+01 -1.542998885897358718e+01
3.100696976912591651e+01 3.332425078746380276e+00
-1.952163656012841741e+01 2.248135767329715407e+01
-2.662492462037983998e+01 4.387703373518685446e+00
-1.747111654373585665e+01 -3.580382428555544561e+00
-3.665517905936458476e+01 1.150593977206364826e+01
-1.768685965630935897e+01 -2.473074856677595079e+01
-1.303440029838697356e+01 -9.387018150647257642e+00
-2.358338224509635594e+01 9.932694105625808234e+00
3.544887126291896351e+01 3.988864300391112394e+00
-3.687097040218875321e+01 -9.877343987733398833e+00
-2.105276570332064878e+01 6.540369202749213073e+00
-2.691040982396242498e+01 -7.258810209326664875e+00
-1.886905660700009690e+01 1.644338013924483022e+01
-3.199344143538745655e+01 -2.168265138875470299e+01
-1.860096310560446042e+01 -4.331327828413895631e+00
2.867507860967544886e+01 3.244283346383176170e+00
-1.539034340758527541e+01 -5.574345732489336847e+00
-6.968100780745728251e+00 1.418118833175840443e+01
-2.624741467783468352e+01 3.113545765442187196e+00
-1.917444831609987332e+01 2.049480928700816662e+01
-1.443840377523586938e+01 -8.503431814597487204e+00
-1.898772773165554284e+01 -1.336654486060412417e+01
-3.851829286799387120e+01 -2.703358846084372047e+01
-3.674766081554111707e+01 -8.344562071985098584e+00
3.112135121392817538e+01 9.447168957121523380e-01
2.737633246676282184e+01 4.045517309406396755e+00
-3.097232166562814193e+00 -1.808757860562669606e+01
-1.561540651169278249e+01 6.802495718219618404e+00
-3.330994005157409532e+01 -1.214814040649130966e+01
-2.641372114820448758e+01 -2.652152351166335720e+01
2.958338833599702156e+01 3.543744977048027156e+00
-2.902153557068912804e+01 8.452942533387076907e+00
-2.668122436415597321e+00 -1.687111035490048039e+01
-4.057145439143763355e+01 -1.539444229321095747e+01
-7.419379527293847865e+00 -1.062319787849863584e+00
-4.882769349242892076e+00 -9.727595036598309264e+00
-1.147766374938546008e+01 1.662330919517937744e+01
-7.561564071677752408e-02 5.732788184050906288e+00
-2.547237185077973720e+01 1.493782053487553085e+01
-1.717541987684067450e+01 1.135968645161191404e+01
3.199876499023497090e+01 4.124038395299007398e+00
2.689343452455555195e+01 1.814183766684418053e+00
-2.871577462032098538e+01 1.402607658120814449e+01
-2.723835334686144094e+01 -3.313520217653885602e+00
-1.981493396481559088e+01 -8.438740367500495054e+00
-3.074229522730752251e+01 4.274707654483503205e+00
-2.281230035881391416e+01 5.376089782683438623e-01
-2.453776438888890610e+01 -2.771239264445108041e+00
-1.981966114978526861e+01 -9.705026201716471235e+00
-2.556790072681258152e+01 2.209297105262069394e+01
-1.928608068131587805e+00 -9.036492773619922758e+00
-2.325668497032770787e+01 -1.180917619976708632e+00
-2.385698404284546825e+01 1.633541798477586227e+01
-1.217255203013105103e+01 -8.276604292926579731e+00
-2.369821476216099398e+01 8.556832770903982421e+00
-1.102335044560664379e+01 6.987395263474951435e+00
-9.404472793879621761e+00 -3.113519918255720054e+00
-2.719552051610789611e+00 -1.175875595391168282e+01
-2.205202940595860994e+01 -2.323338613699256427e+00
-1.063311003372794872e+01 -5.472646682559495268e+00
-2.262222405585690765e+01 1.014087678207896737e+01
-1.275313698561537912e+01 -5.391840980269429373e+00
-1.407332924343924141e+01 9.155353282374797175e+00
-2.579407207142674707e+01 7.044930680469366102e+00
-4.454257861168125743e+01 -2.133177347964042880e+01
-3.086552543280870253e+00 -1.680846291778481572e+01
-2.185405072387035119e+01 2.397715079949239225e+01
-1.894375689558340881e+01 4.375330057530400829e+00
-3.134672442202556653e+01 7.315304739178777993e+00
-4.295458934765171222e+01 -1.219444997397960861e+01
-1.158900297536147050e+01 1.351036811360120105e+01
-2.300501525119840451e+01 -1.659630320104381340e+01
-4.119777827532319492e+01 -2.787304749737805398e+00
-2.898864665944886809e+01 -1.318972882480374587e+01
-3.520710652549621500e+01 1.210412037255613971e+00
-1.063714241837284291e+01 2.895273815320714039e+00
-3.422242508728874810e+01 9.726478645673058310e+00
-3.122787106643944099e+01 -9.917400432020762935e+00
-2.009601236017677195e+01 1.767943691679428753e+01
-3.270568504937470067e+01 -3.879122223094260136e-01
-2.362087687013721649e+01 -1.259063537187913795e+01
-3.026881818724008966e+01 -9.675422309833681567e+00
-2.090113536942804728e+01 1.307489654427349990e+01
-2.512804907634176033e+01 -8.227504476948306333e+00
-2.926592201368452706e+01 2.146594971302975807e+01
-2.990083532791513932e+01 3.551578265412906887e+00
-3.694932769647270021e+01 9.350537192870429504e-01
2.958553992475116345e+01 1.551545621060467894e+00
-1.364816826780298165e+01 1.713992421250778264e+01
-1.963691920370013833e+01 9.962279496837268766e+00
-1.536381343212884154e+01 -1.354176490739515515e+01
-1.826413668792242717e+01 6.883961706567520267e+00
3.600823109858578874e+01 5.248845618545674441e+00
-1.938926611752340534e+01 4.904543380474189362e+00
-4.448540111139377196e+00 -5.134258422503640062e+00
5.903652822584105619e-01 8.189930927634826219e+00
-1.247097037436370925e+01 8.311537280365047797e-01
-8.150495346290586696e+00 2.506358948350327687e+00
-3.157279280762820406e+01 -4.134479214751781484e+00
-2.894703865201861959e+01 -2.058009475086497009e+00
-1.357788298230852497e+01 -4.502881890886137661e+00
-4.328997758510149652e+01 4.888642720879696313e+00
-2.327231843899274821e+01 1.649542218754865530e+01
-1.829791627754884686e+01 1.282658386823626318e+00
-1.266849671976777358e+01 -1.469755570868788119e+01
-4.459995486182384639e+01 -5.272585376704713944e+00
-2.188880716532734994e+01 -2.257586123547266510e+01
-7.407306253487057290e+00 1.369692171267476688e+01
-1.700600243795555500e+01 -1.662776924742242102e+01
-1.847657300442045170e+01 9.109381172942874194e-01
-4.662889036275174703e+01 7.050080629673797894e+00
-1.877359551697441375e+01 -8.802823839847155440e+00
-3.677016935351652194e+01 6.350198445936925395e+00
-7.498874341359368145e+00 7.404483766054076987e+00
-2.867233316052488590e+01 4.728340037309989974e+00
-2.721111452051173885e+01 1.568671224115774265e+01
-3.102638854066482210e+01 -2.780066322792329903e+00
-3.460227916867452080e+01 1.961717318625036399e-02
3.742954158823964406e+01 1.204709095349909109e+00
-3.366850626967053017e+01 1.856131703146189249e+00
-4.073486037358694034e+01 -1.298558306761514025e+01
-2.381961133112506346e+01 1.490370823415350365e+01
-2.147214271218385662e+01 5.930992876712683604e+00
-2.252993385718178843e+01 1.159401026032222060e+00
-1.946262102895663304e+01 1.972491450564960047e+01
-1.663577987605027175e+01 2.781520284952877287e+00
-1.176715788074263003e+01 -1.156324215541830114e+01
-1.480236523762330414e+01 2.238149895274937862e+01
-1.919489142826243722e+01 1.843400413245223390e+01
-3.645382207181246059e+00 -1.335343364773426700e+01
-1.905272295282380668e+01 1.217765238997841415e+01
-1.498294837709929084e+01 4.528815076297345144e+00
-1.722476728672720014e+01 1.362544075000050370e+01
-4.097299665003093594e+01 2.676594962038131076e+00
-2.571979553416743514e+01 8.417135590304180681e+00
-2.475420738451069980e+01 1.658943713639858597e+00
2.889670591115812925e+01 5.439598037955102328e+00
-2.081943272050152771e+01 1.185517989081156465e+01
-3.593239602705248004e+00 8.780698198228824580e-01
-1.478084790748545174e+01 1.121469625477722509e+01
-1.649316723416034236e+01 1.343384033309359538e+01
-2.388429664801872931e+01 6.554284878293396233e+00
-2.280604651598359567e+01 -2.538301210107714923e+01
-3.094847224317843981e+01 -1.928948698717238130e+01
-2.112982925218147656e+01 -1.527530448012289988e+01
-2.061820479689752617e+01 -1.761370634167488447e+01
-1.990457806958346154e+01 -2.066317744299858106e+01
-4.052125503236640469e+01 6.774815205162036946e+00
-3.776937753588375557e+01 1.942036151510354136e+00
-2.277903038119312029e+01 2.018477617476828101e+01
-1.596695085193140429e+01 -2.592563331482850231e+00
-3.800078510532739529e+01 1.436185941368002261e+01
-4.429522926122469784e+01 1.997802040525832368e+01
-4.882560907685967067e+01 -7.805261957195917866e+00
-4.528384543795614547e+01 -1.593775929178048001e+00
-2.274156716517683918e+01 -3.461273379044952581e+00
-2.528346447661574814e+01 1.754744816953353137e+01
-4.277118789216723371e+01 9.684736142764423406e+00
-3.317199839453503074e+01 3.042510513709991482e+00
-2.458000382741535539e+00 7.835079427333161206e+00
-2.719458788397173166e+01 -2.040004807950422006e+01
-3.548689801586949955e+01 -7.433469026829878423e+00
-3.452608360919350616e+01 -1.782834526944103004e+01
-2.406497441441388219e+01 -1.488550135208953940e+01
-3.120246621609848603e+01 -1.031439791444462273e+01
-4.072565994052465754e+01 -1.382733117433580183e+01
-1.983915674707090560e+01 -5.618785747112532647e+00
-4.165070879080258948e+01 -2.261190474260072847e+01
-4.155946239879759929e+01 -2.672796127325430504e+01
-2.675922169932249517e+01 -5.984834267775062777e+00
-3.912307959847380090e+01 -5.560670623361327891e+00
-3.446035521392846590e+01 -1.378732444153608849e+00
-4.953495099931092227e+01 -1.605594514688093710e+01
-3.984152130931135360e+01 -1.741064424229842800e+01
-3.996173701271636958e+01 -1.422815816758891039e+01
-4.086989218241058097e+01 -7.155893155958452212e+00
-3.077780234050850083e+01 -2.742573889218392225e+01
-2.642667379907238967e+01 -1.193588591392908249e+01
-1.246011744731670312e+01 -2.590514319218433670e+01
-4.067409243025438315e+01 -1.198214836326603461e+01
-3.653603069488335819e+01 -1.801400145187887247e+01
-4.080488073799608628e+01 -1.599000216726204826e+01
-4.125888448159884092e+01 1.220438054672228745e+01
-2.948214898539336914e+01 -2.199465338797525149e+01
-3.028928148813476540e+01 -2.812019921241963516e+01
-3.770092574172831235e+01 -2.923721441816956101e+01
-2.442772597401942747e+01 -2.326341252500265000e+01
-3.183666254260410255e+01 -1.532564160969116429e+01
-4.530256650483948277e+01 -1.265621565939210491e+01
-4.604299127490723720e+01 -2.224909025995944134e+01
-3.449042956169561336e+01 -1.237469610890780736e+01
-3.594136334865818583e+01 -1.417891294924106127e+01
-3.436149456172328343e+01 -3.001754625448610270e+01
-3.610466398395107035e+01 -1.891283968092903578e+01
-1.374925304880882670e+01 -1.819746698347791991e+01
-7.439750051945756226e+00 -1.788563009113692459e+01
-3.549476133160643343e+01 -2.953476037133705745e+01
-3.628947306816243668e+01 -1.321218257737913149e+01
-4.705641577197042125e+01 -1.258270615858239161e+01
-4.441876475113386391e+01 -1.515039809803200477e+01
-3.577667079572810138e+01 -1.580790442759934322e+01
-7.480711618076692382e+00 -1.656384125840909149e+01
-3.653070255359833851e+01 -6.383181435816724481e+00
-3.442237267621603536e+01 -1.868070383554162106e+01
-4.014474179954710564e+01 -9.308402284904818913e+00
-2.287665367516868287e+01 -6.512109643752783228e+00
-4.741352707553397750e+01 -1.961999867383484286e+01
-4.683622973517394428e+01 -1.670225326367159013e+01
-3.710058251220760184e+01 -2.546763432164815200e+01
-4.125672439735614461e+01 -1.925575105818957766e+01
-3.536615952749736635e+01 -2.467365925345382394e+01
-2.869067376164656480e+01 -1.716963631968209825e+01
-2.602967045776510346e+01 -1.529474547506374904e+01
-1.869473798431667078e+01 -8.329982704505683344e+00
-3.820882191696076546e+01 -2.214642547645225790e+01
-2.879682911036862691e+01 -1.440226001156688440e+01
-1.444349906652494830e+01 -1.130859981526801228e+01
-2.926908747339090056e+01 -2.939575239458471856e+01
-4.393041491702820878e+01 -8.288336131642919824e+00
-3.808311162973677000e+01 -5.926708366819308793e+00
-2.898140338587399611e+01 5.807757482154304540e+00
-3.299965702138545254e+01 -2.370078796460095916e+01
-2.809788425811033363e+01 -9.693573811277156338e-02
-4.824861082284792957e+01 -9.648534134255408290e+00
-4.298078847385691859e+01 -1.509335132809679969e+01
-2.903505602360959159e+01 -5.347585685065348926e+00
-2.927702513805723683e+01 -2.325675635934943486e+01
-3.876434691826727885e+01 -1.416737932279740875e+01
-4.317556298738612952e+01 -7.248444060855971927e+00
-3.977888560383237149e+01 -2.618178255444902192e+01
-2.587807593985665733e+01 -1.817686845767644499e+01
-2.803504253103386290e+01 -3.261713200655701428e+01
-3.948482492898780549e+01 -2.285620230759205285e+01
-2.887940838358743889e+01 1.598804497509513567e+01
-3.352361114667223063e+01 -1.915253379898517494e+01
-3.989636688122480734e+01 -1.107779858377341498e+01
-4.094224835778682348e+01 -9.655774653814068742e+00
-3.152909730671618860e+01 -1.565189949138166448e+01
-3.957005211646551857e+01 -1.466151238244246713e+01
-2.357500788649465662e+01 -1.810673750880175348e+01
-3.912054383885947573e+01 -6.354066808397049737e-01
-4.717269271309722001e+01 -1.615407871235315085e+01
-2.932302432126520841e+01 -7.824836368485720506e+00
-2.930000744445932170e+01 -1.292997301424395040e+01
-3.139303677535811588e+01 -2.542491220095393345e+01
-3.695810124546540010e+01 -3.717006387995856365e+00
-2.205625241917005752e+01 -2.454421224533902102e+00
-4.070492610039725179e+01 -2.436650834130068333e+01
-2.846286693930164091e+01 -1.785533276459359087e+01
-3.965344659509737113e+01 -2.096976497243921145e+01
-2.569914936785667692e+01 -3.272169745327909851e+01
-3.499008428162269269e+01 -2.037190159096308051e+01
-3.018488624789452501e+01 -1.183417130431750053e+01
-3.850006859407454840e+01 -1.628665778893069671e+01
-3.316073840968892483e+01 -2.683216057472664318e+01
-2.350214893576467290e+01 -8.735822297535717595e+00
-2.061408163519338288e+01 -5.163472990752540959e+00
