-2.192760325004871902e+01 1.285455722591217587e+01
-2.431952178606182713e+01 1.251760035700900708e+01
-1.924694497326753861e+01 1.329782868360334191e+01
-2.297855970105392842e+01 1.744248209388102211e+01
-2.191345052974926944e+01 1.777191997119890132e+01
-1.306741634295894983e+01 1.863486466304272682e+01
-2.006939043702186254e+01 5.076658307161950212e+00
-1.610882193035200061e+01 5.894085498110237076e+00
-1.397402025053945707e+01 8.434629547744929567e+00
-1.694580529326498208e+01 1.582087487936751025e+01
-2.220813508705871442e+01 8.590542718744504924e+00
-2.551897493846633225e+01 1.486147025411978539e+01
-1.453707964896569393e+01 1.123350722658590328e+01
-1.876119433484360499e+01 1.999009592005081259e+01
-2.173389147233558205e+01 1.165842661480991005e+01
-1.818725277551291697e+01 1.366039698946642211e+01
-1.851185905013225153e+01 1.051137998296512244e+01
-2.108336386119238881e+01 1.143904692118944766e+01
-2.084702463468464018e+01 1.335534436711833450e+01
-1.929679006152382570e+01 2.661652296992774946e+00
-2.234649933073475836e+01 1.312724265462502515e+01
-1.861929074516992699e+01 7.248298146117693186e+00
-2.408612522419769064e+01 1.160122224881760111e+01
-1.937893320183095724e+01 6.240333005215345175e+00
-1.304978429817059116e+01 1.865440431580520908e+01
-1.190911209809911320e+01 6.118930841878900573e+00
-1.437018232650818383e+01 1.306159099865852902e+01
-1.635839772124425551e+01 1.490409923875895082e+01
-2.450409348207697491e+01 1.156724664844329276e+01
-2.163214228926637617e+01 7.277661390210506731e+00
-1.834701432230705720e+01 2.047462014677627096e+01
-2.158254965939440240e+01 9.741590224327072889e+00
-1.514581750917717606e+01 1.001086007060646210e+01
-1.762475303272803018e+01 9.111417616646109607e+00
-2.421219031547509104e+01 1.918727308686672473e+01
-1.306724682624636458e+01 1.866666003694221132e+01
-2.551408663621448625e+01 6.128435324448946453e+00
-2.379188859684072810e+01 1.883461804938136197e+01
-2.273200057265482954e+01 1.976832753175680679e+01
-2.272700425289218984e+01 1.150845157114806838e+01
-2.057404634560570855e+01 1.763221987265577084e+01
-2.231261181966815244e+01 1.366224378130124961e+01
-2.422571688033060511e+01 1.902869798131817092e+01
-2.135342810525116519e+01 1.580567813909366137e+01
-1.990366832210129644e+01 9.764797690965393073e+00
-2.113112515389932611e+01 8.974675393375241228e+00
-2.132267012173415921e+01 9.145107913789580323e+00
-1.796663950861609038e+01 2.108782614386628396e+01
-2.034456567588671305e+01 1.502829983999174424e+01
-2.471945255869799496e+01 1.419463374675057743e+01
-2.108750007979386609e+01 1.101679289463313616e+01
-2.797333079553560253e+01 1.431287271618922752e+01
-1.726592112102862941e+01 7.283773247894737679e+00
-1.821048227577503198e+01 2.093156968331917511e+01
-1.595121806458128511e+01 1.044137400197475785e+01
-1.806039298262081516e+01 1.483643977949353143e+01
-2.737655552480354970e+01 1.796317706422519933e+01
-2.636545251270749901e+01 1.022492671631524885e+01
-1.608282988542705283e+01 1.408638774536422034e+01
-2.327555574221519663e+01 7.971444403528812117e+00
-1.783446347879514349e+01 2.095140706666100527e+01
-1.809893805414843726e+01 1.197249698535117268e+01
-2.197043910574757319e+01 1.275809412961444700e+01
-2.607910334800569530e+01 6.342757752174573938e+00
-1.665707600051904080e+01 1.258663450495790315e+01
-1.625232271651673699e+01 1.140247170840773983e+01
-2.322009925465297897e+01 1.359919778666131940e+01
-2.436131701910532854e+01 2.023172140979453104e+01
-2.626669556811556561e+01 1.511504930655135226e+01
-2.204200032064361281e+01 6.853252213549666294e+00
-2.720168781927307222e+01 1.549786541962919628e+01
-1.973704334273294947e+01 6.454029467303334044e+00
-2.023575318790467747e+01 9.889906530346104674e+00
-1.680578481665069290e+01 4.823299966031179942e+00
-2.478032918385227390e+01 3.831204902027180115e+00
-1.628563595197730507e+01 1.064310896835972287e+01
-2.187955036503404571e+01 7.310751942772396816e+00
-2.296330199600124899e+01 1.209071545245114088e+01
-1.982491980622712191e+01 1.424308724800036963e+01
-1.526142799479312551e+01 1.437817842116957934e+01
-2.301181333032567977e+01 1.185154345407920751e+01
-1.629124016640707495e+01 5.778862803817362170e+00
-2.170538945666326924e+01 1.064433326031390337e+01
-2.392917608255753947e+01 1.843825842309842855e+01
-2.221405665508940075e+01 1.115411520872357087e+01
-1.980342690470872924e+01 1.365276915286425385e+01
-1.533659429361585502e+01 1.386770976874634975e+01
-1.729776053858992668e+01 1.262816990076709622e+01
-2.407031652332006288e+01 1.491883444363733169e+01
-2.092362118377085523e+01 1.472092860548166193e+01
-1.791986104252489653e+01 1.304413545874827562e+01
-2.155060404888756054e+01 7.205464761950271857e+00
-2.170610977914878603e+01 5.841785571937140098e+00
-1.299123399627281294e+01 8.707657740277779723e+00
-1.794397447749520325e+01 7.682729572390869066e+00
-2.740189279200831507e+01 1.794684376754269906e+01
-1.853391737483915591e+01 2.048349400198087267e+01
-1.576833880523969889e+01 8.563497547467655124e+00
-2.514726315206237572e+01 1.462403724677129802e+01
-2.210523432120041321e+01 3.628300964190870559e+00
-1.689661447872012445e+01 1.204028038214312346e+01
-2.038177204393537778e+01 8.172075195769435751e+00
-1.710287570013248271e+01 1.192364264627005355e+01
-2.535286892986631102e+01 1.576699332668356668e+01
-1.334535137247378245e+01 7.101564245322270708e+00
-2.358475893361655551e+01 1.163047514572084395e+01
-2.312242519295037724e+01 2.014600728199134849e+01
-1.326636270116888916e+01 7.381345963140868882e+00
-1.954348962411694401e+01 1.155122199246414816e+01
-1.583966571112678068e+01 5.140009186724503465e+00
-2.542154182711774624e+01 1.177575955024020260e+01
-1.673319042182451000e+01 6.275104376126239281e+00
-1.619145188138774571e+01 1.003863573147966015e+01
-1.858930813024002759e+01 1.423790971518823056e+01
-2.383424917307521795e+01 1.852001859181947907e+01
-1.789372107766340392e+01 1.000230330502223097e+01
-2.048281156859046703e+01 1.739149681738674502e+01
-2.494764187987195925e+01 1.190329229011740964e+01
-2.554403561711511372e+01 6.140328736553255951e+00
-2.343224647550512429e+01 1.005233672526549960e+01
-1.913371343848025674e+01 2.777244462058865437e+00
-1.896089729020861370e+01 8.965519556340083795e+00
-2.053338550186718692e+01 1.326398209034827325e+01
-1.616993338236646238e+01 9.998034203692824917e+00
-1.849198175115748555e+01 1.686526303915691116e+01
-2.775994291640844480e+01 1.393086750085886472e+01
-2.300280122511092884e+01 7.825829153541367766e+00
-2.286533928720291087e+01 2.084892630693289206e+01
-2.494941013936843177e+01 9.284942899141041650e+00
-2.051554898336157251e+01 5.591078303657711857e+00
-1.448893886314283819e+01 1.514075563490068177e+01
-2.240067451559515632e+01 1.612760655643321428e+01
-2.696653413516142450e+01 1.447874884658099681e+01
-2.487988593975967788e+01 1.965550693081176803e+01
-1.358555543691591083e+01 6.869178611309621374e+00
-1.761548334148164230e+01 9.589419264690054234e+00
-2.206276357944990707e+01 3.669625231175884128e+00
-1.599256928412869172e+01 1.335724684502205939e+01
-2.460077198919189456e+01 1.061973377767933968e+01
-2.276228585643173830e+01 2.016315185150039113e+01
-2.422719760523909116e+01 9.127767247446406884e+00
-2.419793284007200995e+01 1.469838191193358767e+01
-2.731841394140279178e+01 1.438222293458807677e+01
-1.889599118741085704e+01 7.886234961350362838e+00
-2.185923725817786334e+01 1.799587865558538979e+01
-1.490417728000363695e+01 1.415175060634657633e+01
-2.259139617883543494e+01 1.937199031202483468e+01
-1.636221724441616843e+01 1.943625025347392210e+01
-2.743896948466234775e+01 1.182736889802435343e+01
-1.994726744191616064e+01 2.216474367242242138e+01
-2.016776111326289467e+01 8.135813830144615011e+00
-1.722793529225962672e+01 4.413424673878870053e+00
-1.451502496684831378e+01 1.549807151058783816e+01
-2.224316221537192462e+01 1.396339838494610675e+01
-1.609269666489946715e+01 5.727456711799399969e+00
-2.096215410013010683e+01 1.129305500437747689e+01
-2.038231296853982855e+01 1.652000547636378869e+01
-2.081884378205688790e+01 5.354888991660624598e+00
-1.938519683363402990e+01 1.002756896461137970e+01
-1.525125471947406020e+01 1.083399912114626140e+01
-2.077659104988596539e+01 1.774943270385566763e+01
-1.934726547937705732e+01 2.629467204195178542e+00
-2.187639936817464204e+01 1.800406840899521654e+01
-1.851939767694292271e+01 1.208118791430472427e+01
-2.053860545126245185e+01 6.681834204597993931e+00
-2.084684256964536431e+01 1.361620595365728725e+01
-1.917756177116399030e+01 1.065809568393206597e+01
-2.426772394087367601e+01 1.894902717009564341e+01
-1.714331303095937642e+01 1.430981479072787543e+01
-1.856147493759938527e+01 1.683159548502386826e+01
-1.923499147946439436e+01 5.825863358538670767e+00
-2.195726439166315913e+01 6.209735450647976052e+00
-1.564993314991025386e+01 1.169176196501737408e+01
-2.091618067285053684e+01 1.042021119706034504e+01
-2.330128429197939965e+01 1.363748801458213578e+01
-1.679134542612361614e+01 2.220251869577819281e+00
-1.720759367594641986e+01 4.447415943871523503e+00
-1.994814509627044430e+01 4.805431916833885708e+00
-1.868539414558283696e+01 1.302736882013086372e+01
-2.201182991120069232e+01 9.057557794315989952e+00
-2.394463756481699335e+01 1.474243535685739381e+01
-1.837746069408031602e+01 1.495190052165025740e+01
-2.030243472904125213e+01 1.392084669451999801e+01
-2.521097368118119064e+01 2.044822511992128966e+01
-1.309323644328889458e+01 1.872701077389296387e+01
-2.599412652376523880e+01 6.295396148937454583e+00
-1.866319022853785370e+01 6.765183910966790393e+00
-2.255585613880866802e+01 1.635186124846482869e+01
-2.478442696690632374e+01 1.994884930879850060e+01
-2.598936620648755991e+01 1.513302574746868956e+01
-2.173691160586872329e+01 5.230395103830048242e+00
-2.103110988714712093e+01 1.391455429312488334e+01
-1.772494010393771902e+01 5.184900554985660825e+00
-2.034181157903957171e+01 7.289021754725157898e+00
-2.270882664231415404e+01 5.173212829264228318e+00
-1.705111755940499307e+01 1.372507243635405594e+01
-1.872563546382348676e+01 1.155668991872463813e+01
-2.433457060385401860e+01 2.064542632987224735e+01
-2.416487607021503337e+01 1.355547962378786409e+01
-1.655951588786494355e+01 1.212933547377346954e+01
-1.847329502664117129e+01 1.386979440725866475e+01
-1.872531560774225312e+01 7.030794118532315728e+00
-1.910250903950131374e+01 1.970369322203963236e+01
-2.445821521149118993e+01 8.161525130281949814e+00
-2.221096395029598725e+01 1.470299485939875694e+01
-2.334711442055984065e+01 8.436926771174892536e+00
-2.234635169130826782e+01 8.716785838741083481e+00
-2.005883012326959758e+01 2.220239971411423241e+01
-2.121521638158687395e+01 1.170298153496787563e+01
-2.261753505599738290e+01 1.663641410223684503e+01
-2.477624922375656524e+01 3.828528332433383863e+00
-2.216482454003048730e+01 1.902760577384517404e+01
-2.310370689419415413e+01 1.300110984286728666e+01
-1.901027577683341008e+01 1.260727828480472112e+01
-2.299451711004953580e+01 1.392175224883733797e+01
-2.462169299256358457e+01 1.956674539228590604e+01
-1.679268363122162455e+01 1.039134151089612068e+01
-2.195287623218403184e+01 5.837833869236767725e+00
-1.869994840044514461e+01 8.119923416108532521e+00
-1.629000736619192224e+01 1.939790155649930270e+01
-2.067122210795798409e+01 6.431561660195965757e+00
-2.461988823290112549e+01 1.896534810645698954e+01
-2.350011167158323033e+01 1.742434665036920904e+01
-1.875742796614751740e+01 1.998016012017682286e+01
-1.958370002073459659e+01 5.869098686442947965e+00
-1.307103885829648071e+01 8.616270357230462196e+00
-1.474977401659043608e+01 1.111512478182035935e+01
-2.286957694516596362e+01 2.010789306587438929e+01
-2.235990956317245804e+01 1.041787367013606946e+01
-2.259570742515158415e+01 1.062782142644512540e+01
-2.472963064621299267e+01 8.894783223495316804e+00
-2.142433579362575102e+01 1.389964092232737514e+01
-1.983018885964798983e+01 2.209436788312953936e+01
-1.669100539566572650e+01 6.387859178582157682e+00
-1.978126327082411606e+01 1.285372347309648866e+01
-1.568924731569014241e+01 1.571634517982000467e+01
-2.409626860388420511e+01 1.916764316175565241e+01
-1.912147167378239487e+01 6.052106629419437667e+00
-2.187714023795825824e+01 9.507294330241951030e+00
-1.526806497179754274e+01 1.390674831022256797e+01
-2.277765863004636060e+01 2.008761686835602589e+01
-2.337642250216308426e+01 8.992089852180887632e+00
-2.057681118235088746e+01 6.646347602134978771e+00
-1.855093010316252844e+01 3.262170006861175864e+00
1.488036496025673650e+01 1.615384165428530028e-01
2.967579398167504223e+01 5.495950515881541598e+00
5.195639247096321078e+00 -4.512219932378195963e+00
8.179812297524838627e+00 2.173896681095550676e+00
2.822686372377717579e+00 4.352832671509388796e+00
3.870305824322300303e+00 -6.044544060272752262e+00
-3.035036466175005110e+00 -6.911765962816772912e+00
-6.882085402922503370e+00 -7.057359781275807542e+00
1.110785426132207210e+00 1.418989522389995095e-01
-2.666312429479588353e+00 -1.963877030626538289e+00
3.160896607479628173e+01 6.622216918620358328e+00
5.866327631481051519e+00 -8.266020165041407353e+00
-7.149792566473129440e+00 -1.848184962874356296e+00
3.853612643630928858e+01 4.337817986087417310e+00
1.126267563334847566e+00 -6.532327452962492842e+00
9.152891681246160260e+00 -1.163572038145083809e+00
-2.515990416459279899e+00 -4.924266302903302694e+00
-3.166537461159673494e+00 -1.293183063080999951e+01
-1.542740980776194704e+00 -1.149613775124515680e+00
-3.375659158438235163e+00 -5.286548203259766598e-02
2.579256776091577663e+00 -1.274659988619390916e+01
5.304215768099607153e+00 -7.184199247575207892e+00
-2.418841063192772811e+00 -6.178226586986537150e+00
2.758458099668290586e+01 6.586500887247251690e+00
-2.850665539908554980e+00 -3.053761617346510082e+00
4.507791620375144248e+00 -2.132831220267741745e+00
4.936914616361171682e+00 3.581868734791756381e+00
2.973177748883990557e+00 5.439240942411397661e+00
-2.027769326973082986e+00 1.819398682400272582e+00
-4.059180386703713062e+00 -8.433072933875800814e+00
1.242374183892486661e+00 -1.996047427849117817e+00
3.268266335751418694e+01 6.790817990189785824e+00
3.862330497999491907e+00 3.244526472000325068e+00
-5.037105893639716170e-01 -9.247941107227376278e+00
-4.612675711051420713e+00 2.000328434543773959e+00
-6.883191885335610216e+00 7.044623359222934589e-01
9.303927669204663076e+00 -1.494765524356170161e+01
-4.964920251584071131e+00 -4.785607617106579781e+00
1.126439882884764998e+01 -9.981971425161889622e-01
4.996147836883735316e-04 -1.106056579380510163e+00
2.639785926306355002e+00 -1.118902312633393592e+01
2.726354883254623385e+00 -1.387572333336899444e+00
-8.878512068047001549e+00 3.156807501477680300e-01
6.795741402188410163e+00 4.318858374667053468e+00
1.223535407083465198e+00 2.945052321224960856e+00
1.476188280613567372e+01 2.380133083556301155e-01
9.001118650670004939e+00 -2.232908585497971554e+00
-6.846106385058670973e+00 2.103923298882444115e+00
-5.649572631741015982e+00 3.985829590287971236e+00
-1.397489959492637657e-01 -1.036989066212579402e+01
-1.570791823785018693e+00 -7.166989132453865707e+00
8.933099417165982770e-01 -6.011752461313748519e+00
-3.197781948542984143e+00 7.174982328654878394e+00
2.024799125155754886e+00 -6.545397915427336955e+00
-2.080579793234711872e+00 6.058676360797921490e+00
4.319434736134703523e-01 5.015802436866595215e+00
-4.173426779017684218e+00 -1.394245619167127526e+00
1.385422774281668712e+00 -9.755147709329228256e-01
1.047512135507540698e+01 5.397349578559677674e+00
-3.814854525226631932e+00 2.252780794949724275e+00
-1.664677625860856658e+00 -5.274666876751233247e+00
-9.135628839015681457e-01 -1.029446240045040994e+01
3.887680678227510356e+01 3.631931794800261848e+00
1.053076194926548403e+01 1.300343562301141898e+00
-1.697573210619136352e+00 -5.990892556039279171e+00
2.921366098519325405e+01 9.995462899359530695e+00
9.241982843440403883e+00 -2.843001607171537160e+00
-7.356001161353911133e-01 -3.973973805093459877e+00
3.145461185629326639e+00 1.533280530468645875e-01
3.389177611913326338e+00 -8.715481958721113642e+00
8.336881181252977058e+00 -2.526792894508082643e+00
2.571756323373279329e+01 3.944909331821544463e+00
2.539617483492273564e+01 3.082971737190007389e+00
4.219209887504391077e+00 -5.760148697784096328e+00
3.303035547532105909e+01 5.088002444328998841e+00
3.042686483670002673e+01 3.793689663411432988e+00
1.466777009978135027e+01 -7.209470784460519255e+00
8.472344050212077704e+00 1.427722614609545193e+00
6.456251142778075547e+00 3.529790976425052573e+00
-6.093709937110180164e+00 4.111507200374359350e+00
4.480462590859090710e+00 -2.803504305123733165e+00
4.422741183388446906e+00 -2.357181382928705826e+00
-8.211840916627510811e-01 -5.551382779579841831e+00
6.559889175183917231e+00 -2.312108089392176602e+00
-2.878614105514186505e+00 -3.345943562758797452e+00
3.637463182988154742e+00 -8.096632493165863309e+00
1.621131872062861490e+01 -2.944413449144872352e+00
-5.551299616946642423e+00 -6.670937783822535216e+00
-4.149155713622008079e+00 -3.291600729679253212e-01
-3.004977834328042885e+00 8.157640552015262614e+00
3.363902883283893086e+00 1.077182969431325077e+01
-3.444194206800666791e+00 -1.131722862590510381e+01
1.220807476083099985e+01 2.814736116327875237e+00
7.204585055979605634e+00 -6.470439547060778729e+00
8.726893132437155032e+00 -5.361695259836366745e+00
6.906616313849791133e+00 -7.415339091250712222e+00
5.886478343496532872e+00 6.927770947241164379e+00
5.339057156599354315e+00 -5.343610166352452673e+00
-4.089232446172429647e+00 -5.293664103704839086e+00
6.037245038222278204e+00 -5.924752193934554434e+00
4.909685638906201355e+00 -9.645035470782238107e+00
7.014905587109010909e+00 -5.610333184138419860e+00
-2.393735633074693503e+00 5.680509260244491543e+00
-5.068961464889405022e+00 -6.438931162012314857e+00
7.264782685558799358e+00 -1.356532909299710532e+01
-1.876778111847441144e+00 -3.743028640254218331e+00
1.043635085942310958e+01 2.324423568389208494e+00
2.508651204642553978e+01 2.619181591140939958e+00
-3.914470485815755296e+00 -5.948446684550396490e+00
8.406786415227424314e+00 -7.760201194658985280e+00
3.064483557010026971e+01 5.557593667712523278e+00
7.289453746922494481e+00 -1.037365283713811159e+01
-3.621102986490875253e+00 3.274560903478018759e-01
8.366821517181062262e+00 -2.567323059081979775e+00
-3.989037308511429014e+00 4.193038551652131574e+00
1.047220016142422327e+00 -5.829927121673929236e+00
3.727217999162849793e+00 -1.282939779632079791e+01
-2.933207786823380125e+00 8.330043610880064620e+00
6.295196147847542889e+00 4.705983157103103665e+00
-1.967160878029799109e+00 -1.184091973007109111e+01
3.143033910302965239e+01 8.117566756229383174e+00
7.495626108108985886e-01 1.444593627754489740e+00
-5.641751592494674838e+00 4.161476505134170445e+00
5.028842979070940800e+00 -1.151465960981068015e+01
2.264027040663629364e+00 -9.552240362521670747e+00
4.965305947689674149e+00 3.694674899809419433e+00
2.434029591180721752e+01 3.850292972225678234e+00
-8.726684627036744857e+00 -6.410822098291175664e+00
5.301571074842672537e+00 -7.164539162450248355e+00
1.241010657643458748e+00 -2.236364615892624474e+00
1.277063267492576815e+00 -5.564672672181847801e+00
3.080632387172739683e+01 6.437012754018437199e+00
1.429900672893337799e+01 3.661572610410119277e-01
1.089149431695430437e+00 1.589902881848911154e+00
5.496874749454479847e+00 -8.693556059599671926e+00
8.880930730354080538e+00 -7.619007320128687866e+00
6.665950491052480054e+00 -2.115739753876445306e+00
-3.901567728465062501e+00 -7.089716038052091385e+00
-2.008250819274810972e+00 5.802266634367173603e-01
1.059910967684065952e-01 -8.383558861432476306e+00
3.094598830679267110e+00 -4.601437750465241727e+00
6.617259254535266422e+00 -3.806759567612435724e+00
3.647776975095645136e-01 8.832593843317264160e+00
2.437059286402213587e+00 -2.900195514227917659e+00
6.460570735803959685e+00 -1.183479747489507794e+00
-4.301879850553653739e+00 -1.527381702940325159e+00
-1.574923519076717682e+00 6.284380264209518785e+00
3.752955243773404281e-01 3.873109733172746427e+00
-6.721344078723583415e+00 -1.975592634464302000e+00
4.469276425768001992e+00 -1.151694776489627259e+01
6.497801616656115442e+00 -1.251277015250756408e+00
-1.716830642970198273e+00 -1.858722658741152500e+00
4.954028471621354512e+00 -9.270797375121528461e+00
9.838535596464545563e+00 -2.449951341253754578e+00
-4.239727442112183553e+00 -5.508212828093487445e+00
6.498118720271236493e-01 -9.283319950722711766e+00
-1.343196842624039711e+00 -8.571229404016721176e+00
7.001824481382548093e+00 -4.205703198985373703e+00
3.084520838756931127e+01 7.806162135212446174e+00
-4.907210479396218794e+00 -7.218385907199627027e+00
6.115391357436860353e+00 3.543836498450552153e+00
-5.612000365096778687e+00 -2.957995408170704277e+00
3.171996960160108614e+01 6.706410237229274429e+00
-8.891453091530799213e+00 3.106588579685092277e-01
5.963105271704625565e+00 6.420472036049950759e+00
1.795102705849379587e-01 3.394074633655317808e+00
-1.091316938439264306e-01 2.936926643362856471e+00
-5.672283816570950599e+00 -7.406915847598108726e+00
1.055406315388068172e+01 1.495230700086165543e+00
6.094697368031147811e+00 1.859873605343106640e+00
2.407563276911251382e+00 -2.901308237719889327e+00
1.229726089137910705e+01 -4.302639273416868804e+00
4.343529548131655815e+00 -1.795310751441731578e-01
1.075466653913600190e+01 -8.414179244089988075e+00
-4.458336616404579011e+00 3.783870483410710861e+00
3.350890584804659955e-01 7.505839899365570389e+00
-6.883922646421706482e+00 2.584285298139551212e+00
-1.196777585600760752e+00 4.829413962053386022e+00
-5.292238754482750274e+00 2.630446671979392192e+00
9.534765483929909635e+00 5.209515988935581099e+00
-1.889445374177641579e+00 2.342781528387161138e-02
-2.781892021846489982e+00 4.938272729436665287e+00
3.637449813306799840e+00 4.508947577980510601e+00
1.558625210370702163e+01 -7.022519780840464243e+00
1.162367768368490495e+01 -2.216904687984391220e+00
9.131387389873302229e-01 -1.259658300123140151e+01
7.478531182505815167e+00 4.360037955214321137e+00
1.744289433013604063e+00 -1.125681100847683425e+01
-4.638484469429887680e-01 -3.726150480642477447e+00
8.649195218940000984e+00 7.263498709735118020e+00
-3.930709650471339245e+00 1.820784301903636049e+00
2.405123056166585727e+01 3.595274590424096139e+00
-5.325898108629730565e+00 6.868456893411991615e+00
5.972701037809219571e+00 4.096139650532466980e+00
-5.979319832262966372e+00 3.877425181312844860e+00
1.183011429748967558e+01 -4.427864066923742570e+00
1.016992543203284249e+01 5.176942977628515408e+00
-1.364991108258236885e+00 -2.572255606550840845e+00
-6.663508056379298772e+00 2.808578017280167316e+00
1.276057574521719573e+01 4.696822780332008840e+00
4.205670051426260159e+00 -4.455988295037659697e+00
-7.635398060824014621e+00 2.848140683398774797e+00
7.742259046580718618e+00 -8.697767771193030129e+00
9.508778173559839786e+00 4.273807459719416002e+00
-3.222038389707128303e+00 2.920070484778107378e+00
7.315657192794587260e+00 4.488714306449645086e+00
-1.983336759164886276e+00 2.222672846812555392e+00
2.805145077987809099e+00 -1.049675477893337572e+01
1.000572879944634153e+01 -1.167771825024452959e+01
3.111966254412406840e+01 6.047584741279494303e+00
1.397504115970989602e+01 -4.277888872539726606e+00
9.306530218842571145e+00 3.398762974651155844e+00
3.816591693200064128e+01 2.990341817376096056e+00
3.197257665381043523e+01 7.690969993754108280e+00
1.469324771809219321e+01 -7.269272947237019444e+00
7.999902967719092928e+00 -1.194664064180358132e+01
7.861700184512169898e+00 -1.295738861324048408e+01
9.574936409345742305e+00 -7.682880899813548048e+00
4.308294885045363287e+00 -8.269158567454757858e+00
4.808375914180047950e+00 -1.372253668363279644e+01
5.957436658059919843e+00 2.218811917861367444e+00
2.521768859316495970e+00 -1.287582017161234660e+01
-3.185461406105122961e+00 -8.074229132855633040e+00
7.266906553760862586e+00 -1.172022075897757176e+01
-3.376557538650608592e-01 -2.876185659913693904e+00
8.332455677617351952e+00 1.871884893798208882e+00
4.394875385415415003e+00 -1.983449298566180463e+00
1.358686415702245798e+00 -6.228735738354462370e+00
6.014986853499290298e+00 -1.243869707354028442e+01
1.403301127945407423e+01 7.575858205704639747e-01
2.631552220364626216e+00 6.099415383529700030e+00
1.017874448530414178e+01 5.355458494972877403e+00
-1.411027800468405147e-01 -2.709575776732099150e+00
8.603432702545024569e+00 -8.641251177198842726e+00
-7.051588396288928529e+00 -3.469070383541351443e+00
3.262077830283457658e+00 -4.424362930971103225e+00
2.803307484633173807e+00 4.125987054622805239e+00
-3.524404721630312487e+00 -8.180259718540195735e+00
-4.334753914839018507e-01 -1.054058079749117205e+01
2.807160571064605925e+00 -9.132968452557770789e+00
9.579949206356378255e+00 -7.260278937343919381e+00
-7.628534275336321890e+00 2.860806258383265632e+00
3.126873321868247402e+01 7.831067815655119446e+00
4.476789495577393474e+00 -8.914122226390208681e+00
-7.188918074727557617e+00 2.595634261990887648e+00
-9.452301335637249835e-01 -6.777354155900509269e+00
3.215686496218596346e+01 5.669302521589381527e+00
3.002903475945050005e+01 1.135169513238721350e+01
1.262828771415222562e+01 4.719680811700385448e+00
3.676003219310068904e+00 6.303500490799767597e+00
1.179196700419808508e+00 8.588616170506533365e+00
2.583050342093584639e+00 -1.037283567081620639e+01
7.867201378544630863e+00 -1.318529991578703608e+01
3.385605244172209094e+00 1.072231179206289653e+01
-3.331564250203054467e+00 -5.008175057442793232e+00
-2.075835045465640460e-02 7.677245979618316341e+00
1.394940455344354646e+01 -4.273830783897976104e+00
-4.186844263253619025e-01 -5.049686791519507167e+00
-3.417464712770189816e+00 -6.360274188462856415e+00
1.270089645054844141e+01 -9.479954302468476257e+00
-6.867870103240672819e+00 -5.326630097522036422e+00
3.000828814820124535e+01 1.043196263657439715e+01
3.812375477390769873e+01 3.004940475201555827e+00
-1.861787734648256698e-01 -7.694543140302398498e+00
-3.495647975391720674e+00 -2.680312791123777849e+00
1.569736894790795922e+00 -3.034938999933553205e+00
2.295231065370670454e+00 5.868782090464467416e+00
-5.078589990795419951e+00 1.682998077253382130e+00
-2.291584590210947070e+00 -6.130348486120408502e+00
-3.937239574625424954e+00 3.596873712086838371e+00
8.008372418535998349e+00 -7.299145980348432872e+00
3.790400312861625309e+01 4.215789238724369170e+00
2.897212530344331682e+01 5.659672026095109665e+00
3.852801067958078818e+01 3.085142348371096244e+00
2.315036911341202952e+01 5.462011755375498545e+00
3.479234180917241126e+00 -3.738293200333334898e+00
1.458944114256816427e+01 2.046804149185000865e-01
7.447655565548307877e+00 -5.959667735617617979e+00
3.261137847887298591e+01 5.410751949207821987e+00
3.194850956834894617e+00 -4.438424580659792618e+00
1.692016318944223219e+00 -7.328097398606869817e+00
1.376711794399857469e+00 -8.259521969343698089e+00
2.284959100494821538e+00 -5.695166294306976518e+00
3.011480684111065287e+01 9.047098005973818857e+00
1.488952703288137869e+01 2.934474839461014700e-02
1.002714615874295667e+00 -1.320125408354570951e+01
4.502702073531175131e+00 -1.947467851147376861e+00
6.328540623767970885e+00 -3.624692091157413198e+00
-2.209047934482898157e+00 9.023350657349402226e+00
-2.503554711234790897e+00 -7.977839703465661181e+00
-2.149998730730585894e+00 4.266321599290234801e+00
2.664829264024461519e+00 4.146268061050549569e+00
3.873684878242439567e+00 -1.115188299563649821e+01
2.589921772555899793e+01 2.588897306072512894e+00
-5.803928393895859017e+00 -8.032331350601486619e+00
6.306302565934427840e+00 3.404064456168924835e+00
-1.553231934547548043e+00 -4.097303784866202392e+00
3.391228738453562652e+00 -4.622051823575684115e-01
-3.447700935759590024e-01 7.016425736392848833e+00
1.174848611429084144e+01 -1.117534624423101519e+01
-2.543284402495898933e-01 -2.790880583788918567e+00
6.591308214457948011e+00 -1.044599219906451104e+01
-6.685305827406852863e+00 3.292804551815081471e+00
1.277426729523181592e+01 -4.293909248587489458e+00
-5.295721827090410727e+00 6.980671876377386731e+00
9.644005726303904069e+00 -9.220708061338726225e+00
4.212766840050279349e+00 -8.823927351186220847e+00
3.848931445432570086e+01 4.491180674349066315e+00
-5.516705010807317677e+00 2.660552311524333025e+00
2.941945786694062548e+01 1.054429982959307033e+01
1.986824748613991609e+00 -8.756950959809358892e+00
-1.259164345628763226e-01 -1.051593445569507068e+01
4.064024504660516790e+00 2.881345455698029134e+00
1.480504463269763527e+01 1.010795210288824991e-01
8.500744008657219908e+00 -3.533966766173972651e+00
-2.450844425063283816e-03 2.866705779438823765e+00
-2.927554064087193986e+00 2.808017456870918860e+00
-4.080390366735813679e+00 7.813660981960268703e-01
1.864765034462151139e+00 -1.508050234248275778e+01
-5.949729353223161432e+00 -7.838438939033011366e+00
2.489091545580706555e+00 -5.592172992432599798e+00
2.528690317027968604e+01 1.851697404802227442e+00
6.657252534087701790e+00 -1.367420365759111789e+01
-5.039074817326675060e+00 -6.655072319343031673e+00
6.724759059219073687e-02 1.059614286559639407e+00
3.220667128484711839e+01 5.746402582075047505e+00
-3.235719715643035510e+00 -2.709769415360898659e-01
-1.646017399726787400e-01 -1.111157178577467697e+01
-3.025239896747529578e+00 8.312306442482700675e+00
1.720842165829473247e+00 -7.777189807632410634e+00
1.025047105824386584e+01 -6.826725246024599514e+00
8.236562926758175252e+00 -1.003144455905486154e+01
-7.107547395042297378e-01 -9.088826165904667631e-01
1.011887587030855506e+01 3.006073158926153011e-01
-5.179481577442416551e+00 5.657823695524779595e-01
6.348269069457960434e+00 1.070648752428532413e+00
-5.315593561569853520e+00 7.005680623008050389e+00
1.005965028972091524e+01 -4.890096332625386566e+00
4.920866469953510958e+00 9.849982248404003826e+00
2.527265624742086381e+00 1.022723856217206739e+00
1.412652742568152320e+01 5.881138918113270053e-01
-6.084134771755524085e+00 -9.584864133899361205e-01
1.026674466678395703e+01 -1.024621154754558816e+01
-6.129306992143821908e+00 1.143229798644956219e+00
-3.665376369907104026e-01 1.809878847703957572e+00
7.210460840859740372e-01 -7.254966005171238130e+00
-2.330294491372693511e+00 2.143542861018337575e+00
-3.290624875790391091e+00 4.124137160617291187e+00
4.304256761844667878e+00 -1.028042050581104228e+01
2.651582984224100059e+01 7.919552326490044258e+00
6.155128116149764850e+00 -9.917670091993517900e+00
-2.353222341930331751e+00 3.378582886968115151e+00
-3.874472530521034130e+00 2.705456892803502100e+00
-7.927623460581854076e-01 -6.950169475265708385e+00
9.078490445254232100e+00 -9.546309964029997985e+00
-1.718172824227728879e-02 2.754235172112207586e+00
-1.128613669825886845e+00 -3.011684814409592903e+00
3.522248864808994906e+00 3.195799623209489404e+00
-9.848727006467562717e+00 8.628208236846035106e+00
3.054865752244469590e+01 8.012769748742870846e+00
3.265462841860435006e+00 1.608486960462273352e+00
3.705844511742275027e-01 -6.187390210207959207e+00
2.392945385213695886e+01 3.149750635872572424e+00
3.364101451758332306e+00 1.086994400918906045e+01
-5.478721498806970125e+00 -1.100699705564572461e+01
3.095545385148648077e+00 -7.706228259101616018e+00
5.329689592838805723e+00 2.328378602135519504e+00
-3.781373348400004497e-01 -1.290413010439488772e+01
-1.839910525573087208e+00 -2.864405082689169824e+00
2.999228243505886482e+01 1.089250085256416689e+01
2.766128652481992134e+00 -1.111785242427641229e+01
2.486124791423609182e+01 3.238980392046383994e+00
5.879404926328895442e+00 -8.534533875082876975e+00
1.132815670966464960e+00 -7.554733656205191217e+00
-5.042348786811751360e+00 -5.526849321072393018e+00
-7.546362446883970732e-01 -1.461479516384394906e+01
1.207009560290642547e+01 2.693578033750158252e+00
8.284667537198544096e+00 -8.073647670213773608e+00
6.805768027095349115e-02 6.683699852343531589e+00
-4.273319620523722939e+00 -5.511508484775387018e+00
-2.624511680081777154e+00 -9.896255886465949558e+00
9.224224552874595418e+00 4.028037960337758072e+00
7.902624367615451728e-01 -9.543346608681535059e+00
3.968409166128374910e-01 -6.520157767352023903e+00
-2.564609485599716354e+00 -9.151858704251891297e+00
1.061413844318047417e+01 -6.214990535061953203e+00
-7.193964965108392562e+00 -1.901671368090043002e+00
1.229546403256775555e+01 -1.132303629490213304e+01
-4.802611286067013374e-01 -1.017326796424448077e+01
5.301791982675111647e+00 2.061627554266076690e+00
4.907945653562021393e-01 9.066662356474044060e+00
6.598323734247070860e+00 -5.700357760474087598e+00
8.557719070342074019e+00 -1.070460778418988212e+01
3.179262047582241735e+00 7.583587448664106390e+00
1.181095802422064445e+01 5.202272022539786711e+00
3.505766497420576222e+00 1.914917319184263222e+00
-2.533562945188633009e+00 1.086042033588514588e+00
-3.800401271025223515e+00 5.143582730213248411e+00
7.807769905593116455e+00 -8.945988163206201049e-01
2.652814300557258864e+00 -1.042994370867047493e+01
-9.428174727330020932e-01 -1.014531288675501841e+01
3.862857989560203098e+00 -6.081697271638312863e+00
2.534869389127565320e+00 -6.225477293461417538e+00
1.174672318741576227e+01 -7.618291909163109388e+00
-5.480321805941182234e+00 -1.106958174965460451e+01
8.862680400066999198e+00 -4.791281706294205911e+00
6.875315288977785322e+00 -7.261125599286678778e+00
7.792804628146334345e+00 -8.781344250446524669e+00
8.677764153227439436e+00 7.225251577866959707e+00
3.396380781568780538e+00 6.188457018870092696e+00
4.179361071654548176e+00 -7.649399402775267198e+00
2.702758358725180443e+01 6.517763272464303981e+00
1.013615715014149998e+01 -1.304238767082490824e+01
6.703690919975742624e+00 1.937870378388538983e-01
-4.311862975071838022e+00 2.492537273209884052e+00
3.853536133724442436e+01 4.385446549683149620e+00
-5.987621464780150227e+00 9.601068936546534038e-01
1.744123562661770821e+00 -4.116959684695880917e+00
4.064301985603265166e+00 -5.869365073710141267e+00
3.172790155229726139e+01 7.033155560312361665e+00
8.316434156667747990e-01 -3.839852502895142017e+00
-2.644074341467958611e+00 -5.953361517319126328e+00
2.692240474276733408e+00 -1.366078709617085440e+00
1.392873545565686477e+01 -7.768775331174690990e+00
-4.455023010224415714e+00 -3.112094112749699715e+00
-4.424972887207929695e+00 -9.532074894663155717e+00
-2.116889698645041396e+00 -5.963481823957209826e+00
6.837559461249813175e+00 3.694742652473479994e-01
1.650616296197475741e+00 -1.506306415037352853e+00
2.493988883834365733e-01 2.581522029367115945e+00
-3.223822976895609926e+00 1.514636083819971502e+00
8.261710149036368023e+00 -8.805256247835993477e+00
1.469665435450776547e+00 -4.197482276106815569e+00
9.654913794324063048e+00 -7.494079559394784873e+00
-7.706933358417771274e+00 -2.022154836726194560e+00
4.311771192826177490e+00 -3.736424288815636818e-01
1.710141919563164858e+00 -3.763520317218576494e+00
5.431363748659896906e+00 -3.710419616402838017e+00
2.497706603899220923e+01 2.470131797392970618e+00
-3.689421870379687163e-01 -9.892441166323706625e-01
1.529061323766389258e+01 -2.993481208899821056e+00
-8.373476313509696567e+00 -4.629608328676646067e+00
-3.828319358666321559e+00 -4.295720494950174384e+00
1.139417986649134207e+01 -5.396095260799129711e+00
4.690962196127920203e-01 -7.875363662832542744e+00
5.210484286838837242e+00 -9.850639272834163407e+00
-5.840936919723637821e+00 -2.855569221919750600e+00
-4.493712583965797869e+00 -9.716186062031150428e+00
-8.537745341225214446e+00 -6.437217290548601589e+00
9.767712902356871396e+00 -7.246475720184199609e+00
-3.285790587372008797e+00 6.424173555389264045e+00
-2.195810557730227153e+00 -2.984247817072349207e+00
6.200116752155083510e+00 -1.000879146269601527e+01
6.431877863483342139e+01 1.628116350338695284e+01
6.954928524347796071e+00 -5.637938633619817175e+00
-2.239610726055853096e+00 -4.286308607398538584e+00
-2.147781975887510342e+01 -1.416114250471409264e+01
-1.868728296071264339e+01 -1.482587669703473132e+01
-2.311695621697595726e+01 -1.473887175550501638e+01
-1.793815312981398691e+01 -2.099097274052930473e+01
-2.062639631863408596e+01 -1.679178624982263557e+01
-1.781640590764955334e+01 -1.422746121242396633e+01
-2.275111198308844607e+01 -1.792420657631443603e+01
-1.389089087265464073e+01 -1.745310502612032266e+01
-2.266046602279838496e+01 -1.962398085817228477e+01
-1.201413828076597490e+01 -2.504249870044306192e+01
-2.547581556957018378e+01 -1.808888427511197250e+01
-2.468029519632928981e+01 -1.186238261300094621e+01
-2.066669206693057603e+01 -1.667029854714932213e+01
-1.612973421576114674e+01 -2.133203399962847513e+01
-1.773400878153528026e+01 -1.372868512001837793e+01
-1.605456611603134220e+01 -1.691464659825286532e+01
-2.259885873695668934e+01 -1.804944760756819733e+01
-1.973843415618436481e+01 -1.817698753001788248e+01
-2.653317830100230523e+01 -1.947335253035857505e+01
-8.332188322834474192e+00 -1.827516107684172653e+01
-1.558935470967658787e+01 -1.184776455959111452e+01
-1.709429392390442004e+01 -1.884995133969356118e+01
-1.846343740790689125e+01 -2.078332672315397289e+01
-1.735777360586335050e+01 -1.597708265750626033e+01
-2.183628209570593981e+01 -1.566403565563689781e+01
-1.754873226471042713e+01 -1.689014094650369202e+01
-2.053732474816401776e+01 -1.512559880334920415e+01
-2.477333748865552465e+01 -2.093189365604117214e+01
-1.227415175088538568e+01 -2.147272448081177032e+01
-2.576289686057428696e+01 -1.141513528139553024e+01
-2.019148716639063323e+01 -2.164479923734774403e+01
-1.650926780713002273e+01 -1.622701523375639354e+01
-1.699370164189102184e+01 -2.536768664393013850e+01
-2.023313599129354401e+01 -1.888369355860531584e+01
-1.776182522918315598e+01 -1.010660011615745013e+01
-2.179590737309447235e+01 -1.813954952484101568e+01
-1.999372687217362810e+01 -1.533950394088141600e+01
-1.788825641429656343e+01 -1.897526574800317789e+01
-2.385115405164156499e+01 -2.088616916755482578e+01
-2.060778376964153580e+01 -1.347697230925209766e+01
-1.676962313785931258e+01 -1.512548553647532046e+01
-2.106208701576107600e+01 -1.341705380361629274e+01
-2.174379351254259873e+01 -1.737967341484499784e+01
-1.865159974586785552e+01 -1.915685467355874394e+01
-2.394468661520114594e+01 -1.532336262243837055e+01
-2.140646606015272724e+01 -1.405453534649671354e+01
-2.420604110469538739e+01 -1.564890217530863659e+01
-1.789015986880605880e+01 -1.522015920444997583e+01
-2.007881083213522544e+01 -2.020946372123044199e+01
-2.255110025242373695e+01 -1.880906050453645051e+01
-2.570981346897227127e+01 -1.638324276378717315e+01
-1.384326646250367432e+01 -1.420361823479654184e+01
-2.224768407711968621e+01 -1.080094922851777817e+01
-2.129745050972609732e+01 -1.959712377928545379e+01
-1.700348391357675837e+01 -1.332482797393493712e+01
-1.361952146120077956e+01 -1.573526857041620808e+01
-2.392456926715546217e+01 -1.433587700866552339e+01
-1.837080414174798193e+01 -1.611649698819730503e+01
-2.237917579914716271e+01 -1.258134058651354792e+01
-1.870712523179139808e+01 -2.027441757393737021e+01
-1.494993391573751573e+01 -2.288398277729483254e+01
-1.804360302784688130e+01 -1.862599058776442362e+01
-1.501024571930919294e+01 -9.852197179725004972e+00
-2.423270307565494974e+01 -1.262574011098097948e+01
-2.623101000077687672e+01 -1.562138479475795450e+01
-2.206153038959189061e+01 -1.298962110719899776e+01
-1.898512060644826605e+01 -2.242859361922042893e+01
-1.889677610411467512e+01 -1.480917477615208178e+01
-2.193093048162839054e+01 -1.633685652689661438e+01
-1.675633283460847167e+01 -2.314938368551173653e+01
-1.533097831897818075e+01 -1.440388236955262080e+01
-1.733549600705268290e+01 -2.170566635905553809e+01
-2.023665442820404792e+01 -1.782685106372407091e+01
-2.395389166710694084e+01 -2.153480125182371907e+01
-1.950697383036180099e+01 -1.905932490805030000e+01
-2.372023917978387431e+01 -2.194275421522205960e+01
-1.400609255229427852e+01 -2.065831668736009874e+01
-1.787546063063152246e+01 -1.098621438283242213e+01
-1.627171011975598347e+01 -1.945989197026996820e+01
-2.440360304174153327e+01 -1.632776628104353023e+01
-2.040332432688956033e+01 -1.737167569181494287e+01
-2.049186479520272641e+01 -1.973245551173036105e+01
-1.505624995188635218e+01 -1.853041358540099992e+01
-2.368353988532844312e+01 -2.199140151875180749e+01
-1.581703808195216610e+01 -2.572693104754785764e+01
-1.462929550078208152e+01 -9.818945274436110537e+00
-1.129789400150657563e+01 -1.583930997873174995e+01
-1.868543148274700982e+01 -2.289967252606597370e+01
-2.528126576852719509e+01 -1.826838854274388524e+01
-2.233504419567715260e+01 -1.700906825211204065e+01
-2.143698644502142514e+01 -1.592774555769848277e+01
-2.446923071141481643e+01 -1.490651913470952472e+01
-1.906823573407158179e+01 -1.647677544971496033e+01
-1.670023262206989756e+01 -1.385697099096373996e+01
-2.492158202091506780e+01 -1.626149596389014462e+01
-2.092867743466001329e+01 -1.219153703846620118e+01
-2.417822031674803185e+01 -1.266841549211639162e+01
-1.848775770545551822e+01 -9.257045657367964253e+00
-2.311583349069908877e+01 -1.939003339000411330e+01
-2.567605390552283495e+01 -1.755065379957659033e+01
-1.801299043975427949e+01 -9.233114640800710760e+00
-1.732020842155251117e+01 -1.298578031277231126e+01
-2.033340864710914886e+01 -1.709470604398877214e+01
-1.626223012223447384e+01 -1.470977110284423794e+01
-2.000428681019710453e+01 -2.260067373785771139e+01
-2.246020201649005443e+01 -2.098160282276732147e+01
-2.144035599002394576e+01 -1.393075830157806649e+01
-2.401219410815276589e+01 -2.229593743653340354e+01
-2.443707733339761745e+01 -1.552882686064943130e+01
-2.183260877400688216e+01 -1.694037110280996572e+01
-1.298813366524549551e+01 -1.483826118424368623e+01
-1.627629889416129672e+01 -1.086376518073069342e+01
-2.313792766836220949e+01 -2.331373123857886043e+01
-1.826602007564541452e+01 -1.023225696175035537e+01
-2.100151463675165786e+01 -1.738043798987854416e+01
-2.197688338276146425e+01 -1.566193098671366357e+01
-2.141529956598075657e+01 -2.202662485791260494e+01
-1.859731171343265643e+01 -2.078092783239794628e+01
-1.937326871229410230e+01 -2.152662504693992673e+01
-1.713624482889393263e+01 -1.182135638949459455e+01
-2.091186419562617971e+01 -1.250628578577750361e+01
-2.229992785835792546e+01 -1.063055197365698490e+01
-2.233157986369696957e+01 -1.958582161412116562e+01
-1.919587908675448418e+01 -2.223319641083124765e+01
-1.473265689863528038e+01 -1.591135288893811861e+01
-2.039254400693013380e+01 -1.212545605692931261e+01
-1.912859279667770451e+01 -2.445730229747755047e+01
-1.704528044812487408e+01 -2.047065340970167568e+01
-2.280846201780538252e+01 -1.501292581178624452e+01
-2.004751684466207706e+01 -1.722803832137502056e+01
-2.378175990068723777e+01 -2.015440733147076813e+01
-2.090130865947738315e+01 -1.196396671262637312e+01
-1.709661320005757190e+01 -2.534892818216996346e+01
-1.699475079584378534e+01 -1.101693402830903423e+01
-2.161252609289327253e+01 -1.902202022153759131e+01
-2.380401307872550021e+01 -1.906100876091762331e+01
-2.009924561211639826e+01 -2.308304176061260549e+01
-1.947565388045416057e+01 -2.001564294363252827e+01
-2.172125216759500788e+01 -2.009229843634557966e+01
-1.586298647467239320e+01 -1.296019314798378730e+01
-2.128823852252988758e+01 -1.799450726627859609e+01
-1.476757057783738603e+01 -1.359667952707652816e+01
-1.431235456085329183e+01 -2.261597438814415639e+01
-1.675442742075116698e+01 -9.335724603115966858e+00
-1.246341327166091872e+01 -1.943037791456926300e+01
-2.073774185693414651e+01 -1.356970578248045634e+01
-1.578518977210789132e+01 -2.573860283344790645e+01
-1.978653187679200798e+01 -2.375988556346409197e+01
-1.912951626757521240e+01 -1.852973541627174470e+01
-1.964477537336564694e+01 -2.314898216111054907e+01
-1.914027474129359163e+01 -1.576911091976327839e+01
-2.625445818046667767e+01 -1.350347007667928168e+01
-1.584824792079358069e+01 -1.878319488956584493e+01
-1.867721239829691271e+01 -1.891462354499230614e+01
-1.841098047389201398e+01 -1.990234981299852279e+01
-1.972415514752992038e+01 -2.137854006630864490e+01
-2.190614875933623651e+01 -1.681018079034105028e+01
-1.730552380523544542e+01 -2.041257847825544403e+01
-2.299249860394918699e+01 -1.275695617520795722e+01
-1.453153381469603289e+01 -1.477446598016334889e+01
-1.351922291641982099e+01 -1.062186849855930149e+01
-1.713322511885752775e+01 -1.415672517993727908e+01
-2.196955696828256066e+01 -2.078843485036342642e+01
-1.201553692472104728e+01 -2.318212911120008357e+01
-2.334054963158758156e+01 -1.601405468940688692e+01
-2.382320751303458906e+01 -1.747319988832846249e+01
-1.432817179472682412e+01 -1.592099651875616040e+01
-1.898370294908977485e+01 -1.666866653558972544e+01
-1.550682481474051855e+01 -1.325428075701634612e+01
-1.926258156957811352e+01 -1.056762229817782206e+01
-1.281687889028683536e+01 -1.286068338332517058e+01
-1.793287945082784063e+01 -2.228605031444205764e+01
-2.219767660565808143e+01 -2.384795928381960906e+01
-2.319865311294077515e+01 -1.832384277980238352e+01
-2.449564452275038562e+01 -1.139452964763915510e+01
-2.056428462889184772e+01 -1.849364935262210352e+01
-2.050131353288438874e+01 -1.924977857437262330e+01
-1.992852899391683152e+01 -1.626473275188667600e+01
-2.453609399039596184e+01 -1.711242224091422059e+01
-1.896296927748151973e+01 -2.227716946798599906e+01
-1.510883018157308122e+01 -1.325623771386944405e+01
-1.869909411525432574e+01 -2.327066152261787479e+01
-2.438446263312269835e+01 -6.046825612955096574e+00
-2.218334828450224450e+01 -2.367314255563859504e+01
-2.229352954725406732e+01 -1.413672916692246595e+01
-2.141632938104287831e+01 -1.691638439503115166e+01
-1.897829327114404308e+01 -1.953657782143060828e+01
-2.211069667055965837e+01 -1.850872965560703420e+01
-2.130038172062038981e+01 -1.120898218963564652e+01
-1.682929986848103709e+01 -9.345702482571933700e+00
-1.959170488453042935e+01 -1.696762186308805909e+01
-1.895222004406381799e+01 -1.261575861667067322e+01
-1.417339841556386304e+01 -1.763474884811697763e+01
-1.902951252555366324e+01 -1.345801792189713630e+01
-1.568045346965509346e+01 -1.998380091061984487e+01
-2.098932821713003349e+01 -2.432131505739917543e+01
-1.834774414723205993e+01 -1.700645354615180338e+01
-1.693920305191688414e+01 -1.798570530173835635e+01
-1.761851614282536360e+01 -1.202220238293014276e+01
-2.351293095806442324e+01 -1.403101295908344781e+01
-1.501516646720093107e+01 -2.314989111897135032e+01
-2.643305875517816261e+01 -1.937946109746232537e+01
-1.828561538739902304e+01 -1.029827830130092181e+01
-2.427038611309714256e+01 -2.131409610604806915e+01
-2.574651109199461274e+01 -1.140447421599278677e+01
-2.007671426544313320e+01 -1.346685828077748326e+01
-1.493269854659424567e+01 -2.295362171058081202e+01
-1.915235865120262559e+01 -3.509845330005654773e+01
-1.604260017071700517e+01 -1.344264049241196624e+01
-1.535870734771481061e+01 -1.322590529110702740e+01
-1.896744750561071058e+01 -1.106170650724518190e+01
-2.294873087145724000e+01 -1.828357630835238723e+01
-1.725776534114814353e+01 -1.128017369224797051e+01
-2.152120605378179619e+01 -1.907888436898097240e+01
-2.092699862409353528e+01 -1.648946047050348440e+01
-2.661617374393038205e+01 -1.772777717357538307e+01
-1.365483268895594726e+01 -1.315909345677332354e+01
-2.347448244514284355e+01 -1.622739054839455619e+01
-2.032145208897989619e+01 -1.335268424675214582e+01
-1.880450197749487984e+01 -1.821341034950131998e+01
-2.336029505727185196e+01 -2.339135109417719960e+01
-1.822810290592475368e+01 -1.269307941414018615e+01
-2.483529383389940293e+01 -1.645218077834997672e+01
-2.345669750274683807e+01 -1.477384535453496106e+01
