7.007516029889139020e+01 -1.069765059396796936e+01
1.100233062339648527e+01 8.747561664216048882e+01
-5.089727696684962410e+01 -6.801467217019245481e+01
6.367697146600546887e+01 5.091708981708980986e+01
1.074501033808470254e+02 2.333323238463966831e+01
4.890197070138098923e+01 9.534256333720255938e+00
9.216514956094719935e+01 6.298705167192542831e+01
-2.195048401325828635e+01 -6.023052562618698147e+01
-7.004694051266318056e+00 -3.845518349288677484e+01
-4.112089560646248287e+01 -2.627834303698645968e+01
-3.775941308519920714e+00 5.339460015149867189e+01
4.917844711286402770e+00 -6.490204289424892181e+01
-7.808422214358266444e+01 -5.843221296728744463e+00
5.032651213300179904e+01 -3.270520377234769427e+01
-7.138116802025068708e+00 9.617034720441338891e+01
-6.615743000758884307e+01 -3.610243383727449640e+01
6.012310701069384322e+01 2.309768104781812781e+01
-1.092510486618007519e+02 -1.434445583682365566e+01
2.773019908098539332e+01 1.636617110501361694e+01
5.444606795223282347e+01 -6.416471773424447633e+00
5.308112999678872512e+01 -1.679312635962768638e+02
4.316022038413397155e+01 2.572575112887705728e+01
-1.611670044492099052e+01 1.398333841215115747e+01
-2.385382451317426700e+01 -4.631318069601563536e+01
-4.742749424523635327e+01 -5.013004489465119207e+01
8.501571332054130892e+01 -1.231949262428408076e+00
6.963070594126912738e+01 -8.546419663802751643e+01
-7.974866269902043392e+00 6.899496929263719380e+01
3.448344621302431534e+01 3.987638725278723939e+01
-2.787976614338310455e+01 6.895625675308336611e+01
-5.518819419728109210e+01 -2.498081492392041980e+01
9.794179982197015022e+01 -4.803643907229139032e+00
6.722627524065885041e+01 -2.762258853776200240e+01
2.640060068827594364e+01 6.746702707518996078e+01
-1.795357065932023710e+00 1.654876210342021992e+01
4.504052789960275760e+01 6.226597464502489032e+01
3.877848273060300244e+01 1.222132645240222537e+01
5.720170797558608911e+01 -6.088518975338732275e+01
-2.744645035281720524e+01 2.625816921185402819e+01
6.710452197283485987e+01 -3.436131687502689824e-01
-2.132216033026729463e+00 5.646731063091624314e+00
4.350763699705171206e+01 -1.924203398694827882e+01
5.456363299029484892e+01 3.840137042313400428e+01
-8.199273385268051584e+01 -6.837152188528459362e+01
7.828717509590345003e+01 2.671493490230928103e+01
5.420874616299086846e+00 -3.265846506545668149e+01
-5.812267024447851327e+01 -8.605283904821364516e+00
-4.959835825688155353e+01 5.052217779301532374e+01
-8.368447128035592186e+01 -2.235667040930764315e+01
8.422673531755091858e+01 -2.562945936593184371e+01
2.941188463344028037e+01 -5.948811905186697402e+01
8.150707783430906517e+00 -4.670887009197536344e+01
1.330475078651677912e+01 -8.630997538698895255e+01
6.896868398506084574e+00 -2.245642435018701022e+01
1.253713025258490354e+01 3.186476476656375212e+01
-1.278379587748318436e+01 3.915910148381296096e+01
-2.503246276302703777e+01 -5.707264016289098407e+00
-7.314975451759445946e+01 2.117352649353684768e+01
-1.006258772011578202e+02 2.492766196982279325e+01
6.021104505662170681e+01 9.942303606553014816e+00
-2.744046761470902496e+01 4.106795270329190117e+01
-6.629585461277069669e+01 -1.982141059989096377e+01
-6.357024767747455485e+01 6.878057672535922507e+01
-6.198582710689171194e+01 -5.380931478938369139e+01
-6.455604864336650905e+01 3.563730535455756865e+01
5.728028718111121975e+01 -1.808541730623262822e+01
3.969307610132641173e+01 -5.317999073932108800e+00
-7.664598448325406821e+01 3.748938162220593284e+01
-3.353109469834456746e+01 5.589293923370222927e+01
-4.185865173853210308e+01 -1.311878618625321913e+01
-8.634181540738576643e+01 1.424892056861059864e+01
8.839414815367733880e+00 6.471388943232494739e+01
6.289074676040100087e+01 -5.115293141502951357e+01
-4.493527343110066852e+01 3.972432083789428958e+01
-7.164896754945335999e+01 5.233758442309271430e+01
9.740668073791987069e+00 -9.832843970187061799e+00
-2.458802982393333281e+01 8.843181019311359137e+01
7.538691620175208641e+01 1.238219784623050579e+01
1.854365047591669935e+01 -3.668208277977660714e+01
-1.536626458769125492e+01 -8.387927433332738048e-01
-7.061518258499725142e+00 -1.595479467544072172e+01
-3.974607275697662345e+01 2.911486110067660249e+01
2.369858606781955856e+01 -1.255940041107978722e+01
-5.392136297474281292e+01 2.488740298779353566e+01
2.963364611806565563e+01 2.823490812493851010e+01
-3.567133727973727275e+01 7.086252215895959772e+00
1.883013196445989834e+01 -4.445855667299472014e-01
2.180964760255909685e+00 2.865214217374021999e+01
-1.964129767822384798e+00 -4.230782026878822322e+00
1.627785004821455672e+01 1.717027157909904744e+01
-2.677686443842814867e+01 -8.076839338871045015e+01
-4.905721182811743120e+01 -2.688796049654695874e+00
-1.918809828966139008e+01 -2.172300430473994126e+01
-6.572036406878889636e+01 6.991515425819191165e+00
1.443066949764170381e+01 4.787727756351003450e+01
-9.819484990340823671e+00 -5.385788745773376718e+01
-3.511736084105742606e+01 -5.821297085915863079e+01
1.655104171307851857e+01 -1.472286587171752217e+02
-2.954314389961230702e+01 -3.339393929958618656e+01
-4.841194054441537986e+01 9.108712315007302607e+00
2.373790583085980188e+01 -2.351977381858695537e+01
8.378535818565829629e+00 1.069096547802420183e+01
