-2.110417695213363132e+01 4.784932051041121959e+00
-2.395938704750140502e+01 3.947575204633671397e+00
-1.938137706514537939e+01 5.954263713515151046e+00
-2.575326541009030379e+01 1.148758585522943676e+01
-2.435245979485188528e+01 1.216399697795672807e+01
-1.499895615244757785e+01 1.865167342814589801e+01
-2.355507275053327376e+01 -5.540600659621449431e+00
-1.136162885306140780e+01 1.824510868888289838e+00
-2.618906695281116725e+01 1.964132480943530101e+00
-8.732271358542456952e+00 9.140420972632131935e+00
-2.606920867362186556e+01 9.908663090333964529e-01
-1.691554875128805335e+01 7.812751435422841340e+00
-2.058690751974020472e+01 -5.112955046410339044e-01
-2.781119623883295588e+01 7.157189008353444848e+00
-1.420203930421328131e+01 3.713517601826569869e+00
-2.070693748901725684e+01 1.455194714064909967e+01
-2.896532573939958510e+01 4.544033034898514956e+00
-1.824157778275827368e+01 6.612725438515094645e+00
-2.912941310031186148e+01 1.499435436029630919e+00
-1.853086447774906986e+01 1.869006124532223811e+00
-1.261402830935155528e+01 1.039958234855138564e+01
-2.439409545468598495e+01 5.575656313828833532e+00
-2.226133336818275765e+01 3.708964654728243993e+00
-2.481181662275486488e+01 5.816482761909611554e+00
-2.351062537330239621e+01 5.581660424420094024e+00
-9.734831021004476170e+00 7.058562500215826319e+00
-2.937259549200465614e+01 6.033148080717974260e+00
-1.670339892784677360e+01 1.967632891683237517e-01
-2.031620853844097851e+01 3.578496055654856178e+00
-1.719385097763816361e+01 -8.891712174196171325e-01
-1.500241677087426950e+01 1.865965653491681309e+01
-9.147788350101636823e+00 6.106819357303802320e+00
-1.442623941517732078e+01 5.331645484643087407e+00
-1.738057770829442461e+01 5.320826725841468985e+00
-1.329786656965790037e+01 4.948601206390900842e+00
-2.603825269196477521e+01 -2.642976445204505698e+00
-2.026664991331444909e+01 1.497580067250247282e+01
-2.176269519839494038e+01 2.147695675881322597e+00
-1.544570358764473816e+01 3.527225814719479491e+00
-1.672745724648667576e+01 1.806970994477760550e+00
-2.665976093979043071e+01 1.375475620398453280e+01
-1.500954943302945743e+01 1.865868554595617113e+01
-2.385534288506872258e+01 6.676581087740608211e+00
-1.255285716429614062e+01 1.486862625610422661e+01
-2.645736249998087075e+01 1.313251758065203845e+01
-2.510668862603046847e+01 1.414263110122924694e+01
-2.064450400659124796e+01 2.444823705052918683e+00
-1.887374313017004113e+01 1.084181618256689106e+01
-2.145675298914576601e+01 5.221605544817761846e+00
-2.667320438308343356e+01 1.352312845875858471e+01
-2.041706994951362475e+01 9.174293057064499379e+00
-1.846872612810468084e+01 8.530305232109903102e+00
-1.962371226641959865e+01 5.956530619436863905e-01
-2.561395052463661415e+01 8.132435361604439805e+00
-2.123018504919366123e+01 -3.360196037447975570e+00
-2.100460624198061410e+01 1.039242583630800798e+00
-1.973855582195723812e+01 1.546649167958578808e+01
-2.444573159638644810e+01 8.344901799075710613e+00
-2.892569063968732124e+01 7.686809952022580106e+00
-2.202696875846275049e+01 3.520731256598453651e+00
-2.784665844384200639e+01 1.071707626537321190e+01
-2.253530550866144821e+01 -6.580210370383341889e+00
-2.005032357334530957e+01 1.529892748621498377e+01
-1.487118236925402748e+01 2.773961034988357888e+00
-1.839983774903341640e+01 5.190445627287235020e+00
-3.147271022150639652e+01 5.462281669968229281e+00
-1.611298473866952818e+01 7.565389955884235462e+00
-2.493698973784153239e+01 -1.446750362739306572e+00
-1.143276266442048161e+01 1.178851571996618475e+01
-1.589284029824275457e+01 6.071942891989839275e+00
-2.048765847043632604e+01 -1.787458702016863965e+00
-1.960098072317499174e+01 1.537214007582479347e+01
-1.768647984769873460e+01 4.470295470874019905e+00
-2.384382853815446524e+01 4.904594638831394349e+00
-1.297097767534335055e+01 1.498137319272269963e+01
-1.635319907492299407e+01 4.858476066517036784e+00
-1.637288640098067916e+01 3.845994499788531584e+00
-2.925529597385231639e+01 6.453243002320313337e+00
-2.690093094866150736e+01 1.454705282568377456e+01
-2.372104631335663782e+01 1.046791445628835504e+01
-2.647310179751969628e+01 3.987944948400184986e-02
-2.061756133215367015e+01 -2.838575661035397157e+00
-2.246268003702191862e+01 1.169121792226044931e+01
-1.785655484743987387e+01 -1.890001187254838344e-01
-1.996597147745459822e+01 5.886434418732677809e-01
-1.241280462762061632e+01 -2.464369272025051849e+00
-2.500048180436023770e+01 5.539879268498490106e+00
-8.100952356680066302e+00 -1.452331676885972200e+01
-1.374583625907643736e+01 9.684514796492355027e-02
-1.514269978600385791e+01 2.437971515420773727e+00
-2.574051865199031042e+01 -2.349546821767887650e+00
-2.442561827023178722e+01 7.109389133043835685e+00
-1.954016099580747223e+01 3.273703090118511572e+00
-2.877903551664789816e+01 5.655729193519254849e+00
-1.526324828156715796e+01 6.549099316091349543e+00
-2.002202501437753668e+01 2.730081497202404783e+00
-1.132586551865204072e+01 1.725114540617104009e+00
-2.048216058367597725e+01 7.199880798018874373e+00
-2.657274803953902875e+01 1.278284090479724178e+01
-2.081655236350922777e+01 2.293626518738334230e+00
-2.031674172718687288e+01 6.085180317881806467e+00
-1.509011499827743563e+01 5.928606343613603613e+00
-1.680773341876395932e+01 4.728964795264282373e+00
-2.749830249105615110e+01 5.611833033800132320e+00
-2.421072573043223031e+01 7.642690223311767284e+00
-2.756582109453298202e+01 8.448662376832251297e+00
-1.766193391362350340e+01 5.344307337246204881e+00
-2.508454349606104117e+01 -1.830526726421349171e+00
-1.483941765320557060e+01 -3.832297433284221455e+00
-1.928872934746657464e+01 -2.808376260622053255e+00
-8.353400346698855117e+00 1.012854610147508261e+01
-1.346651142120738420e+01 -1.153341902893804116e+00
-3.147827807089514707e+01 5.437854894252794224e+00
-2.463118298012058816e+01 -2.800494464021165086e+00
-2.459499908745412000e+01 -3.330618589574634747e+00
-2.038987468165011663e+01 1.500297995625908065e+01
-1.519423801339938862e+01 9.580484882124981061e-01
-2.825547842317407898e+01 7.496510289440040609e+00
-1.973244540639685596e+01 -8.035313356480918046e+00
-1.591321356956667010e+01 3.956596138095946458e+00
-2.309165340210752504e+01 -2.307196829632917723e+00
-1.667831380696869559e+01 3.929162392988642338e+00
-2.468226287118745788e+01 9.137254691177401966e+00
-8.709823878161007116e+00 9.206531954026440090e+00
-2.003891675550563534e+01 2.990303581218758833e+00
-2.902412652051302544e+01 1.428577061973239637e+00
-2.538047027589869842e+01 1.438112275357637593e+01
-8.624097249922748176e+00 9.346810881033432494e+00
-2.914539148393179957e+01 3.594983799087565046e+00
-1.074549211156796957e+01 1.523681788175149654e+00
-2.059602056327688047e+01 4.358799761233443704e+00
-1.198655799226783536e+01 1.561940928843983611e+00
-1.572981111682790356e+01 2.584912520692379534e+00
-1.862718344428231987e+01 6.911335050501830501e+00
-2.653655417213540346e+01 1.293870002742894521e+01
-1.707839910963798147e+01 2.574003737625962795e+00
-1.897223557567788532e+01 1.035171005983475112e+01
-2.306343387157452085e+01 9.093956652679224817e+00
-2.207449167633675913e+01 -7.308529080000850442e+00
-1.875557078994366123e+01 -5.476877175107669693e+00
-2.055613087851845933e+01 4.292952615112484160e+00
-1.257595217595160797e+01 1.487549021146402239e+01
-2.319457604639541159e+01 3.161093072072350019e+00
-2.437741402335624841e+01 8.478907235518089447e-01
-9.806191612062423957e+00 6.998027459879080148e+00
-1.804269692442738560e+01 1.278313675654628057e+00
-2.256270242744578880e+01 1.443236170463533252e+00
2.054208545812858588e+01 1.592295786259948898e+01
-1.948648426808385636e+01 4.565542691206944781e+00
-1.510643192062809348e+01 -2.624650441193131289e+00
-1.574771990560992840e+01 2.616923151935285130e+00
-2.053542194216379002e+01 1.162627309446675561e+01
-2.203632764864993732e+01 1.186335976657013447e+01
-2.050519725911987123e+01 -1.745644582727790661e+00
-2.500581974034486166e+01 1.492079066625596973e+01
-2.724702902751653966e+01 -1.260812188320681093e+00
-1.851657093687665778e+01 -1.807009064653928743e+00
-1.729410523475268491e+01 -3.677141313626377972e+00
-2.222440495398882021e+01 1.089635678471294167e+00
-1.425876490246263550e+01 6.856052562191830901e+00
3.595461448877450295e+01 1.234400565511579195e+01
-2.427577973810993939e+01 4.977518664000695203e+00
-2.250408837483306357e+01 1.165400533277294670e+01
-2.277743393010112527e+01 1.136492764949349255e+00
-2.732313825249319450e+01 1.397900197378276488e+01
-8.989029366530013831e+00 8.445422764698269802e+00
-1.378109648043930768e+01 2.058970168311423876e+00
-1.973056067572509420e+01 -8.016841672187833723e+00
-1.572775377149362797e+01 5.308446762969274424e+00
-2.068282342507923133e+01 3.403724650105966809e+00
-2.511405020244523456e+01 1.440602302522961686e+01
-2.798054936686596150e+01 3.434413971693394352e+00
-2.369312834561696945e+01 7.190034663032885964e-01
-2.749871969678808270e+01 5.588264645313234524e+00
-2.252781889903698698e+01 1.168350756501485321e+01
-1.743468255971715664e+01 4.524578766738066027e-01
-2.429072423651703616e+01 1.228768621314708120e+01
-1.564081736329585226e+01 9.535132073273951292e+00
-2.290230254206319316e+01 1.784569602490120976e+00
-2.661073040244419019e+01 5.148427972496038424e-02
-1.530781559327248864e+01 6.362833410244508769e+00
-2.498690183211272497e+01 1.375486848317584787e+01
-2.762006305865146771e+01 8.650519634177769035e+00
-1.736617758792410271e+01 1.538427668402653659e+01
-1.696092480689166138e+01 1.457469695703818680e+01
-2.050523259699518164e+01 1.727212528848040307e+01
-1.757735922692014441e+01 -2.481838730763612499e+00
-1.119860949231929226e+01 -3.420526786935934038e-01
-1.406355689923515406e+01 7.028708211172840059e+00
-2.163340622152788129e+01 5.995247925990492277e+00
-1.119117047260688835e+01 1.777930735252986727e+00
-2.237502486586681272e+01 3.267268716109830606e+00
-1.892769563034306302e+01 9.557085308922280475e+00
-1.853272464512050988e+01 -2.040714260708619943e+00
-1.945849462323920420e+01 1.536536820615961307e+00
-2.495343649781628770e+01 6.648593827860891814e+00
-2.190161257751954693e+01 1.336593400906477935e+00
-1.430041237958376676e+01 3.211610920349039056e+00
-1.893658387894410566e+01 1.091894285205512816e+01
-9.704319182596131910e+00 7.096645714033798846e+00
-1.553107662382787879e+01 9.263177971426832968e+00
-2.432037860172723143e+01 1.230175603604327605e+01
-1.783273349852805367e+01 4.322895292967851688e+00
-1.836919345609635812e+01 -1.073663647682873590e+00
-2.344438614857871173e+01 6.658317487323246020e+00
-1.924568255500629377e+01 1.627077184263131748e+00
-2.677263776101122161e+01 1.330223871327221907e+01
-1.661826558557634925e+01 6.626020640432681574e+00
-2.058627572516273929e+01 1.161134925153816866e+01
-1.681125335535640986e+01 -1.179084365979707449e+00
-1.964102718781718693e+01 -2.741627145956702094e+00
-2.292732578103167995e+01 2.609119269951610254e-01
-1.761119924721064578e+01 6.298772662406823208e+00
-2.152968357606625105e+01 2.631708990603183196e+00
-8.160755382167495853e+00 -1.461665580658928576e+01
-2.248202747967343385e+01 5.702154769773723153e+00
-2.719260508601776394e+01 1.909871032044853756e+00
-1.728260375486117795e+01 3.445858386063588075e+00
-1.119665250725377170e+01 -3.252251812998921965e-01
-2.365470208188484946e+01 -5.582887698975842916e+00
-1.874239643012251477e+01 5.983800513696217571e+00
-2.144109621877260352e+01 3.817723424522987408e+00
-2.735847732967250678e+01 5.415199508314326948e+00
-1.881437275503669682e+01 5.403819042699990582e+00
-2.073287174558174328e+01 6.119602011927703700e+00
-2.759718683466313394e+01 1.477154652043572192e+01
-1.504167965103535387e+01 1.866656899825617089e+01
-1.290743746573262918e+01 1.496183877927968808e+01
-1.691464575333176157e+01 -2.138921700191505904e-01
-2.561613345868838110e+01 1.000144570929779597e+01
-2.722855046731844197e+01 1.425218352678177958e+01
-2.385438899183195005e+01 1.044738181822190271e+01
-1.904372827439232552e+01 -2.816517625253003754e+00
-2.243281242557742772e+01 5.129728654701623647e+00
-1.173708768995370910e+01 -2.344443657404405024e-01
-2.647738056355738223e+01 -3.823673598937524343e+00
-8.517333707624755945e+00 4.370684583262649525e+00
-1.661374977914974593e+01 5.849186300043523801e+00
-1.809478787169475922e+01 3.013352217634167385e+00
-2.693518986932080850e+01 1.496243655078556500e+01
-2.919189497389362487e+01 7.270324034780926148e+00
-2.278099058803618249e+01 -1.391749135579171126e+00
-1.173019455451642834e+01 -2.398091621599341305e+00
-1.619018883739058623e+01 4.356641830225697731e+00
-1.848931610141327297e+01 6.442320691555108780e+00
-1.802184675039779549e+01 -3.401616752713019221e-01
-2.112576764958986431e+01 1.420050330511819325e+01
-2.343217984775386853e+01 -3.589059112026101062e+00
-2.415682170339027124e+01 6.065122543779028597e+00
-1.582263770470287767e+01 9.807783893357880700e+00
-2.088355752984141844e+01 -1.697359367038036471e+00
-2.054750522786649469e+01 -6.752426939347807577e-01
-2.058503301287145604e+01 1.730007154740201969e+01
-2.165386939885580730e+01 3.364962905050489450e+00
-2.550395440175726591e+01 1.020050735320533164e+01
-1.374610714354537500e+01 9.072313604379098062e-02
-2.461179965890088184e+01 1.330115457703126047e+01
-2.304619271216827414e+01 4.184057055604820441e+00
-1.943415108894360444e+01 6.130852884055317809e+00
-2.283009765592971974e+01 5.713003100739093121e+00
-2.712720166724102455e+01 1.385736031646314537e+01
-1.470507319315753492e+01 -3.498601539525788340e+00
-1.478433415834911813e+01 2.165428480563495572e+00
-1.953076619917851176e+01 -3.155792988303409263e+00
-1.765489913774427677e+01 -2.738963049625310342e-01
-1.733223775735871897e+01 1.542834672952932706e+01
-1.187859839098988068e+01 4.548493342199368072e+00
-1.845049038227816141e+01 -1.336474290048659697e+00
-2.701690835418447634e+01 1.340225588706744198e+01
-2.654290428068853913e+01 1.056948497690395250e+01
-2.068891159199270646e+01 1.457143054054713716e+01
-1.712728702425982164e+01 -1.187563817507498731e+00
3.595793854618636942e+01 1.234023420322522391e+01
-8.380353995362959552e+00 1.004520919408289181e+01
-1.456880952919580174e+01 3.875856587886055138e+00
-2.666155287246588301e+01 6.874362085449208237e+00
-2.519748889170554307e+01 1.439188544075813780e+01
-2.479061483490597340e+01 5.690187472140770808e-01
-2.339094831615098258e+01 2.512463440371289103e+00
-2.689426976793474822e+01 -1.415432371795976030e+00
-2.173307106122101118e+01 6.068624977819454536e+00
-2.042128792260557901e+01 1.723431341013242246e+01
-1.205174687951092416e+01 1.556265479604500124e+00
-1.909419846211247318e+01 4.256118728198229562e+00
-1.822639921870741730e+01 3.891334611708908042e+00
-2.666900603994069385e+01 1.342508881135641019e+01
-1.705575925656579983e+01 -8.593931055152485010e-01
-2.109452458765223781e+01 1.241828145723804289e+00
-2.072458281939082170e+01 4.071329538488941413e-01
-1.515224099749763376e+01 6.128639027994927879e+00
-2.514757541897158788e+01 1.436766227214835645e+01
-2.138756674607802921e+01 -1.657247250353721890e+00
-1.828929398761109937e+01 -1.233262282071106331e+00
-1.026124408114896447e+01 6.503930490381624629e+00
1.205760903751364843e+01 5.109317329808577002e-01
3.098291540767541008e+01 1.809905919305124300e+01
4.324336760734528440e+00 -1.976190346596511160e+00
-2.588786083796725634e+01 4.943554925181871340e+00
9.851622958260922047e+00 3.942084261383001387e+00
5.063213545950075556e+00 4.444803308268966191e+00
9.941086283434403370e+00 -8.795195300823387186e+00
6.494341909235490373e-01 -9.401523191713742733e+00
-1.756411534698959498e+00 -8.632189482522433011e+00
3.149991970024340393e+00 -3.405346868349164779e+00
-2.451355315754236486e+01 5.077789232880118853e+00
7.011293555733192129e+00 -7.871268818239847143e+00
3.260651646806029902e+01 1.709417874669625448e+01
8.706700713651859047e+00 -3.666841821664378553e+00
-1.468005123330250328e+01 -3.120491967096122643e+00
-3.589954381576681564e-01 -5.537982306650812703e+00
4.030060783889206277e+01 1.395670153282192771e+01
3.138148920605602576e+00 -9.606876139032209494e+00
1.516169517396139632e+01 -6.603917447368577776e+00
1.604183255226045990e-01 -7.710454820074744475e+00
5.055186418151061289e+00 -1.485468380445883874e+01
5.018084133435758432e+00 -3.420967626111922399e+00
3.971867364388251165e+00 -1.167650404471303638e+01
1.057338557401371304e+01 -1.400216861933321866e+01
-2.568594924800464341e+01 1.653908037536105979e+01
-2.263561483583282552e+01 -1.544537235067728331e-01
-2.161538506723219655e+01 -7.748143707559835835e-01
7.063354203828286160e+00 -1.245557165787916531e+00
1.363235655010546443e+00 -9.320135761205619929e+00
2.924891091918746611e+01 1.701952895528935628e+01
2.517907844999350608e+00 -5.117098048380428033e+00
6.996997463160806063e+00 -7.473280751170667813e+00
6.681399118573823515e+00 4.177968265306668094e+00
4.778920654411246360e+00 5.318985817991532805e+00
8.843422549453768822e-01 -1.597520344969173944e+00
-2.513392256296764060e+01 3.863037241322863302e+00
5.079037574811413602e-01 -1.140725850497435090e+01
4.545734944690365431e+00 -6.970940009941056559e+00
3.367857594629678886e+01 1.689696373173892141e+01
5.891557337217047774e+00 3.205053884716125179e+00
4.693372486942029909e+00 -1.271366008994070818e+01
-6.710967142305394040e-01 1.657039010358113407e-02
-1.535032248361471829e+01 1.143416457263812624e+01
-1.957699409141500535e+00 -3.228137925463869351e+00
1.641349038195634691e+01 -1.137269014306819948e+01
-2.116901459406992370e-01 -7.739215902802473401e+00
1.511890091092432264e+01 -2.646123655114073436e+00
4.577415785757275479e+00 -4.289693642131878093e+00
-2.485317639632820175e+01 -2.239307893566278906e+00
7.694701470936319510e+00 -1.044206584763238332e+01
-3.051904176435024763e+00 -1.014605894321065449e+01
-4.391813828443768664e+00 -4.242814636154398578e+00
-2.722988895510857787e+01 3.453450948678746801e+00
8.010669983254109283e+00 5.731418398203038223e+00
3.158250766077585592e+00 -4.282258964409493829e-02
1.193527982017955935e+01 5.458688732275400746e-01
1.423288565153721130e+01 -6.683812807447578663e+00
-1.933214794874636056e+01 -4.290585787275093210e+00
-2.529354999022233041e+00 -2.317398374022082486e+00
-2.868528197418987791e+00 -7.657361183328375009e-01
-2.498570011759895948e+01 -1.006264675799795505e+00
5.751035881748364886e+00 -1.186453642328362967e+01
2.072313800651238047e+00 -1.116765017613419353e+01
-2.073157968630455272e+01 -6.213013157231966233e+00
-2.253731548785410865e+01 -4.850671384449873003e+00
4.479508571330749866e+00 -9.752818199183803216e+00
-2.239024003815771735e+01 -3.656691246716230470e-01
-9.183208963693370031e-01 2.260521682999568238e+00
4.986667240306108084e+00 -1.005576762294168702e+01
6.257107954162934860e-01 3.552732644561786834e+00
-2.530386746323464919e+01 5.056867261104468270e+00
3.298770556482952809e+00 1.160183318027014909e+00
7.493728834844153308e-01 -4.319199677136221993e+00
4.664719862305362952e+00 -6.230754407201750666e+00
1.216988085993730095e+01 6.343048574075054624e+00
-4.071689108831267334e-01 -2.319571402609946209e-01
9.958934467847648797e-01 -8.142447291301385448e+00
5.167163321453799973e+00 -1.231969516031789880e+01
4.075826309426447125e+01 1.342927982577597135e+01
1.250426332412996544e+01 4.116517716544649375e+00
-2.650014546216456424e+01 3.573735602201386641e+00
1.077722376553402084e+00 -8.537734146069727359e+00
-2.693119658174389741e+01 6.387741713570858515e+00
1.944841022235454986e+01 3.940253520469706672e+00
-2.618962282983456191e+01 5.288593921676288723e+00
1.291243097644757398e+01 -6.959428618165177660e+00
-1.242586634168063142e+01 1.027883827809462147e+01
3.223289753518685963e+00 -6.904691513455134988e+00
5.256597126051927305e+00 -2.296956995810351732e+00
7.232861077443539344e+00 -4.855368521871441523e+00
1.350647743240642384e+01 -6.192264760313381800e+00
2.712320981659947350e+01 1.649832761983154583e+01
2.668873548454895683e+01 1.582260582539178451e+01
9.641384645321032565e+00 -9.100250788668407864e+00
3.350301179430275766e+01 1.521396675969437950e+01
3.185096707391955917e+01 1.800869580003575976e+01
1.349283609605590151e+01 -3.218709826856728462e+00
-3.003331236198604159e+01 -5.603280808021389170e-01
-1.503825161385345943e+01 -2.475545168062407875e+00
1.009713049908808102e+01 3.220541258456876665e+00
7.707853495887293072e+00 5.007181751612702847e+00
-2.779247184560358797e+00 -9.901398822661480192e-01
6.812269770355417364e+00 -7.788862548413685971e+00
7.208428703916360369e+00 -7.941694566988358517e+00
2.878363828228375887e+00 -8.232409639947094959e+00
1.146644877807683116e+01 -6.211756542735042963e+00
-2.696500425228286346e+01 2.784709434286332552e+00
-1.073286323174176715e+01 -4.019485538120080470e+00
2.434253303072608343e+00 -5.264837069883008702e+00
-2.331492544053102911e+00 1.017681416060231037e+01
-2.278971393448792071e+00 -6.198361941882541970e+00
-2.661558279726211396e+01 6.099477553503704463e+00
9.456443911033893812e+00 -4.625658886334171882e+00
-1.209389846185488437e+01 -4.903701131276965164e+00
-9.985764394679185196e-01 -9.487751147254153139e+00
2.176993795051435310e+00 -2.990452007945388679e+00
-1.073485607837265210e+00 3.109423468346811159e+00
-2.705712325013553254e+01 2.927664198494471570e+00
8.002447640432313491e+00 1.208483132345911232e-01
2.719687718026285950e+00 -1.275443266308442780e+01
1.462267175363394855e+01 1.023507870929559305e+00
1.009437586289452327e+01 -1.871626714235296030e+00
1.046799774629277024e+01 -2.904285742313339025e+00
8.103810003624532854e+00 -2.619883819216823451e+00
6.367195829433996757e+00 7.851194892397460379e+00
1.083505654245516325e+01 -7.714081472652883242e+00
-1.499350848827488392e+01 -1.026450995566079216e+00
3.603738772238504851e+01 1.270113571510081663e+01
-1.475101387704193279e+01 9.708827467663082800e+00
2.164180418071651513e+00 -1.581573353657298453e+00
9.006601482778508583e+00 -2.308659898718768311e+00
8.363569894173101815e+00 -4.524696889686007140e+00
1.315283521022410262e+01 -3.311044251438754138e+00
6.139220321644157652e-01 3.139762663627483352e+00
-5.038558074847370172e-01 -9.376542231014164841e+00
9.774261661687324576e+00 -1.241434317671875043e+01
2.403838992219926141e+00 -6.889353416562132182e+00
1.251931846017974514e+01 5.079667670186761796e+00
2.616343140047378313e+01 1.619170798565470548e+01
5.098716854693602363e-01 -8.885922094063964494e+00
1.227102090482619445e+01 -8.334753451434876226e+00
3.156800737966304027e+01 1.663003421598301657e+01
1.072015308414297330e+01 -1.008106785034054198e+01
-2.030351977839167654e-01 4.215208641382365840e-01
-2.946483691670716709e+01 1.728261823228782967e+00
9.571063470922263505e+00 -7.214049957936556901e+00
2.253321256518598048e+00 1.300177014226138406e+00
3.184813101672208546e+00 -9.995172205351213535e+00
8.764423763356074204e+00 -8.286094839874497353e+00
-1.084722904126901311e+00 3.224184886965579366e+00
7.490221227460283515e+00 5.959511671643709541e+00
-1.575889369323994771e+01 1.140163591940997456e+01
3.619342301747743296e+00 -1.411254689624385428e+01
3.221125703658682937e+01 1.836053429578142016e+01
2.997872640262988497e+00 -1.329962284730519695e+00
-2.905677476505364787e+00 -1.556155130448152180e-01
1.168342211274927500e+01 -1.119413973772587312e+01
-2.364243615360493322e+01 -2.424983538339746225e+00
2.057128423816963547e+01 1.589422846816948365e+01
7.262119038096676249e+00 -8.950373653601930712e+00
6.637162904380758732e+00 4.276880750280862564e+00
2.606866070738065844e+01 1.674365380840135842e+01
-3.989260956690265925e+00 -6.274922741341847576e+00
7.080378175631181215e+00 -1.267791177987020568e+00
5.206667268690376993e+00 -7.057724898653507495e+00
3.354324674332377576e+00 -1.072761328260078884e+01
3.186580119550608359e+01 1.731480575922962473e+01
1.155755279451194895e+01 5.733633623716833938e-01
2.980364448662007781e+00 -1.022158938689101015e+00
9.074734484715310856e+00 -4.540106762692000864e+00
1.217123888781649299e+01 -8.544511244511966197e+00
1.138554690641440992e+01 -6.332104500549179171e+00
2.867986068277191825e-01 -9.509524231602181743e+00
-1.346734739819823012e+01 -4.622530366648237354e+00
1.017723244416191219e+00 -2.799810900995341356e+00
5.109955104770838474e+00 -1.081379120771816638e+01
6.101933651773508771e+00 -6.331750561288405521e+00
1.026781232807999977e+01 -6.134337745260491914e+00
3.261018627902689815e+00 2.631714956217390267e+00
9.064359732455040231e+00 -7.861062827401228859e+00
1.205393646324318624e+01 -5.576459765070910457e+00
8.579033089529953804e-01 -4.362471436667346047e+00
8.505528378777594822e-01 4.284793106031515642e+00
3.598525916724883533e+00 3.854298941240049126e-01
6.953790556549681312e-02 -5.564278675560830223e+00
9.326974848223345660e+00 -1.039235419891147849e+01
1.217057878353879374e+01 -5.630464673527984409e+00
2.428066364032265945e+00 -6.830623758828509473e+00
7.914013045971114657e+00 -4.742580486932934214e+00
1.296507448674991458e+01 -6.824316105266382770e+00
-1.051985964868031154e+01 1.304817382888498756e+01
6.027808255514391922e-01 -8.257261340959358265e+00
6.091041525908326371e+00 -1.092355470505850512e+01
3.686583704525206340e+00 -1.157758165545692997e+01
1.021205521349869372e+01 -5.574438792965340284e+00
3.317391466152692914e+01 1.816344834932623797e+01
-1.576596695396585979e-01 -1.013850424569184305e+01
7.642779886285640423e+00 4.830586732121687987e+00
6.561101299616574956e+00 -3.816129127691864298e+00
-2.703635323466393103e+01 2.571016607103501883e+00
3.272634775962608700e+01 1.707904963260817865e+01
-2.459731902713600604e+01 -3.112569410571251804e+00
-1.363977321640333606e+01 1.117320146143162951e+01
-4.392560815565550669e+00 -4.259280980559009500e+00
6.597742773850287179e+00 7.460647998501669598e+00
-1.646782357403888497e+01 -2.689949208976934791e+00
-2.506657948565906935e+01 7.284311952553972347e+00
4.087770421568451162e+00 -1.897799181540685276e-02
4.290551894629877516e+00 -3.621750482950717998e-01
-1.047201843131170707e+00 -1.020089912637023133e+01
1.257722655846562532e+01 4.282209302540888274e+00
7.682775548093344398e+00 3.206626600258065007e+00
-1.988712433779949773e+00 9.314541977243226967e+00
9.120280118467396946e+00 -7.713189863527062151e+00
1.469112050114698853e+01 -1.160251609055902300e+00
6.215331862629570381e+00 -2.290202971370398632e+00
1.072604861192408876e+01 -8.866247315011127839e+00
-1.629117168100287172e+00 4.758095222238364896e-02
2.157683572484162760e+00 3.222976618768310431e+00
-2.732015938327181459e+01 1.461394174215904229e+00
-1.459441058584518114e+00 -6.229797066751391332e-01
4.548286916546150138e+00 1.567644243473398813e+00
-2.232932223606534539e+00 -1.697437265004394735e+00
1.110767329063842901e+01 6.429606550667365639e+00
1.243540608448935547e+00 -3.064667112354197975e+00
-2.640809517096950643e+01 6.795045353945410760e+00
3.432192372093765820e-01 1.438171497762617879e+00
4.540426517910505666e+00 3.796182946520866519e+00
1.310280720285707545e+01 -2.544701492600012216e+00
1.425066842402013911e+01 -1.292011554929471906e+01
7.601042647801595109e+00 -1.273440114741755913e+01
8.633398167207753104e+00 5.812040694586686485e+00
7.427669753919798445e+00 -9.707629253185103835e+00
3.453369075050728210e+00 -6.994242846628281995e+00
-2.920306157496097654e+01 -5.245522378122209339e-01
1.003591694495365871e+01 8.237610709206053983e+00
-5.677727796842938490e-01 -7.082281061444808401e-01
2.584868378086194696e+01 1.684750799169304614e+01
-2.351005423992396359e+01 -8.581773581639263737e-01
-3.031161494901610354e+00 2.672630734843475686e+00
7.337668813973066584e+00 5.298237608158997247e+00
-1.685250434367909378e+01 1.104784201995003734e+01
-3.148844164029009907e+00 -5.932643178315707422e-01
1.392222335829937130e+01 -1.016228451354441509e+00
1.170687528732640459e+01 6.592927805348006487e+00
3.048393584807319368e+00 -5.937588253525338367e+00
-2.714621898767962449e+00 -1.662345763028123313e+00
1.465917291438703174e+01 4.190351027033687892e+00
6.304445177019496249e+00 -5.466315211947821773e+00
-3.557328824814331991e+00 -2.145103535888440938e+00
-2.592003232962404979e+01 4.648463161423135759e+00
1.148839559592753901e+01 -8.033543827187214603e+00
-2.704126618915063318e+01 4.464290426324030392e+00
1.087403140837469451e+01 5.826145710180073323e+00
-1.649894881623888310e+01 1.157588817164364947e+01
4.966266993892273773e-02 -5.043938548704560709e-01
-2.621324101327380873e+01 7.163512999231858025e+00
8.459133919881740127e+00 5.911908395372245550e+00
-2.438585606643938775e+01 1.904723739878139588e+00
1.087594550091953050e+00 -1.497303311574257556e+00
-2.078532263085102016e+01 -6.121352574592584972e+00
8.128789766854222165e+00 -9.966025601657289457e+00
1.523688222313913876e+01 -1.045737309696510486e+01
3.205170227436515518e+01 1.698881042777884431e+01
1.700269350017762093e+01 -2.430600270739589508e+00
1.066979868881138849e+01 5.171311914103987384e+00
4.038650604096677910e+01 1.271244255070822149e+01
3.348926808386324439e+01 1.777443779173184879e+01
1.356598717719882252e+01 -3.160142645023649166e+00
1.065765029559623756e+01 -1.149271899821479082e+01
1.055878041136599066e+01 -1.220469555171727549e+01
1.234052832573032532e+01 -9.343273769641266213e+00
-2.096842469384489593e+00 -5.887485248162620977e+00
7.195985795130768636e+00 -1.152517821785096075e+01
7.759616498726742861e+00 3.723003379859782580e+00
-2.735319902059843145e+01 4.199264064468776425e+00
-2.563238178983009874e+01 6.723321685921607838e+00
1.063638436569084078e+01 -1.405992569031546857e+01
5.716347744631485872e-01 -1.065629606469509483e+01
9.943426592842882883e+00 -1.108118914093729046e+01
4.243096786041633983e+00 -7.124688656553396449e+00
9.980409993720574136e+00 3.648723935787838712e+00
7.049991081108253788e+00 -7.496534220856950093e+00
3.240648393376898362e+00 -9.440963114948900170e+00
8.753297031284873242e+00 -1.145889621759126875e+01
1.126711640482668741e+01 8.720413564428174391e-01
4.352635680977916088e+00 5.924813356247294216e+00
-2.354679150611538674e+01 7.621322753724119714e+00
-2.091235695847553089e+01 -7.626418436288329161e-01
1.176124549186444312e+01 6.480985901867472698e+00
4.035398890383122605e+00 -5.544431156831530316e+00
1.268689713732984004e+01 -8.029933726265443994e+00
3.881412839604387877e-01 -6.472004752615618806e+00
6.258703508490765621e+00 -6.262121127497392692e+00
5.244598952930418889e+00 4.360843681810523620e+00
-1.997639592869197234e+00 -1.087217159721258852e+01
5.570986501433365490e+00 -1.207132131606630487e+01
-2.653625782768380503e+01 3.668935003629155922e+00
6.856869257830437547e+00 -8.980803862312585650e+00
1.302630114627000424e+01 -8.800419880851398702e+00
-3.604255726109206304e+00 -2.126465767898155779e+00
3.233630965657345513e+01 1.815559539350237728e+01
7.887534879004896915e+00 -5.717154838918806270e+00
-3.116897046653943626e+00 -2.103085046761250965e+00
-2.040371537624259446e+01 -5.133983731428789277e+00
5.807399284161945729e+00 -9.854322130719513240e+00
3.278832187392711717e+01 1.611995722675811749e+01
1.897322259620557716e+01 4.643630483943420373e+00
-2.158898316012616903e+01 -4.261798527724360852e+00
1.457732007291274634e+01 4.246095637101884535e+00
3.500942975100680865e+00 5.561961141166679390e+00
-2.652548700779250979e+01 3.719770853303653535e+00
2.952001879579205124e+00 2.772965093581967189e+00
7.811577129676929410e+00 -9.512645210111424277e+00
1.049268434305090913e+01 -1.237724002185884054e+01
8.036015025754243979e+00 4.792527904918653103e-02
-1.698611452866541072e+01 -4.315817293035410174e+00
8.357013888587384587e-01 -8.274420035014381725e+00
-2.330455067942840586e+01 1.446283926687430998e+00
-2.466748757155425054e+01 -4.724025614266111006e+00
2.066690750861199355e+00 3.290967259097386854e+00
-2.713245663798944918e+01 7.325411393128156590e+00
1.699131246025899245e+01 -2.417650109134793279e+00
3.883956121667478278e+00 -8.027917326162171463e+00
-2.808294637434237373e+01 6.404824301067101544e+00
2.212078682652696582e+00 -1.113148450946172119e+01
1.664285524747397815e+01 -4.831240878693664698e+00
-5.397034615902867927e+00 -2.734462654226693878e+00
3.185930943669701776e+01 1.801825715827205698e+01
4.034790818399556400e+01 1.271795362784591532e+01
5.015813102573390303e+00 -8.478983792503713701e+00
-2.246617071335140636e+01 -1.499541289132384936e+00
-2.478683113229901380e+01 3.005202408972600825e+00
-2.232760041311053101e+01 -2.756638696153439927e+00
2.470709499135140153e+00 -4.384700190718889168e+00
-2.585714252633268728e+01 1.661695674735111083e+01
3.593293756725720556e+01 1.235255568732070408e+01
9.179286635038444331e+00 -7.238814396815583585e+00
4.616283357450202018e+00 5.802894033003878071e+00
-1.206262925963890176e+00 4.097238207897455076e-01
1.469701961326965955e+00 -8.805257845247767889e+00
-2.263250272691614740e+01 6.674204297808365993e+00
-2.062813755986766306e+00 5.592577858279802472e-01
1.307407488435326925e+01 -1.525795356623126819e+00
3.605544823151873146e+01 1.280482883368383540e+01
3.985844722065976953e+01 1.376957117193014035e+01
3.021000194988142340e+01 1.986434793492522743e+01
4.063536735399816280e+01 1.286750547731134731e+01
-2.438890077211956253e+01 1.882572686102524262e+00
2.677012414350222258e+01 1.875618964094726238e+01
5.736014400629655619e+00 -5.445652281140413997e+00
1.182925918384218988e+01 5.155636112220266520e-01
1.111545475774343572e+01 -2.903753056492127449e+00
3.310270729136038881e+01 1.575745666532439948e+01
-1.379222432708471757e+01 -4.551391568303876589e+00
6.080755653988147991e+00 -6.186325369676959340e+00
5.946800408132568272e+00 -8.822402489284202787e+00
5.863242335428211938e+00 -1.016924942767183282e+01
4.561709676803784141e+00 -9.001187483944111278e+00
3.266029690364939597e+01 1.897585406899979787e+01
1.211126753249715193e+01 4.182660114495367898e-01
7.571204675587416055e+00 -1.329828666870422005e+01
7.090377355551834349e+00 -7.422945151895528504e+00
1.014452541304271271e+01 -6.287974863858284635e+00
-9.001252967761177448e-01 4.130830437334092053e+00
1.117453714472592452e+00 -1.111723992896269486e+01
1.400752807467708250e+00 8.729130814115189096e-01
5.175835766638019031e+00 4.395123459450058334e+00
8.947911942234174631e+00 -1.011618670666770825e+01
2.730790615048821834e+01 1.564528352564408742e+01
-9.596903730531144427e-01 -1.064847970595794457e+01
-2.668466098306112855e+01 4.213998910992097890e+00
7.804093279146593787e+00 4.840868781004419752e+00
2.025902801852007773e+00 -7.089515418956163550e+00
8.067389522809484959e-01 -1.360953932177592485e+01
2.433931969245437532e+00 3.242208393018841228e+00
1.638195049219964972e+01 -7.370115231069312323e+00
3.888749699472988208e+00 -5.659634170957471788e+00
1.054002284632221276e+01 -9.980667716190691152e+00
-3.270434434170545579e+00 -1.448600962193031583e+00
-1.673578331793397211e+01 1.196051710860444928e+01
1.528070986961537159e+01 -1.369358935338059080e+00
-3.066433266736722008e+00 2.772789336857844678e+00
1.401000458975497232e+01 -7.916605335065371563e+00
2.059476742945739502e+01 1.585125382370057956e+01
7.825941383841478860e+00 -5.444775734161223291e+00
4.022162172248252432e+01 1.408523771456563978e+01
-2.397272636733981344e+01 -6.486012359117037107e-01
-2.218130936607080983e+01 1.359522831690295863e+00
-1.924101998638864774e+00 -1.431602056262611278e+00
1.941398000283487946e+01 4.008850516690149135e+00
-2.209892829495515798e+01 -4.329742093800040159e+00
6.450442947987832021e+00 -9.659974119639562318e+00
-1.674916636756633181e+01 -3.889782543331877118e+00
5.819081545978399994e+00 -1.199078008696766950e+01
6.325258669895537089e+00 3.151125034339794961e+00
1.205011704410998163e+01 4.706193761761666150e-01
1.007750416916746694e+01 -7.473163827955207950e+00
-2.566408293416239772e+01 4.093113278106953246e+00
4.290335571448149921e+00 -3.870871392544854017e-01
9.709038978908689221e-02 -1.031562467194357735e+00
-7.107745433988666983e-01 -1.852471759575808452e+00
8.850380541121200650e+00 -1.527400846064917594e+01
-1.102116924278867538e+00 -1.049629326711966115e+01
3.860675492990616853e+00 -8.686942081390020221e+00
2.631353950238316841e+01 1.609922561113282313e+01
3.587040734324018842e+01 1.251579377039119123e+01
-2.580476243024273231e+01 7.852598773987552683e+00
9.219920800224882029e+00 -1.231792747732821169e+01
-6.479053460756878380e-01 -9.554339337644005781e+00
3.601205720241015928e+00 -1.966276368559109589e+00
3.284819974776183216e+01 1.617784540501905255e+01
-2.272523332562035758e+00 -4.287063705530871793e+00
6.036590469509192758e+00 -1.246485187379966320e+01
-1.137421967332367556e+00 3.165341311022394244e+00
5.990686852103349835e+00 -8.620840763166665255e+00
1.307836951528214264e+01 -9.667896345691859850e+00
-1.375747689151378594e+01 -3.790843775567589891e+00
-1.170533254134048562e+01 -2.385787640790415498e+00
1.160811270447242727e+01 -9.376313469311174487e+00
4.319660212097484298e+00 -3.733028476577884724e+00
1.192513994139614475e+01 3.609403575684200671e+00
-4.640119086075326083e-01 -2.858940235239689098e+00
7.941008405473849230e+00 2.601012015116633158e+00
-3.104680295643235777e+00 2.789701242320759444e+00
1.445240971562529708e+01 -9.616490983284441185e+00
1.251805978331019453e+01 2.454666255127185615e+00
6.855013076492864066e+00 9.030077057692788012e-01
1.137182934547977986e+01 7.382766195867308534e-01
-7.493483781452203729e-01 -4.471714781727293975e+00
1.290972297470923813e+01 -1.144215769440351593e+01
-2.557316696682048374e+01 6.175343429940658879e+00
-2.215505902697622886e+01 -1.348555030171659563e+00
-1.578239410957037014e+00 -2.556276218257296229e+00
4.005521693569739305e+00 -1.401937905648173111e+00
4.976213225808264973e+00 -9.836815818603502848e+00
5.662416402292549389e-01 -1.438337742950810405e+00
7.447257774426326860e-01 5.604702125785671063e-01
8.236501340743849653e+00 -6.413651903372101337e+00
2.851909919778548996e+01 1.300257820844109524e+01
8.648807832841598042e+00 -5.919625920608395653e+00
9.629507983913497826e-01 -3.695157848283464053e-01
-1.379842662676708520e-01 4.118580408469693088e-01
2.854534494673261591e+00 -8.955352725574238448e+00
1.367465207841500252e+01 -7.758450601486948983e+00
4.114114724251605182e+00 -5.197617409053298942e-01
2.768602778020883726e+00 -7.124684812551887347e+00
-2.994712482915728913e+01 -3.152312888554525960e-01
5.655095432124682908e+00 3.052789561412721842e+00
2.053773924808210793e+01 1.590921007441529866e+01
-2.540925492176261358e+01 6.629649961519305634e+00
-1.634328209177774216e+00 -6.287354142368725141e-01
3.301885333091250629e+01 1.829671080527127813e+01
6.510002947286074537e+00 1.673592859247709175e+00
-2.037074434935890466e+01 -2.949434439630183924e+00
2.786917570213567341e+00 -1.015157206075096319e+01
2.587835191385063283e+01 1.653368317969666634e+01
8.006295732992008141e+00 1.998435783188443338e-01
1.388239205908362361e+00 -1.412186936544546967e+01
-2.825816330580126134e+01 -5.546679078576076449e+00
3.463320445416314453e+00 -9.390312041726984305e+00
7.931563191200734941e+00 3.908989408436229773e+00
6.704459915482497756e+00 -1.392328405623422327e+01
2.582129666722489780e+00 -5.795116493867086938e+00
1.895018351268329937e+01 4.546414765645876876e+00
-2.960073973957118909e+01 -1.749536273266762976e+00
7.802983998489601447e+00 -1.057856351227833791e+01
2.601927008344375025e+01 1.492234638898645116e+01
8.514463277198311530e+00 -3.744520244686618149e+00
5.444954509175873092e+00 -8.960701947229445352e+00
-4.616287273975451799e-01 -8.378591142390860114e+00
6.125595743575750873e+00 -1.514137702313781020e+01
1.453051607326901973e+01 9.001742324920958271e-01
-2.993595625798921134e+01 -4.132548278385199669e-01
1.206188519070967047e+01 -8.251276477137780674e+00
2.610758126841851823e+00 3.385609285154415282e+00
-6.031500628648456264e-02 -8.814248767963087872e+00
9.144898800883410672e+00 -1.995828542032871189e+00
1.047812847863319341e+01 5.685083256002061880e+00
6.241037253699881937e+00 -1.103431397624340704e+01
-1.501593818039500938e+01 9.276910386622882143e+00
4.484247908817135198e+00 -9.834668175034423143e+00
-1.557854896316759508e+01 -5.021124263339615368e+00
1.790791227787441153e+00 -1.089162138006524216e+01
-2.742465091158887702e+01 7.856836505489462219e+00
1.365045263381676754e+01 -1.000375974356905573e+01
-3.258841393642554762e-01 -5.589253301199854640e+00
1.688960405646378860e+01 -6.951477351432455265e+00
5.359963357943079210e+00 -1.200084719682774548e+01
8.001185130263774425e+00 3.644551113374267626e+00
3.478080201677055783e+00 2.634151489379212840e+00
1.002918715621881240e+01 -1.119970805811782544e+00
1.183184458524307381e+01 -1.005175497607314838e+01
2.732934867952247604e+00 6.383251742719552091e+00
1.398616502253175398e+01 5.105307745950137033e+00
6.481699544971523785e+00 1.972912427039623884e+00
4.621487045640831903e-01 -2.061212994142876731e+00
6.336782428292302427e-01 2.341585168530474714e+00
1.366307969594629945e+01 -4.776275341906051075e+00
7.846834365493588592e+00 -9.672785763862341568e+00
5.048334193938170067e+00 -1.232294113097949761e+01
-2.670812915303338642e+01 6.096303358464446376e+00
1.000754882968199055e+01 -8.612135817102473112e+00
4.889947523997434153e+00 -9.939424409922590797e+00
1.500371092314179577e+01 -5.340795707338608089e+00
1.479480025901219964e+00 -1.416729929672037080e+01
1.134873783667636715e+01 -7.099788592829476386e+00
8.455636223669138474e+00 -2.458714959471177686e+00
1.149465489050206024e+01 -8.197345884850649966e+00
1.006707511500191288e+01 8.200101923803956083e+00
3.861371189520462988e+00 5.680401469412495352e+00
-2.123108939428637321e+00 -6.022847081251584633e+00
-1.999916163612362752e+01 -6.072434723171240556e+00
2.941412136611156924e+01 1.837226238329147421e+01
-2.565922590539814152e+01 7.112081624181533890e+00
1.646751578307726760e+01 -9.469463107458851781e+00
1.214600423385568284e+01 -4.926196185620215218e+00
-6.023830175749597116e-01 3.016634015052495066e-01
4.028822610859987918e+01 1.400031697927541252e+01
-1.436733973099532102e+00 -2.618879558664706231e+00
-2.374911935958062870e+01 1.443819581228805160e-01
8.540567146502867857e+00 -1.380035685045490901e+01
-2.558151075003919672e+01 -1.623910419749858391e+00
9.548073006921354633e+00 -8.976409757790241528e+00
3.299911289691754490e+01 1.735122958234415336e+01
4.577639503092875373e+00 -7.679076619935581327e+00
1.491752654965196045e+00 -9.373841577214951926e+00
-3.016494714405509647e+00 -1.013922134352864823e+01
1.436800824866071657e+01 -3.755289995013617155e+00
1.084795785812267876e+00 -6.095048328113164438e+00
4.871443164159332539e-01 -1.239536672937053119e+01
1.157046666656950773e+00 -9.432086773894093668e+00
1.192247095520750122e+01 -4.506367001210446865e+00
4.942608544452366637e+00 -6.526378697643539617e+00
4.849353332099085812e+00 -4.814189746517800184e-01
5.113743874571962528e-02 -1.565922504796523063e+00
1.247001159114031843e+01 -7.749658452341469328e+00
5.578236700190873698e+00 -7.996949600153451243e+00
1.255121445968864258e+01 -9.198594991398914900e+00
-6.572425687463315791e-01 -5.845315195089301419e+00
6.203875940785816390e+00 -2.420456600206039699e+00
4.987141472747264714e+00 -7.143581987320589022e+00
8.014177061013754155e+00 -8.338113261559030320e+00
2.615284659455550909e+01 1.528252120266445679e+01
4.388981043510262303e+00 -3.896900421219707145e+00
9.994584154473777460e+00 -4.436404314742596888e+00
-6.687705122415436021e-01 -1.281561901959361904e+01
7.286615219185206271e-01 -7.535462324328940475e+00
1.156530425576132615e+01 -1.709294331487041463e+00
5.252116620684911474e+00 -9.041105627224068186e+00
8.410969384656292291e+00 -4.819536164375052500e+00
6.394457003062550271e+00 -3.745167517405812330e+00
4.848632750865428109e-01 -1.249053339396562379e+01
-3.760171877752291891e+00 -6.321749646141367585e+00
3.601536228873064260e+01 1.266462776977773430e+01
1.309200391074694458e+01 -9.024679792491049568e+00
-7.130864751309085037e-01 1.710323067526768881e+00
2.580898940358222760e+00 -5.603660573777622389e+00
8.861581478452503546e+00 -6.090894261755820160e+00
6.428606929292996597e+01 3.227332237100581125e+01
1.019937749324490817e+01 -1.099230840625185168e+00
1.420957338490624000e+00 -7.446806928226276767e+00
-1.546723566811646755e+01 -1.977970832494925091e+01
-1.247379911575515266e+01 -1.942549421235683127e+01
-1.660415206889995687e+01 -2.057780732625301567e+01
-1.008963665415285327e+01 -2.476139012955939123e+01
-1.367843016895432307e+01 -2.211314545451064717e+01
-1.203215560662170525e+01 -1.853455737527721325e+01
-1.525776701735527929e+01 -2.328538890793463878e+01
-1.382717483110172907e+01 -2.945073874410752079e+00
-6.591176708695557274e+00 -2.052286839856691714e+01
-1.429648787137780275e+01 -2.457357751003616642e+01
-7.224012712066418374e+00 -2.626966653440058508e+01
-1.227462462048569591e+01 1.015570426875740218e+01
-1.900337816728456986e+01 -2.268236873516703866e+01
-2.508666387606264436e+01 2.137352351910526860e+00
-1.357693302896549881e+01 -1.887693632265360932e+01
-1.427214482465886469e+01 -2.079983510058083951e+01
-1.014825857435801559e+01 -2.362069020330632796e+01
-9.707193582496749684e+00 -1.577751730255079465e+01
-9.742139573459391855e+00 -2.075143616974323990e+01
-1.527548486113319903e+01 -2.325042354970939229e+01
-1.218933093877504703e+01 -2.261587268668085926e+01
-1.775439240341330560e+01 -2.608331478350673294e+01
-1.439493682891222548e+01 -2.411446122454368624e+00
-3.922701028273196666e+00 -2.184533197903116530e+01
-1.074181983728356293e+01 -4.081137771351199817e+00
-2.121457584952397468e+01 -2.151298572772130324e+00
-1.170268073798890462e+01 -1.810317402564249534e+01
-9.524375006223026574e+00 -2.199557200355752329e+01
-1.063030081942677185e+01 -2.448097672304891503e+01
-1.113473898159514874e+01 -2.013759489018046267e+01
-1.462138497050536579e+01 -2.291619320830766782e+01
-1.113383599172891891e+01 -2.098059672941837661e+01
-1.420635935279654660e+01 -2.073428299484190163e+01
-1.588717572068276596e+01 -2.622983807225441311e+01
-7.069459910888998166e+00 -2.486516211959236600e+01
-1.073567238756791298e+01 -4.031407964561557478e+00
-2.167366815559681115e+01 -1.750906819346842447e-01
-1.820801863950138255e+01 -2.449838882052607403e+01
-1.179331409349501847e+01 -2.597214547111119742e+01
-1.032812695301660000e+01 -2.019811588171875627e+01
-1.528617708653282747e+01 -2.707526611704373476e+00
-6.969229563503197333e+00 -2.844968419663024761e+01
-1.286791787276902177e+01 -2.358296286287115961e+01
-1.245861350835256331e+01 -1.533006777135390308e+01
-1.434782460912478363e+01 -2.358997914336109147e+01
-1.379739952636965228e+01 -2.068412072535885216e+01
-1.075465072635623187e+01 -2.294518799616475135e+01
-2.322554554952016126e+00 1.014637770087377433e+01
-2.436239014346141474e+01 2.950636787020032514e+00
-1.881673104946661823e+01 -5.752249748847844124e+00
-1.522169510641076684e+01 -2.594400635023571411e+01
-1.515782759187251116e+01 -1.884119159629399221e+01
-1.084853692312730544e+01 -1.916261250754215695e+01
-1.538162821278632464e+01 -1.904230257311580843e+01
-1.455745272803521750e+01 -2.270351957960747313e+01
-1.136586971579369454e+01 -2.334368680502284832e+01
-1.738042314759567475e+01 -6.007623144375218160e+00
-1.697248267700896918e+01 -2.140237380410076540e+01
-1.547728370487834937e+01 -1.963551937236540468e+01
-1.747049702393722015e+01 -2.149846153941231819e+01
-1.173042229452756580e+01 -1.953788644495144311e+01
-1.203798710281675177e+01 -2.434873201102008977e+01
-1.472955911189444400e+01 -2.393267293953887886e+01
-3.690083948039348360e+00 -2.436773382633510465e+01
-8.155404020551378252e+00 -1.802288462780830258e+01
-1.962457555402098208e+01 -4.864548020842159204e+00
-1.723295921138769771e+01 -1.708345648417978779e+01
-1.311081970815989806e+01 -2.428531938463612860e+01
-2.265597489393991992e+01 -4.346174645020730032e-01
-1.023527413384388396e+01 -3.841794365850119686e+00
-1.148700544411053137e+01 -1.762409438906811232e+01
-7.522455836897301573e+00 -1.889212789543871907e+01
-1.750808125437903939e+01 -2.039622674523838342e+01
-1.209118225916202150e+01 -2.045222264005372637e+01
-1.661528396280256104e+01 -1.875401627209546618e+01
-2.159707532805203201e+01 7.963129030968284283e+00
-1.101477668561532219e+01 -2.473112889421332383e+01
-1.696979190179132857e+01 -8.290760400584812118e+00
-6.990520014028430928e+00 -2.283434778629969131e+01
-1.090221698195369981e+01 -2.269643956739785651e+01
-2.038061290027195582e+01 9.069911842719394102e+00
-6.332131558219951550e+00 -1.631153084299583256e+01
-1.573865438864474875e+01 -3.066277984357877351e+00
-1.849734389308094862e+01 -1.880985443339389818e+01
-1.634803198123856305e+01 -2.421804651548620413e+01
-1.418134532455749408e+01 -1.995189966063086118e+01
-1.890124132911495636e+01 -6.855446800171399957e+00
-1.027162534411470673e+01 -2.622813530524855707e+01
-1.969135167282261278e+01 -4.956413880243080605e+00
-1.726465667437009799e+01 -6.095637810212743091e+00
-1.482761525381809697e+01 -5.035015260351118904e+00
-1.949856825518669723e+01 -4.595182059361324178e+00
-1.265831197608402725e+01 -1.948615520568041859e+01
-1.504549439718794979e+01 -2.168613107528645045e+01
-1.918380156755122457e+01 -5.623635466429324659e+00
-5.661695891146331761e+00 -2.448400092694603458e+01
-9.660585240742658897e+00 -1.831279749468561135e+01
-9.288124367568459050e+00 -2.540941717168169589e+01
-1.326942564456296303e+01 -2.285159746358909061e+01
-1.509727200390614854e+01 -2.667175116547562652e+01
-1.179536410027537663e+01 -2.345569388223363561e+01
-1.482266517060841160e+01 -2.695107698174037480e+01
-7.749584284481430885e+00 -2.155306184470028086e+01
-1.245363916559939099e+01 -1.603653548094047920e+01
-9.573274445101821684e+00 -2.275130393699597064e+01
-1.748198376753396843e+01 -2.230897481131601978e+01
-1.360831420594193730e+01 -2.239179969505530110e+01
-1.232544012306688508e+01 -2.423681744401276816e+01
-8.283777272778889866e+00 -2.444967366658413610e+01
-1.477476551717467679e+01 -2.699672086240929048e+01
-5.886060766900186536e+00 -2.810129843126042104e+01
-6.128162028845224540e+00 -1.649214880509830294e+01
-5.358316286308508758e+00 -1.938498924789042732e+01
-1.003916817704408970e+01 -2.663665555761170012e+01
-1.892450751604875947e+01 -2.284788993240272958e+01
-1.512064904682203803e+01 -2.269593066981833118e+01
-1.465279345548420586e+01 -2.145618798017123652e+01
-1.692556050818549807e+01 -2.155067872162132758e+01
-1.260770794236622017e+01 -2.098140268663965458e+01
-1.107962762865312811e+01 -1.804585871189931368e+01
-1.814333134266563263e+01 -2.171427646343702378e+01
-2.170148053299654833e+01 9.653641618966796401e+00
-1.568624165909405477e+01 -1.765501225061196777e+01
-1.843533071851060612e+01 -1.884609670199874998e+01
-1.299397712673473748e+01 -1.463108687752457904e+01
-2.393797648170663450e+01 -2.356840318086954600e+00
-1.480420323522748838e+01 -2.454867813121346387e+01
-1.891793936074464355e+01 -2.215894389623071703e+01
-1.246160178324504741e+01 -1.483186512716578065e+01
-1.196098110821436755e+01 -1.740860994138638063e+01
-1.319597776797026079e+01 -2.195513397156297231e+01
-1.559984089009077124e+01 -4.327458083000229827e+00
-1.049106924909793648e+01 -1.871745612420398786e+01
-1.564884401876079245e+01 -3.420926497694894319e+00
3.611964737270117354e+01 1.286423007730942558e+01
-1.150107264083876757e+01 -2.600629063364924320e+01
-2.529963362528981463e+01 1.627304740240105962e+00
-1.398446858013569560e+01 -2.569130961899012178e+01
-1.548695658853190160e+01 -1.960657150418437666e+01
-1.494508786526575328e+01 -2.735982247867164574e+01
-1.769766273191387995e+01 -2.130874792600003786e+01
-2.250041870915977427e+01 7.960708845911492304e+00
-1.476829434778919037e+01 -2.244613335867911630e+01
-8.999297297702645082e+00 -1.943856594055038656e+01
-1.083209334884054442e+01 -1.540642917155526348e+01
-1.392064935654492785e+01 -2.812571064799842091e+01
-1.328077916947865589e+01 -1.518806400205087925e+01
-1.401652179384100805e+01 -2.219485934329212640e+01
-1.543677890924264773e+01 -2.156044619005397678e+01
-1.281497807590861449e+01 -2.655314467087152863e+01
-2.544562931145341622e+01 3.008735202633204597e+00
-1.062982355627845799e+01 -2.448862766623245690e+01
-1.130203090994736392e+01 -2.538429916833423405e+01
-1.134397657908726131e+01 -1.611514433273121938e+01
-1.557419740059833302e+01 -1.795821814718535592e+01
-1.731156759427788572e+01 -1.693239190485807200e+01
-1.423651253650677440e+01 -2.469689147195479251e+01
-1.058962251718457459e+01 -2.580035078550545791e+01
-8.200085472238088258e+00 -1.961741257257940774e+01
-1.520630729484653543e+01 -1.738427296749766882e+01
-9.157291256756746378e+00 -2.949129178764785664e+01
-9.263199277067654336e+00 -2.444303347270088622e+01
-1.610500872090061364e+01 -2.080201336636025999e+01
-1.303022697669352503e+01 -2.229242970452828843e+01
-1.539879892668460037e+01 -2.523361054278278814e+01
-1.567505783588983448e+01 -1.747759230387252316e+01
-7.061561307653485997e+00 -2.848522483739522571e+01
-1.162394480228436855e+01 -1.576427260232544469e+01
-1.365124857610221731e+01 -2.437306764846927365e+01
-1.610370017064752801e+01 -3.878611182433303384e+00
-1.548701554367779387e+01 -2.447652372769819351e+01
-1.109358815625158279e+01 -2.716114764208644061e+01
-1.151998738104811082e+01 -2.424381817757932822e+01
-1.869211296485803331e+01 -5.277403328609376665e+00
-1.352205350571644971e+01 -2.485126374395217752e+01
-1.036444500385558776e+01 -1.711793550409677778e+01
-1.410823209585586646e+01 -2.281328759475814394e+01
-9.352384738278551879e+00 -1.754286071321409679e+01
-2.435751339575734065e+01 3.800908276838137922e+00
-6.532875167017750506e+00 -2.242753349889035519e+01
-1.138935692751598872e+01 -1.437705529566851936e+01
-3.659226801365717652e+00 -2.433219139254834573e+01
-1.521993431452304968e+01 -1.897165997565756257e+01
-5.853502606552424936e+00 -2.809170304742637470e+01
-1.081337536298810065e+01 -2.756081115672344595e+01
-1.181081637576873966e+01 -2.285499436184208122e+01
-1.129816814801730906e+01 -2.600768121124277599e+01
-2.135210156125328851e+01 -1.851762043643889744e-02
-1.274604228279495288e+01 -2.035413283638098747e+01
-1.231196142333477361e+01 -1.237169665192670109e+01
-8.715870743434342316e+00 -2.341201490427912546e+01
-1.137667224861675308e+01 -2.298574240581054795e+01
-2.154595394303968448e+01 -4.315775637195605086e+00
-1.951499797859901131e+00 9.312168698432849112e+00
-1.058585538548117810e+01 -2.467047493795664082e+01
-1.171986336709218968e+01 -2.526217043334745682e+01
-1.487190194077323824e+01 -2.214087302634509768e+01
-9.506974351346608287e+00 -2.439594990142544617e+01
-1.709350510955887259e+01 -1.879270945409034610e+01
-8.888569238971637532e+00 -1.864773325386526537e+01
-5.749690662632986893e+00 -1.761055613781759632e+01
-1.143064089568630770e+01 -1.839154779262427297e+01
-1.602380939102269863e+01 -4.192845883687252417e+00
-2.223583427415230673e+01 7.913644466376085873e+00
-1.363900748381488981e+01 -2.541667731877524972e+01
-7.228842297447140020e+00 -2.625995123874930570e+01
-1.642989942608720710e+01 -2.185855794709706146e+01
-1.662201336540513452e+01 -2.319606193831886287e+01
-1.834594893703015828e+01 -5.891828473627626295e+00
-7.914171255813026384e+00 -1.944445482263698466e+01
-1.227021570911447057e+01 -2.134452301492127546e+01
-1.005339809364848769e+01 -1.733748569301199893e+01
-1.969518936379384755e+01 -5.224606683958914033e+00
-2.148590566559082760e+01 -8.757086059604680672e-01
-1.386629501610869575e+01 -1.588857155568335777e+01
-8.024276719427071214e+00 -1.659405473389538699e+01
-9.316504003072342499e+00 -2.620016166636823485e+01
-1.305576403782033701e+01 -2.867927715638000308e+01
-1.610557939552460383e+01 -2.231412657448097292e+01
-1.230644965090040976e+01 -1.243165785876931828e+01
-1.290054916129732909e+01 -2.332243255762695355e+01
-1.147596591743762495e+01 -2.553927124603729126e+01
-1.319044079371164990e+01 -2.116276067373532044e+01
-1.757836901359196347e+01 -2.298020724303602336e+01
-1.022837548079926151e+01 -2.613020804108989381e+01
-9.784631410098795001e+00 -1.729810365459188404e+01
-9.973233528067547482e+00 -2.695363159866584013e+01
-1.355559373657344757e+01 -1.887021809876544154e+01
-1.311380780028712678e+01 -2.837571089330852203e+01
-1.605130177108359746e+01 -1.993354850974946402e+01
-1.448592048713548763e+01 -2.194970084067269767e+01
-1.141007433891885547e+01 -2.376915838125619373e+01
-1.462237805742234009e+01 -2.382268130841599074e+01
-1.625272039373634669e+01 -1.691937450924375241e+01
-1.146661769659503527e+01 -1.437577373404867132e+01
-1.278674905366106529e+01 -2.158821393173499814e+01
-1.366290050059778238e+01 -1.735149917683524023e+01
-2.494803034087177807e+01 2.299464760583953105e+00
-3.925229285760709619e+00 -2.184445686767524819e+01
-1.359927071021022194e+01 -1.787380744743082417e+01
-8.962542814734781871e+00 -2.293516375759366710e+01
-1.191484087111105161e+01 -2.805062251906900528e+01
-1.184238731952284063e+01 -2.126273717476431813e+01
-1.531185489558255775e+01 -3.964778296002824387e+00
-2.154384164000713398e+01 8.000260205596553931e+00
3.595528393958940683e+01 1.240961499207752716e+01
-1.040311764207081957e+01 -2.201702711832842141e+01
-1.184216726785297169e+01 -1.665721566519699692e+01
-1.718742149650442386e+01 -2.002181167227979230e+01
-6.855381687550853087e+00 -2.309374607250866518e+01
-1.770666513013762611e+01 -2.591708271175901146e+01
-1.315190450482226936e+01 -1.534057667064107555e+01
-1.538715887013993644e+01 -2.651028288960442936e+01
-1.820269789358547285e+01 -2.449045795209258003e+01
-1.486181648047261206e+01 -1.846270206928212332e+01
-6.935795981096333662e+00 -2.286404438313785903e+01
-2.403884871832985226e+01 2.693429122220139416e+00
-9.161771051775982500e+00 -2.949951407327582587e+01
-1.048317814685907656e+01 -1.758519505778787106e+01
-9.907910333331940933e+00 -1.729968134350450271e+01
-1.322792242960654718e+01 -1.622493998989664021e+01
-1.534364051887219205e+01 -2.385953010334381474e+01
-1.177084358602874481e+01 -1.604681007140547067e+01
-1.395467258600351457e+01 -2.388673994013317170e+01
-1.389526338292189855e+01 -2.177431174794508451e+01
-1.411119418288949312e+01 -2.356697769041500123e+01
-1.473979643009365503e+01 -4.982934509832704251e+00
-8.469738164649442069e+00 -1.706702295930037394e+01
-1.656558050850936326e+01 -2.222902529668747462e+01
-1.507121250676030577e+01 -1.851493832394468342e+01
-1.156906990665519608e+01 -2.236866829721318339e+01
-1.407742723704675569e+01 -2.821523071657251336e+01
-2.417718509514129366e+01 -1.922661000627933658e+00
-1.270096548104274348e+01 -1.742701921570787960e+01
-1.808728698103838894e+01 -2.189581854281634676e+01
-1.697654787697777579e+01 -2.070492962452761176e+01
