5.909528800792664072e+01 5.832228503363293726e+01
-3.755699364561582598e+01 -4.177682322389539138e+01
1.539284316105673733e+00 -2.886503823594262030e+01
-1.101660567336985537e+02 3.428945999061404848e+01
7.125890538934237384e+01 8.372226736212792275e+01
4.330029968746453761e+01 -4.197859911555790546e+01
3.910170772910338144e+01 6.966857935123861978e+01
-1.420731959902518859e+01 -6.490235370212064936e+01
-4.910572260396504163e+01 5.953733412058737429e+01
-4.023662782656259651e+01 -1.456435959458545426e+02
2.998702105943150968e+02 -1.842551500711463461e+02
-7.156443456091129462e+01 1.376888343945482873e+01
6.902617526382042001e+01 -6.067213955450724683e+01
1.121791955468496838e+02 3.934615022040661358e+01
-2.622304566873459208e+01 1.634764085081563110e+02
-4.595678194479474854e+01 4.231959944093306802e+01
1.091183538891902742e+02 1.736465880691591579e+00
8.857986482873681666e+01 3.680199027577686621e+01
4.515512056906572980e+01 -6.359832706551743087e+01
7.713662658285998930e+01 1.761709233932769791e+01
-9.013339709346362838e+01 -2.677850396771474450e+01
5.843313878289828267e+01 -3.696472127499685456e+01
-1.460842844431041598e+01 3.801179813411609132e+01
-6.395760105895637082e+01 -1.965674908003740384e+01
-2.723753831768777189e+01 -8.031477367548843915e+01
1.917079450916574146e+01 5.168885509062106109e+01
2.949227188091215979e+01 -7.869238868334036852e+01
-7.655261016773296490e+01 -1.084557243903532076e+01
-5.308497261256987088e+01 -5.079541986776838769e+01
-4.106939205144203697e+01 5.143423476267603434e+00
-6.619040216928712539e+01 9.259316394820265828e+01
-7.309069780974186870e+01 6.756246742274659312e+01
9.849746789833540106e+01 -1.082011133237954326e+01
4.001857860593270999e+01 1.917197532235459079e+01
2.029368825043874125e+01 -3.782581319412886245e+01
5.897526731786459919e+01 -8.806400405867508141e+01
7.583314602683306305e+01 5.213360221158902874e+01
7.533003149450284752e+01 -1.183486583342791665e+00
-3.730697709944426776e+01 1.945540361967453080e+01
-9.879252713580932266e+01 -5.272944355333483912e+01
-8.237803852704253416e+01 4.939116415234923352e+01
-6.586771777100773306e+01 3.891382459767521595e+01
-4.465350549346126741e+01 -1.426585563203487794e+01
7.592938983220471982e+01 -3.562565660959585756e+01
9.899125032362684351e+01 -3.147665260935164255e+01
-2.341087961064410479e+02 -2.651391223394581331e+01
1.908068935629104068e+00 3.353408164511286316e+01
-5.537083473511717813e+01 -6.989706243018268594e+01
-2.909552398647982585e+01 -5.374492374926495231e+00
4.335575507307125775e+01 9.165957881478992419e+01
-7.769340763618748369e-01 -8.634678242557062333e+01
5.562642604402954216e-01 -1.237516092211383523e+01
-1.138629836434780174e+02 3.561075795157559454e-01
-3.162570071024362051e+01 -2.643903899994872830e+01
2.693855828930939467e+01 3.167178466093405476e+01
1.190192797308866091e+01 8.521016918644195925e+01
-4.927736927859615434e+01 7.668567522599457220e+01
3.748281499897001101e+00 2.710100543843209309e+00
-5.289627572130606268e+02 1.252977971177674306e+02
3.841982671462054810e+01 -2.701116871976117295e+01
-3.494639915722068935e+01 -1.128352995344660172e+02
1.219519470962312369e+01 2.103337624905250181e+01
-3.861410196857006127e+01 1.085177735385797604e+02
8.702093700879781579e+01 -7.559807758638962127e+01
1.596774498600242786e+01 -9.587309941388262757e+01
-2.542555932501190696e+01 8.042609270151278622e+01
2.154563309046450570e+01 5.192031968957675936e+00
-1.552187446776194157e+01 6.505696168457126838e+00
3.544055369138633438e+01 1.300287285777483315e-01
-5.579971385055353039e+01 -3.343438659611380359e+01
-3.432278883764661259e+01 -6.135572976753048380e+01
-9.211452141292414808e+01 5.072983163969456477e+00
7.463744797298213030e+01 -1.468202851943040521e+01
-7.310069138991835302e+01 -6.183238069147238747e+01
7.112242753112392180e+00 -6.044804589830174990e+01
1.747421711611697015e+00 -4.548186839216540989e+01
-1.317173241182748029e+02 -8.543629417400967441e+01
1.480735347970653777e+02 -1.565120195826574090e+01
-1.474935173677267386e+01 -4.716965501949132289e+01
-5.349302637087041745e+01 2.561411162659380381e+01
4.378455970504966643e+01 -1.110502503076637026e+01
-1.594446077898836478e+01 -1.025063504925127766e+01
-2.550964021518693414e+01 5.475505193580251273e+01
-4.357036948776856988e+00 1.805666806284653703e+01
6.162583079891266635e+01 2.919079600282026377e+01
-1.025440998445430729e+01 1.003662828238481382e+02
-7.527458573545267484e+01 -3.313728886648542726e+01
2.037263575159522944e+01 -1.506956572200614985e+01
-9.305173105652283283e+00 5.167605900734885438e+01
9.399811695837958325e+01 1.729131894462068075e+01
-4.742305583330304586e+01 -8.806650580647257698e+01
-8.757254708637587370e+00 6.804559451098290879e+01
5.533844245239953352e+01 7.317015462663455594e+00
-2.069895566447957691e+01 2.058277335912380934e+01
1.712920769477964029e+02 8.490530199395152522e+01
-6.053185835129595205e+01 -2.539496903234776948e+00
4.991740846413758703e+00 5.185820625758424995e+01
-1.551866095087537722e+01 -2.981212149012887380e+01
-8.747580745814352099e+01 2.869366282909824761e+01
1.896199109132732019e+02 3.406813878673130347e+01
4.085572706373368845e+01 4.280823211907148362e+01
-2.921699587304524215e+01 3.639378384097281582e+01
