-2.286992672270246629e+01 5.433205219776827910e+00
-2.587352915829267985e+01 5.162723856733428818e+00
-1.972626096032179532e+01 7.043752697792528217e+00
-2.671258987891311776e+01 1.270598084028839736e+01
-2.516816455628482885e+01 1.324254680888534708e+01
-1.483438509700959429e+01 2.052769169631336865e+01
-1.763648383348848725e+01 -1.518076475623606258e+00
-1.242927523310917515e+01 1.705931475956843579e+00
-2.839305291833374412e+01 2.468947621139249371e+00
-8.729431374370099306e+00 1.035754110889352120e+01
-2.901536799517921850e+01 1.452024745763586866e+00
-1.872201296129433601e+01 9.017830755580874325e+00
-2.311011857525424773e+01 -8.386856521988138580e-01
-3.115453551799268794e+01 9.311339439166406606e+00
-1.520980742989625867e+01 5.191498573546503792e+00
-2.149573355338337066e+01 1.572681218656084035e+01
-3.243162478473650623e+01 3.415010714306601081e+00
-1.867603753206929085e+01 7.335214832242529681e+00
-2.964172440519669749e+01 -2.094620709842280326e-01
-2.054962225415970067e+01 2.491117806735367424e+00
-1.316649988603296606e+01 1.097672755741232820e+01
-2.662058232910862188e+01 6.751668893611732614e+00
-2.426736268225145920e+01 4.247072440214334499e+00
-2.707453869219719067e+01 6.608385775013058350e+00
-2.532284310264449445e+01 6.682330783255538975e+00
-9.713257901019545670e+00 8.043468294613928649e+00
-3.222500722079342239e+01 6.264340525788920644e+00
-1.706828717275804763e+01 9.064566299065101029e-01
-2.202453903609723795e+01 4.094141754102499142e+00
-1.724629966081540999e+01 -2.938643572737640319e-01
-1.483821445299346919e+01 2.053339629834353630e+01
-1.297456546292984747e+01 2.953438654827907239e+00
-1.470356366313287033e+01 6.863470404168852568e+00
-2.066794306288088379e+01 6.471696573156416221e+00
-1.335044409500857121e+01 6.038622163981326452e+00
-2.054346597738722835e+01 -5.822890058104502886e-01
-2.096968125676206185e+01 1.611056018073571394e+01
-2.428946402501876634e+01 2.341128985326776490e+00
-1.453950971187650154e+01 4.661961290831753146e+00
-1.774988563674414266e+01 2.738759183265762065e+00
-2.753989356605569228e+01 1.544578835770267666e+01
-1.484441582004401283e+01 2.053359395954400668e+01
-2.592693477373690314e+01 7.628653137929725325e+00
-1.163542389524715936e+01 1.622307089611022590e+01
-2.749376303999326865e+01 1.468717007625840587e+01
-2.572593914323302400e+01 1.568717157735970780e+01
-2.266392361156289681e+01 2.882616696872815076e+00
-2.145126403911482171e+01 1.216330560643621617e+01
-2.307757580113478113e+01 5.903047299631254852e+00
-2.758117370407130764e+01 1.521215672128837859e+01
-2.327675183409711934e+01 1.153680687682457950e+01
-2.093686201202262609e+01 9.165506075304431732e+00
-2.204246576351397380e+01 5.988976337121021398e-01
-2.766520540130789740e+01 9.444854327621051482e+00
-2.249249247747186686e+01 -3.725370712395613015e+00
-2.355033501063877566e+01 1.523053492052331759e+00
-2.028185424782564894e+01 1.644116861597146695e+01
-2.650535619972423618e+01 9.385825731375522452e+00
-3.116985530663706427e+01 7.889157630763222073e+00
-2.408441941053878566e+01 4.045815974770367696e+00
-3.239187313805281576e+01 1.280874071556994132e+01
-2.591726935518078534e+01 -7.644732267760915967e+00
-2.070291164859094835e+01 1.643434369787522442e+01
-1.535996383292466483e+01 3.884710154531761717e+00
-1.943899392255870495e+01 5.742149588400411453e+00
-2.250092545327881055e+01 1.414833778610754855e+01
-1.745638042591987471e+01 9.173783589906268077e+00
-2.720510928789295946e+01 -3.327398278104425788e+00
-1.385014531423559703e+01 1.333827153501780494e+01
-1.637695338271687362e+01 7.753779985574306366e+00
-2.257204510756086790e+01 -2.624131838770653147e+00
-2.018160808837735942e+01 1.625478821540423979e+01
-1.861379872965732574e+01 5.123498274935332830e+00
-3.238343403445229995e+01 5.715926426096921809e+00
-1.213179297680490087e+01 1.646717626225902720e+01
-1.717842189076518267e+01 6.251915810662972639e+00
-1.669245685097422438e+01 3.795781100482068293e+00
-3.164949987071078397e+01 6.694489770790084116e+00
-2.774970019529297716e+01 1.631725822003059179e+01
-3.149080388970281774e+01 1.042040900949471904e+01
-3.101714376823232300e+01 1.751206992447411182e+00
-2.147482628343838229e+01 -2.229067266821341153e+00
-3.185428536069171912e+01 1.210869449188358971e+01
-1.816676291092593232e+01 3.299873785383807268e-01
-2.241153886587090582e+01 4.446761857765910708e-01
-1.082105380226155411e+01 -5.920684854756546045e-01
-2.728278663814021598e+01 6.597164677393897669e+00
-7.718231426284188679e+00 -1.452618896007878391e+01
-1.973290406800264307e+01 -4.966418454149764905e+00
-1.561656161363841910e+01 3.559931724022928012e+00
-2.087608107740980756e+01 -7.437582155668087669e-01
-2.797199705107250622e+01 8.143102844659280137e+00
-2.112773954329486514e+01 3.970054288124548414e+00
-3.130515280073604600e+01 5.931699501326034962e+00
-1.556793057509985623e+01 8.094321463800410399e+00
-2.167257218805217533e+01 3.299802372036363618e+00
-1.242912147602310569e+01 1.641292107997607275e+00
-1.591848927917506806e+01 1.217430185013291855e+01
-2.745942502827766418e+01 1.434654823596717677e+01
-2.283106987473557936e+01 2.737747468100648618e+00
-2.141505677648772021e+01 7.195100627890274048e+00
-1.542459083509380413e+01 7.508820495393084826e+00
-1.764500176395734243e+01 5.858291000701626672e+00
-2.991756163268088997e+01 6.578464372703050067e+00
-2.604426954412430106e+01 8.614080694980495778e+00
-2.970924940916583523e+01 9.240045287173629163e+00
-1.824576375859838251e+01 6.171198707614862222e+00
-2.101403961553633692e+01 -9.993502116626635789e-01
-1.592003642351580517e+01 -4.412184825022927193e+00
-2.010081310053874049e+01 -2.220870027388617274e+00
-8.299968430468414482e+00 1.145878474921230605e+01
-1.498707630923357748e+01 -5.870358938241325431e-02
-2.248473370939318627e+01 1.412425829053087512e+01
-2.683652192728291297e+01 -4.232679700512036014e+00
-2.711201390941128864e+01 -4.807633563184284142e+00
-2.109340217940503592e+01 1.615887360920942584e+01
-1.556062518942705175e+01 1.959928329294417182e+00
-3.102760933379785868e+01 8.631130773754454921e+00
-2.365111905594200437e+01 -8.892899717055534836e+00
-1.640587329871331335e+01 6.443457341510844039e+00
-2.507681105986640091e+01 -2.978469909482436506e+00
-1.716214169142350343e+01 5.937492795253293210e+00
-2.560411447913178407e+01 9.796636968485358921e+00
-8.715415054714490850e+00 1.042735057004306221e+01
-2.175679072219777410e+01 3.508306439296711599e+00
-2.950486876218319310e+01 -2.312580431058007258e-01
-2.599496586612377769e+01 1.602236471493991132e+01
-8.595021724422625908e+00 1.058878063723637730e+01
-3.181161335399354684e+01 4.459528755905329156e+00
-1.168166930386282587e+01 1.417673725832621745e+00
-2.223576152870346689e+01 4.836533408794833733e+00
-1.326710436054036002e+01 1.481656003030521696e+00
-1.621325365860630185e+01 3.522797558538846907e+00
-1.904830516477827018e+01 7.765726649622647138e+00
-2.764554416797097147e+01 1.446273382948165853e+01
-1.847468125231961267e+01 4.204187386781472746e+00
-2.147003627920397051e+01 1.173607562261708281e+01
-2.458203419109415933e+01 1.034883584825237968e+01
-2.412757641007366871e+01 -3.746330826192662666e+00
-2.109491707820015094e+01 -6.594293268433825794e+00
-2.220495597854591452e+01 4.757405213787110121e+00
-1.166285761539041488e+01 1.623674527750645780e+01
-2.505595694187273637e+01 2.744045473513861744e+00
-2.680942352345597968e+01 -7.451994926938325658e-01
-9.794697883622216494e+00 7.972862719420417577e+00
-1.913845573299107627e+01 2.882581250355142011e+00
-2.518187244025665095e+01 1.170510829642060546e+00
2.259365998992267777e+01 1.783876609956824666e+01
-2.122433545981755643e+01 5.909149482521915075e+00
-1.616181664337790380e+01 -3.233970719568074248e+00
-1.624787804179901229e+01 3.632149761511041408e+00
-1.700287941246438095e+01 1.374591565718566599e+01
-3.221824486343373906e+01 1.245658275491013356e+01
-2.254610336806395665e+01 -2.386110106759101956e+00
-2.554915753503478371e+01 1.664291530224610938e+01
-2.575642996459512801e+01 4.651903674458255367e+00
-1.841258705266077556e+01 -1.353792883356569554e+00
-1.744220429968797603e+01 -6.828156491448753584e+00
-2.482943421845370935e+01 9.026544240710508982e-01
-1.452444560687372999e+01 8.454478085722959335e+00
3.735698585364293223e+01 1.243289435358874329e+01
-2.645493611658323374e+01 1.080092176898172518e+01
-3.179068608049748690e+01 1.204009882688426991e+01
-2.539119949499353623e+01 8.282580376426795787e-01
-2.830630122360278023e+01 1.574381189853513696e+01
-8.972738755442092540e+00 9.621360266073315515e+00
-1.345276710149046018e+01 3.741984240334318645e+00
-2.364605852634592154e+01 -8.886367949526698951e+00
-1.647432538409933400e+01 6.880668053458522060e+00
-2.254197687310497855e+01 3.903593500257624083e+00
-2.571857625026922278e+01 1.603761510113146471e+01
-2.853799950928353724e+01 4.322469816173025059e+00
-2.648331539409237223e+01 6.632246792651645961e-01
-3.004750171664939273e+01 6.581050657577556251e+00
-3.190657320332548252e+01 1.214324784544885460e+01
-1.829168117114867087e+01 8.910639076267635739e-01
-2.509231479778378926e+01 1.334334303659409215e+01
-1.991701913294322068e+01 1.310535624366671037e+00
-2.554539170095559442e+01 1.539186203830900102e+00
-3.118961418285180542e+01 1.621808291463642471e+00
-1.585852910723824394e+01 8.280806817501940031e+00
-2.564144179253598921e+01 1.523196133661936535e+01
-2.932272079682721255e+01 1.058384213251952666e+01
-1.731179974191795523e+01 1.716718482323416595e+01
-1.677183138863795619e+01 1.645248886841343250e+01
-1.966973436367164041e+01 1.848413281921968832e+01
-2.066760774340685103e+01 -3.742909077769994930e+00
-1.255996386827285072e+01 -5.269537662613850149e-01
-1.430767359753068568e+01 8.613534440909708323e+00
-2.279217065983401369e+01 6.925088964889685172e+00
-1.228502032651702436e+01 1.746503956434133142e+00
-2.438571642763125880e+01 3.926475864122888737e+00
-1.921029864985113988e+01 3.013620520520336576e+00
-1.870037848685332094e+01 -1.645168016499512387e+00
-2.216606877699034328e+01 1.867860485465162146e+00
-2.689936091410885410e+01 7.691884048883825820e+00
-2.484825860721422686e+01 2.485623222637488028e-01
-1.534441084917539655e+01 4.565287057146509397e+00
-2.152363132510616595e+01 1.224270505604092207e+01
-9.667524492467135744e+00 8.098413662512788491e+00
-1.994413981850156858e+01 1.091785137845565634e+00
-2.510303645819982421e+01 1.336137282809315785e+01
-1.874451637330853160e+01 5.086673652472220475e+00
-1.904387714154455935e+01 -5.396344346355741450e-01
-2.522434088592718027e+01 7.519801918973722188e+00
-2.169340286814171037e+01 1.554390855547195693e+00
-2.779032781202149138e+01 1.491958797833004446e+01
-1.721004235090273937e+01 8.125988815553519373e+00
-1.701104050355666431e+01 1.372732909393172562e+01
-1.686063775284709365e+01 -6.575265560979963730e-01
-2.046618266772065908e+01 -1.866839370487474392e+00
-2.568127604869268055e+01 1.061624996198978765e-02
-1.802613227345180391e+01 6.895633139932894728e+00
-2.375494864022099861e+01 2.874696508148792073e+00
-7.760128055567927063e+00 -1.458208245698831895e+01
-2.467020668049824650e+01 5.769835874659164254e+00
-2.927201862024586632e+01 3.023452822447267874e+00
-1.790624803892953310e+01 4.708166302551832771e+00
-1.253788187628098427e+01 -4.998484228459983969e-01
-1.754180959970684128e+01 -1.636279811806990558e+00
-1.910503033934055850e+01 6.691314330093812046e+00
-2.345187457775375606e+01 4.071431018526268986e+00
-2.994963248298223490e+01 6.200908330931047097e+00
-1.972392215460121534e+01 5.899768148269919799e+00
-2.181168822472875846e+01 7.135109749473277141e+00
-2.842888224562634747e+01 1.667265091741221639e+01
-1.487583819921860950e+01 2.054188345561808759e+01
-1.206359728647737306e+01 1.643233388153088015e+01
-1.710473870109292704e+01 4.289921520018604717e-01
-2.664789523638379620e+01 1.131872557876233287e+01
-2.821076724390072599e+01 1.602137296030517533e+01
-3.127842299953027450e+01 1.018021528350331728e+01
-1.977807796388687933e+01 -2.400196590875895541e+00
-2.388751603028114801e+01 6.310250500813862296e+00
-1.305762783898743784e+01 -1.075177778465975231e-01
-2.834403106664754191e+01 -5.743709449730606265e-01
-7.841026081750459120e+00 5.971121266646332693e+00
-1.714344626427069684e+01 7.136125209458069385e+00
-1.759118959274467286e+01 3.870755023762149971e+00
-2.754132298349224328e+01 1.671384619026750329e+01
-3.110061982917847345e+01 7.195407629874465805e+00
-2.552228997291694768e+01 -1.642917199085242030e+00
-1.249656234006682709e+01 -2.574831976024361424e+00
-1.687252307425049125e+01 5.749078714602922524e+00
-1.890761468017199576e+01 7.281246111903286966e+00
-1.824771859033399224e+01 1.643024996866645215e-01
-2.198365937940284454e+01 1.536671220697044227e+01
-2.553389995679458124e+01 -4.307498628067247814e+00
-2.616152764384327867e+01 6.752381307613089412e+00
-2.003368556310380910e+01 1.352123081535711702e+00
-2.306680932299569164e+01 -2.483740098287936071e+00
-2.302449516575114075e+01 -1.332035931948084562e+00
-1.975404656178509555e+01 1.853661724371270836e+01
-2.367475134033102080e+01 3.733306386313441028e+00
-2.644314954584405442e+01 1.160753992444358396e+01
-1.972825410291827808e+01 -4.962694054189032755e+00
-2.534428115190877406e+01 1.463202451611370059e+01
-2.542408493069144271e+01 3.574817821271718987e+00
-1.997480767720584538e+01 7.422509642061974056e+00
-2.486803416273318490e+01 5.943779914972237677e+00
-2.813049549742529010e+01 1.557727377855171902e+01
-1.575204694765577429e+01 -4.017679066898853790e+00
-1.504851737239612675e+01 3.247305277463085282e+00
-2.054840532927569186e+01 -2.731284408599728764e+00
-1.813194632476028190e+01 3.144818788052226588e-01
-1.730170615532824030e+01 1.720702879324193901e+01
-1.147603121085586508e+01 4.837477830148957381e+00
-1.901628665312690458e+01 -8.363918242130743419e-01
-2.802208049909430798e+01 1.506469110802631839e+01
-2.797916544066978517e+01 1.183471345237328265e+01
-2.146738760959950199e+01 1.575715958112367154e+01
-1.714063796752230573e+01 -6.487596478395208921e-01
3.735534236702383737e+01 1.243275637054455451e+01
-8.329463571839340830e+00 1.136973223610241490e+01
-1.569820145368485242e+01 5.042420842783650770e+00
-2.906657655044437405e+01 7.970103004219512677e+00
-2.578661378094806977e+01 1.600437812362318368e+01
-2.774192668377317972e+01 7.809766585056918675e-01
-2.719399338453440151e+01 1.325366880246205081e+00
-2.814869230847089199e+01 -3.616931943315940146e+00
-2.293071188100620361e+01 7.010400422588380920e+00
-1.957952897268805259e+01 1.841848641105355000e+01
-1.333429548474050286e+01 1.498336262364858396e+00
-2.089042740123746000e+01 5.579600678099706279e+00
-1.967244665976752316e+01 4.605308505335279357e+00
-2.768063273248568379e+01 1.502004331256517489e+01
-1.712872089686159072e+01 -2.844839547879269293e-01
-2.378700037772363984e+01 1.736002767738649366e+00
-2.329196471230621057e+01 -1.652054915270096958e-01
-1.556660777935059592e+01 7.881278401964888936e+00
-2.575663666465909785e+01 1.597761166810534839e+01
-2.366329579053157062e+01 -2.416517106989888752e+00
-1.896076721769249218e+01 -7.096261921245835547e-01
-1.029374306458083765e+01 7.402189499702358511e+00
1.763334456090353797e+01 1.253280698608785881e+00
2.988151201877116137e+01 1.604766429235540315e+01
2.779896333709194867e+00 -7.725549711216413762e+00
-2.823022282553123219e+01 5.733968020693689382e+00
1.098600195419446379e+01 4.372380517015233892e+00
5.337020260466166732e+00 5.305325209191920521e+00
6.046685537911189456e+00 -7.581736402146209919e+00
-2.281152060508579993e-01 -8.841362581516975183e+00
4.110630588851828193e+00 -4.240332782360447972e+00
5.619212626486429940e+00 -7.268010880639095284e-01
-2.669834378857696677e+01 6.301238518798048638e+00
3.541469006310579370e+00 -7.413874564969246350e+00
3.266783227864500105e+01 1.681820615641308692e+01
9.424678834551192708e+00 -7.623185798823437054e+00
-1.570864758889542756e+01 -3.718791086793843625e+00
-2.607904383892509337e+00 -6.188664519479184278e+00
4.154147974692943279e+01 1.392281703790990832e+01
4.498272536191859849e+00 -9.955366440099787440e+00
1.608037196139316549e+01 -7.652515102863133301e+00
7.636460211775427664e-01 -7.703351883294238256e+00
6.300745080894722072e+00 -1.694674957279703520e+01
6.896397352219778121e+00 -1.701537741642530355e+00
-1.774929731632097329e+00 -3.869673490076494193e+00
1.083445329150742786e+01 -1.603402352107859841e+01
-2.771806776065751521e+01 1.870713653250991371e+01
-2.503749598269671850e+01 6.764960646364637231e-02
-2.382339073278690833e+01 -1.374412731331784210e+00
9.742230496669499473e+00 -5.953998303211442078e+00
5.405137561513682076e-01 -9.305452420014026060e+00
2.863093273383506343e+01 1.529580871340443871e+01
1.892344712026450715e+00 -4.302772733128013449e+00
9.886876300381651106e+00 -1.766095093329236976e+00
7.888142184973835569e+00 4.052597620198349126e+00
5.440313045300119832e+00 6.375663064861664786e+00
1.367733240675218731e+00 2.820801608670797656e-01
-2.723520984322443539e+01 4.837377867956840660e+00
-1.351399687851490006e-01 -1.097296440260331707e+01
4.113872220199782603e+00 -6.187692362319784145e+00
3.372272127419747534e+01 1.702370954597391872e+01
6.605194313220401625e+00 4.527852182860075736e+00
3.669407293529538983e+00 -1.354393298827516823e+01
-1.769485852852368923e+00 7.009664252781996341e-01
-1.972146223146063448e+01 1.056869689428931203e+01
-4.750933388662369694e+00 -1.233916907276022545e+00
1.918257484856318840e+01 -5.462253527647968454e+00
-7.445454891659167851e-01 -8.066786817838268675e+00
1.455646748271060531e+01 -6.605170943782425752e+00
5.596004242566531062e+00 -2.648241000105123089e+00
-2.707461155911635586e+01 -3.679142838959465145e+00
7.742556016318239642e+00 -1.297281005887887417e+01
-3.399800847802193271e+00 -7.630088813790719904e+00
-5.798848139581258110e+00 -4.735749691653296622e+00
-3.031397208272520771e+01 3.967509541458737576e+00
9.168306218434747024e+00 6.933751249552784657e+00
3.869747916453551539e+00 -1.632132289515617896e-01
1.750099865047061698e+01 1.283562452967679457e+00
1.506214491724848692e+01 -7.934965365903168255e+00
-2.137757514454913732e+01 -5.297739487613742249e+00
-4.464524507744753734e+00 3.431465058377669575e-01
-2.548904408526102117e+00 2.101800543760006690e+00
-2.749850863492295971e+01 -2.935104202105981663e+00
4.423618198892349085e+00 -1.472307806253381202e+01
1.738227009279593283e+00 -1.035131074241357219e+01
-2.319667252028452609e+01 -7.155068790200217244e+00
-2.467318794020772543e+01 -5.932995068810265060e+00
5.519644855353529778e+00 -9.345532202175764525e+00
-2.440723775059774781e+01 -1.802020078475366383e+00
-2.078246299905959660e+00 4.858799473623291121e+00
3.948655667326034013e+00 -1.036214470651590602e+01
4.867224571322397164e-01 5.648988332841045512e+00
-2.731329353207882349e+01 5.844749893453413669e+00
3.131722472625353859e+00 7.126124972655626388e-01
-3.166615632269770497e+00 -1.873721269487017782e+00
4.177209529519276821e+00 -5.312852928515649609e+00
1.258696434738814496e+01 7.848997770831148912e+00
-1.113685461284249723e+00 1.718514583643079296e-01
1.684808952979881314e+00 -8.594839376750107007e+00
3.702656516540016707e+00 -1.458588963228418578e+01
4.145139769171352384e+01 1.320104128739350635e+01
1.378833193831234460e+01 3.186990545699978306e+00
-2.916036039763402954e+01 4.187760870330362373e+00
1.472837281549171040e+00 -8.661116453231025858e+00
-2.903094714741743232e+01 7.694735644112889794e+00
2.655660446741422120e+01 2.290948886481472968e+01
-2.856503270833444930e+01 6.093272592146325550e+00
1.443350106452615478e+01 -8.829728599895313224e+00
-1.295143650510214428e+01 1.092771375608217177e+01
2.591871349768610777e+00 -6.935611644875325332e+00
4.878603673067511082e+00 1.000109705435616725e+00
7.424133060274236584e+00 -9.761392774479741519e+00
1.394381807486252356e+01 -7.517343152330973055e+00
2.711089565484588704e+01 1.267551232815805484e+01
2.744997476136530068e+01 1.263376475628362172e+01
6.328114875463753286e+00 -7.209520874230205045e+00
3.416059198280944287e+01 1.511469233760397657e+01
3.119730882373507086e+01 1.737603770455982399e+01
1.739119394564909271e+01 -5.174344460635541765e+00
-3.112065831100021640e+01 -2.119006426094432793e+00
-1.608643421642646132e+01 -3.078272523529531401e+00
1.130058146943995290e+01 3.781455549540705618e+00
8.506908488638920574e+00 6.205887614077044923e+00
-3.214355761131906686e+00 1.829587055735637957e+00
9.898256845577808605e+00 -2.366094314028572843e+00
9.991255763508220866e+00 -1.804440197248418531e+00
2.556958078745520613e+00 -8.725620619384141463e+00
1.313386723808479140e+01 -1.432397868353619330e+01
-3.053207899505893153e+01 3.097051294823240930e+00
-1.126536010992823300e+01 -4.397712929302063145e+00
1.813653478065439417e+00 -4.494625026122508693e+00
-1.965467443533622349e+00 1.195755477530551758e+01
7.634979649531318913e+00 -8.441943595854398907e+00
-2.935262272693744379e+01 6.759530537494159219e+00
1.246691839264722113e+01 -1.311452390358407438e+00
-1.330228291925113204e+01 -4.338444989900247073e+00
-2.264901076904852761e+00 -1.011766567832945185e+01
-4.586147741391241039e-01 -1.696425096208216576e+00
-1.687951148151884739e+00 5.876133140031549296e+00
-3.040934660064456097e+01 3.288771504481087682e+00
4.531354196203564833e+00 1.071699187968852662e+01
3.942246697358393615e+00 -3.261424412301525244e+00
6.819600061716760031e+00 4.757256553777329811e-01
1.235944823997038888e+01 -4.927696927491161283e+00
1.220096454228797889e+01 -6.919904495707172920e+00
1.084764080346956483e+01 -6.715974266870777143e+00
8.046852451913615312e+00 1.903386782382384901e+00
5.141896639496915000e+00 -6.982437208940853957e+00
-1.854430375576003343e+01 -3.488242720714683998e+00
3.743897045978976479e+01 1.291777309978992072e+01
-1.718554381280523202e+01 1.104248032001522084e+01
-1.737277466343405186e+00 -8.165916420156984046e+00
1.090535810641088865e+01 -5.473493392514173550e+00
8.809916265120630641e+00 -9.205356930226974654e+00
1.424293333398563810e+01 -5.060759692776358065e+00
4.111023120494426975e-01 5.300805416171064266e+00
-1.952500569896329807e+00 -9.908610852124988710e+00
9.322139899930107276e+00 -1.460620776818986322e+01
1.655729951664167032e+00 -7.128500175469562272e+00
1.375820710867838237e+01 4.153326516062298523e+00
2.660534591733794585e+01 1.272680266505766689e+01
-4.404635296572163017e-01 -9.326869342021021581e+00
1.242327212972422146e+01 -1.049067261700910692e+01
3.172722772192573260e+01 1.583702056896908239e+01
1.035406465626167005e+01 -1.141263123619659581e+01
-9.118034112414302728e-01 -6.815736308622281081e-01
-3.018681991810890963e+01 -6.023843041125675341e-02
6.264896564110387089e+00 -4.911418884295636111e+00
-2.407440555210222932e+00 1.022851607589988499e+00
4.998709543769999541e+00 -9.060479961739426713e+00
6.496932627195766585e+00 -5.911837894937556293e+00
-1.610868541554382194e+00 6.030681845186614431e+00
8.719275762054321532e+00 7.357311479347830918e+00
-1.941395625314427775e+01 1.089494039712319662e+01
2.015428127109873291e+00 -1.599679018548750697e+01
3.236798676036387690e+01 1.848468792756034773e+01
4.457164474878262617e+00 -6.380189118083290367e-01
-2.710266743117784483e+00 2.150882851762595749e+00
1.407657948821786853e+01 -1.001451786212607331e+01
-2.551323412863446549e+01 -3.322591102760441117e+00
2.268134844055663635e+01 1.789264555276202273e+01
6.792492687602986301e+00 -1.157018947615024551e+01
7.851177797277061998e+00 4.006400724910563760e+00
2.633913279830291287e+01 1.280308587158368816e+01
-4.122134709673157538e+00 -1.161076191525953227e+01
9.759399703301223639e+00 -5.985961492767746250e+00
4.833318119045414640e+00 -6.177180683229750890e+00
4.898474072797504242e+00 -8.401217006153935074e+00
3.178273678600686480e+01 1.671315742159269746e+01
1.705184879098978712e+01 1.311915349853616686e+00
4.281559617605725343e+00 -4.764304910990030395e-01
9.287411076783829600e+00 -8.591302759610012885e+00
1.256998043603921467e+01 -1.094093738191439691e+01
1.283448148932753696e+01 -1.388364305454270387e+01
-1.105457331773118224e+00 -9.507197901700092046e+00
-1.447435259984410116e+01 -5.341300905128017362e+00
1.184862159186941266e+00 -1.329662755329561907e+00
4.056901791167292437e+00 -1.277159467703397411e+01
8.513125333985508192e+00 -4.140463591265134191e+00
1.137443998598163475e+01 -8.621653128572546620e+00
2.980038587939776384e+00 3.830973553048845570e+00
5.990756680710817683e+00 -5.828099167892355936e+00
1.411457496187273897e+01 -1.392964074211515424e+01
-3.275604365150722952e+00 -2.605389564925459922e+00
8.606353334834727642e-01 6.227292304204322448e+00
3.151881806402707653e+00 3.006720489590376452e-02
-4.063966387179556716e-01 -5.168832086472764153e+00
8.924601664397684431e+00 -1.218020223914599853e+01
1.428620146359854282e+01 -1.418097479086009649e+01
7.358407516676899185e-01 -5.565900713693423540e+00
8.900660097020848482e+00 -9.181044298729510444e+00
1.437475665956512749e+01 -8.812236619813553773e+00
-1.157581671013731572e+01 1.306222321604606762e+01
-1.634552311295434102e+00 -8.469282611175977138e+00
4.875771592685724798e+00 -1.321312597065397121e+01
2.558173536718902685e+00 -1.254696861352825898e+01
1.135548906022857096e+01 -8.251514983305877848e+00
3.200372286813549749e+01 1.794728687180547411e+01
-7.960433418025508745e-01 -9.944783506208180413e+00
8.773004292183562924e+00 6.063870085631146267e+00
6.101237156573550813e+00 -4.095410569896253961e+00
-3.035881296427658427e+01 3.064962010986918450e+00
3.277058329958060057e+01 1.688461691433519007e+01
-2.706056152133410464e+01 -4.596663189200619115e+00
-1.422633214056492434e+01 1.118765837100942484e+01
-5.800348459627534758e+00 -4.737958430655766051e+00
7.945829172405915131e+00 2.560017346275576422e+00
-1.850460026348748599e+01 -3.696325935781995753e+00
-2.720670513386740552e+01 8.361275210353197096e+00
2.906699016281304448e+00 -1.007580399040920005e+00
2.663242319843488914e+00 -1.713913635506149280e+00
-2.739979506714749213e+00 -9.412510191775815827e+00
1.384392307672898959e+01 3.372411879161609338e+00
7.999741147165256194e+00 5.244328853270148194e+00
-1.634280795971523315e+00 1.097320085350142271e+01
6.170313929294405142e+00 -5.472527703001557775e+00
1.502722521941385558e+01 -2.759109392336748012e+00
8.436989192941343418e+00 -1.683727008072769815e-01
7.148574027875648440e+00 -6.944911625585318049e+00
-1.712851695200455548e+00 1.536691336479903969e+00
2.107887491617216558e+00 4.243160963718735523e+00
-2.917277440825970913e+01 2.517788530307240258e+00
-4.226990598334124272e+00 1.387669026577709852e+00
3.291984725794661948e+00 2.136607601136129464e+00
-3.080544978166791736e+00 1.014147185989462852e+00
1.179123905527695015e+01 7.390870790909565891e+00
1.295329232298349620e+00 -1.925267065818021317e+00
-2.962310279089956566e+01 7.541896268448537555e+00
1.178661609023763240e-01 2.626346451599133491e+00
5.168925092468663607e+00 4.356301104201318886e+00
1.667160222498492317e+01 -4.376049606258112235e+00
1.649546305293550930e+01 -1.338507167865959602e+01
2.912146589339486447e+00 -1.099418057686868799e+01
9.850417823401730999e+00 6.758329119809475927e+00
6.647114436246939206e+00 -1.266515952572598636e+01
2.855102895630337922e+00 -6.933594332972009333e+00
-3.009457177906858050e+01 -2.239261374743438449e+00
1.042328364086457348e+01 9.635559659171290647e+00
-1.280095644598967519e+00 -2.125911430145020486e-01
2.585535963785348201e+01 1.255378663154571406e+01
-2.221191189776115138e+01 -5.753633679320124816e-01
-7.367298549623330084e-01 3.236125024344208345e+00
8.506923766988615299e+00 6.867118679998957198e+00
-1.848303793388469529e+01 1.144495904386069007e+01
-3.320424895034147283e+00 1.944227120861495850e+00
1.448827894185446041e+01 -3.111146604928399118e+00
1.257109922503314436e+01 7.245849339685100254e+00
2.905772592135872578e+00 -4.902787511300094714e+00
-3.595634755511453395e+00 1.376272093725286361e+00
1.488222960938032102e+01 6.265690737614382222e+00
9.598176671880576549e+00 -4.611062113071770163e+00
-5.240320333598971203e+00 1.092340434198453725e+00
-2.834240444937417536e+01 5.411981108111243444e+00
1.143465374018330394e+01 -1.100195709583891102e+01
-2.972912049272891721e+01 4.934612839397008344e+00
1.206094252681933021e+01 6.308609672205547803e+00
-1.901916407554722355e+01 1.151313725977287561e+01
-4.073079531905456907e-01 4.176906987952216932e-01
-2.852514325113193649e+01 7.652572097829675180e+00
9.710307717485314072e+00 6.900770989854360771e+00
-2.736192886372013078e+01 1.951100687278988222e+00
1.146497240004983986e+00 7.112528587077099340e-01
-2.323581401918848499e+01 -7.103776632861980467e+00
7.696218434178716095e+00 -1.208029886567250344e+01
1.651055664750634122e+01 -9.581125153099202763e+00
3.211304442131615389e+01 1.638836109277587738e+01
1.737041328476545488e+01 -2.696770290298602823e+00
1.220872310734192467e+01 5.430162955286298221e+00
4.193432654188877251e+01 1.258573397480685685e+01
3.296646488037680456e+01 1.780702417318400421e+01
1.727604201801250383e+01 -5.220759586278704845e+00
1.054254884458267583e+01 -1.339184962887854802e+01
1.018252391314334737e+01 -1.424790157605518992e+01
1.271247417622792675e+01 -1.173776525884088606e+01
7.933691218242605814e+00 -8.256049678944526349e+00
6.124535159670856821e+00 -1.379211441156812157e+01
8.544031575932354627e+00 5.211720091269247845e+00
-3.025937936799708439e+01 4.576514336272419214e+00
-2.770428741138340811e+01 7.831459113507410308e+00
1.087459991992351505e+01 -1.609658557158328662e+01
2.149663338152377201e-02 -1.137417229176454292e+01
9.864184946469000792e+00 -1.274854942727820095e+01
4.160442484046621203e+00 -6.428763392161959800e+00
1.117162303776478183e+01 4.142519556341157205e+00
9.829668649633058308e+00 -1.587654325279400869e+00
5.468537107380729623e+00 -9.143923858456835418e+00
7.511943725760929169e+00 -1.452140893184662218e+01
1.666612755816354152e+01 1.548684933770251737e+00
5.242802635770821951e+00 7.007722508136971840e+00
-2.502321102556927812e+01 8.508114291969597787e+00
-2.336538892155828862e+01 -1.365723349822040689e+00
1.235595020219509621e+01 7.595068394517034527e+00
2.624563417953959199e+00 -6.009169225969429817e+00
1.235092456216255918e+01 -9.947565197789032254e+00
-9.971650201998515095e-02 -6.283470371128639265e+00
8.833341482330247629e+00 -3.951920075374917740e+00
5.499618072752696207e+00 5.353449885648539741e+00
2.024390783198308508e-01 -1.215809800887961245e+01
4.224078378773650222e+00 -1.493143411512392227e+01
-2.921378600555756933e+01 3.966302457566427631e+00
7.199353106712449879e+00 -1.074610323965202241e+01
1.318515419418956647e+01 -1.093277872041050891e+01
-5.213798772956213412e+00 1.095540069717601650e+00
3.221647608643169036e+01 1.816346570950468120e+01
8.159916524979161423e+00 -9.459099709768825193e+00
-4.783144226475787519e+00 8.957382582547943617e-01
-2.251031130168364314e+01 -5.961142369876850644e+00
4.878718419226174774e+00 -9.251279859825217500e+00
3.319760975397869629e+01 1.581781512030899073e+01
2.585009118884134338e+01 2.231896620183895052e+01
-2.350295517584172345e+01 -5.150144691612169368e+00
1.478857796345942965e+01 6.336135930112339665e+00
4.547911414054363277e+00 7.470886896105651154e+00
-2.921937167527676493e+01 4.158759388050884631e+00
2.625564662827353235e+00 3.842512916598550099e+00
7.419532313545784241e+00 -1.198472654161174944e+01
1.005328531450305185e+01 -1.437724182399796646e+01
4.549776627506852300e+00 1.070996941725517360e+01
-1.803338534534893256e+01 -5.874344627624386916e+00
-7.109035632599367549e-01 -8.593236035632363823e+00
-2.598279942862117764e+01 1.538671560557605789e+00
-2.607576041672930955e+01 -5.940208228374443955e+00
1.588723432776843136e+00 4.111687186551360895e+00
-2.977387093488109215e+01 8.417850185049863043e+00
1.735298689942200667e+01 -2.692217916347977358e+00
3.439689752710061388e+00 -8.150948251130948563e+00
-3.205625170176152494e+01 8.256438295441336450e+00
6.201752093184298431e-01 -1.053907802194733101e+01
8.507398436905685202e+00 -2.300542981556516153e+00
-5.126175884661670956e+00 3.852099654001624796e+00
3.118952568077846621e+01 1.738943144138021779e+01
4.194546024806626860e+01 1.259717641061584281e+01
4.072184252923450209e+00 -1.198795884731078409e+01
-2.499609038450250864e+01 -1.949168204090490075e+00
-2.684829577427117897e+01 4.184159563762151812e+00
-2.659924805281411508e+01 -1.469036507655116397e+00
1.641990350691307166e+00 -3.557778988398551334e+00
-2.763902441962509471e+01 1.871001411396235525e+01
3.732429702569552887e+01 1.243504436271950375e+01
5.902555206442170466e+00 -5.004179057667366592e+00
5.363873155385113556e+00 6.674532582612439313e+00
-2.288216845897237839e+00 -3.287957064897029102e-01
1.326221775356601240e+00 -8.804454397757774942e+00
-2.430031850962089379e+01 7.299540622507869614e+00
-1.164257678349431835e+00 1.324085346222504400e+00
1.217943193815857938e+01 -7.560438982870996583e+00
3.736307689552046440e+01 1.302642118577038488e+01
4.187499788268133472e+01 1.396470680367994355e+01
2.882568168780363038e+01 1.556058113387378938e+01
4.176165757292960024e+01 1.269165396519964517e+01
-2.679577570038456713e+01 2.236781563675738216e+00
2.554017219488393664e+01 1.614962749689479438e+01
8.337299195540914809e+00 -3.560255939439841644e+00
1.736782267000984348e+01 1.245094852377488071e+00
1.204212897394689108e+01 -6.903868691456102269e+00
3.360996032430480795e+01 1.554355385670470469e+01
-1.497102719960472683e+01 -5.831382967878232293e+00
8.525930101889109380e+00 -4.029533603583944412e+00
5.976612736726083064e+00 -1.028275874316007865e+01
4.369139635327783822e+00 -1.105384545976683341e+01
8.113395102008905013e+00 -5.430999032915207358e+00
3.151568444979072936e+01 1.911377583612432574e+01
1.768685472804230230e+01 1.167633498597429487e+00
2.441285183878445508e+00 -1.032532570774192315e+01
9.969619711733619383e+00 -1.530905464825191187e+00
1.121087805740177323e+01 -8.546233790942924458e+00
-9.498822659099019905e-01 6.751067417253628911e+00
5.868099420039494252e-01 -1.063833040303432576e+01
1.154397440262246999e+00 2.199618274932433337e+00
5.386926185395072508e+00 5.313230819382679826e+00
8.619566680368729195e+00 -1.208191555929887606e+01
2.818119985453436271e+01 1.284237066528295124e+01
-3.066949978059073434e+00 -6.066033820836753243e+00
-2.937339669637135842e+01 4.751349389255168809e+00
8.817687396844350545e+00 6.065161107130237816e+00
1.194047615088159819e+00 -7.047185571189062969e+00
-1.296093004437352647e+00 -3.844917776471351356e+00
3.198244507139717641e+00 3.966922595449544175e+00
1.801888203316224235e+01 -8.517782929995188823e+00
2.650632312396847823e+00 -6.011915285862801994e+00
9.764543058601558911e+00 -1.097100383907393883e+01
-4.226678586336529264e+00 1.534441483301489662e+00
-1.911685580105073967e+01 1.197712980433198382e+01
1.556373711562946305e+01 -2.636053334211155619e+00
-6.463225593988569662e-01 3.356770113750160434e+00
1.283345249065037308e+01 -9.067261755148701141e+00
2.278067572897072068e+01 1.797267277200571556e+01
8.002455582709950832e+00 -9.681656873084602211e+00
4.150999614731075837e+01 1.407983014356885221e+01
-2.786282449624756197e+01 -1.646506388772883245e+00
-2.485485986442289530e+01 1.059907537433988356e+00
-2.796343336882814778e+00 8.949590811741827689e-01
2.652743599990952106e+01 2.282292872191123223e+01
-2.435101942518646112e+01 -5.294497698381534612e+00
5.906283833005293360e+00 -1.119866532591185759e+01
-1.754321773183921351e+01 -5.839745959726524660e+00
4.502842981727628313e+00 -1.485385919032991886e+01
6.870381553954815423e+00 4.754791017693629662e+00
1.759443934628323092e+01 1.217448663622532345e+00
6.942172562612308084e+00 -4.880969742843692671e+00
-2.799763771112489508e+01 4.943970528896485916e+00
2.703608369855369897e+00 -1.732010278545897952e+00
-5.471773894241296204e-02 8.669885659159741742e-01
-1.633092972240717256e-01 -2.805594802601237836e-01
9.622614076414814477e+00 -1.745766160660596356e+01
-3.391512487097454009e+00 -5.987065442235778079e+00
3.988410599282515179e+00 -9.150079548797407369e+00
2.740369186611980723e+01 1.276542320395309282e+01
3.718364582807570429e+01 1.260682643005737802e+01
-2.788194880021670485e+01 8.930873221047011867e+00
8.688233250785247108e+00 -1.495228141590432358e+01
-1.959837093801546137e+00 -1.019481767961680951e+01
4.568637255619184323e+00 -1.529007141011716753e+00
3.322072842480111632e+01 1.589511734490479178e+01
-3.684556213042224027e+00 -3.795526931272767968e+00
4.518254586764033576e+00 -1.544325246790601369e+01
-1.699331810544177701e+00 5.987076622033344897e+00
6.024507008313365830e+00 -1.055744727892796320e+01
1.344106402539604872e+01 -1.200823841160852190e+01
-1.486435404255490411e+01 -4.494793587519388289e+00
-1.246200605590277632e+01 -2.571176333109668644e+00
1.155143344390674010e+01 -1.182761991631068277e+01
5.749946159135454593e+00 -2.299565133765185010e+00
1.322673872706519838e+01 2.411958513750424693e+00
-2.246689296946443370e+00 -1.416958284361347298e+00
7.360486266738869077e+00 5.643142518922179107e+00
-6.164878574164796010e-01 3.363528371572863662e+00
1.080256850969983340e+01 -9.869031880991865791e+00
9.445812413545883857e+00 2.484683359501146604e+00
5.395432804194483012e+00 2.036541305718451156e+00
1.681766414994715930e+01 1.441484805954196924e+00
-7.266666637233033521e-01 -4.207280525221033685e+00
1.581983532662578007e+01 -1.107441731866703449e+01
-2.772304618575203250e+01 7.186946302780301998e+00
-2.458469458321720680e+01 -1.804709601816543829e+00
-3.836316564189081291e+00 -7.490824022085929013e-01
-4.488883447938659677e-01 -2.892837317119508533e+00
4.780363480385426023e+00 -1.049184303851006028e+01
7.214258503912170939e-01 4.582640685111848411e-01
-6.701071632807529266e-01 1.756942468823730508e+00
8.401073942494562630e+00 -1.074232422113073504e+01
2.919678898262005973e+01 1.654602677271573796e+01
9.421432297993385774e+00 -1.042223740729774484e+01
5.558716163716049818e-01 1.507369553993293421e+00
-9.926348222429539625e-01 -9.273482612361866328e-01
2.823361304232932412e+00 -9.376101824867520307e+00
1.281944014113263108e+01 -9.304408501280320820e+00
-1.108476525110888011e-01 -2.819809478587388174e+00
1.380664069765783708e+00 -6.020201611143441767e+00
-3.105629310150795064e+01 -2.009694550466546215e+00
6.406038831567749448e+00 4.334840157601091981e+00
2.260367826857115503e+01 1.785025464514404447e+01
-2.744908250758266632e+01 7.664334047608773126e+00
-3.903333554106835912e+00 -1.822679060989624844e+00
3.171211614139928514e+01 1.798098313982135110e+01
6.267198370507383487e+00 2.486565380953828175e+00
-2.265949581567686266e+01 -4.401353141841131134e+00
4.472593568910964379e+00 -8.831557740075059115e+00
2.584187403890261692e+01 1.379108135046333139e+01
4.521101886085501675e+00 1.075726747675385475e+01
4.261469591647673583e-01 -1.396322393843094112e+01
-3.531714247028306630e+01 -1.120937627821342764e+00
6.749413113700433620e+00 -9.083617053428660881e+00
9.123601010500484776e+00 4.793016352133268043e+00
2.284404806326308268e+00 -1.148325829903436102e+01
2.441465506174516076e+00 -4.819738024143121358e+00
2.596450738900790967e+01 2.237304472437796576e+01
-3.326520693538590479e+01 -1.003060610655074569e+00
7.832551556288482431e+00 -1.290834568422270223e+01
2.688397659211793211e+01 1.119438016553769444e+01
9.209730761648716069e+00 -7.890057915754723261e+00
5.051340353038556330e+00 -1.069892830188387478e+01
-1.944339521845750651e+00 -9.206944165653393242e+00
7.767310715649570874e+00 -1.725814507151554267e+01
6.803089488174728139e+00 3.687541094578279388e-01
-3.103717217749635537e+01 -2.045649596591650354e+00
1.214154551732993426e+01 -1.055256917372904901e+01
2.775983313146439535e+00 5.530550633222678591e+00
-1.257226427509969380e+00 -8.381141573769216535e+00
1.148492118971402576e+01 -5.069026916777557901e+00
1.217185565740739861e+01 5.958262094540644149e+00
5.022096781344457916e+00 -1.333445872187185621e+01
-1.693122549832855483e+01 1.064775695489466223e+01
4.555557786446895463e+00 -9.923042758057176727e+00
-1.664685101139738066e+01 -5.396258202372283819e+00
1.430995020543374574e+00 -1.145904642612549829e+01
-2.953473574818639946e+01 8.794723985468882788e+00
1.449774390776001631e+01 -1.164499528780625859e+01
-2.005293032929655883e-01 -4.466312132465390938e+00
1.845556714964108380e+01 -8.027090249429129187e+00
4.106808871872864586e+00 -1.463073989137286901e+01
9.091839269957080916e+00 4.667973333147643622e+00
3.365408303954421143e+00 3.821386797385637024e+00
1.358820502512963557e+01 -3.936439228801555057e+00
1.163071276888762817e+01 -1.246951889398095226e+01
3.327247654295413248e+00 7.157149153762738969e+00
1.411976648414728963e+01 6.975296765072565464e+00
6.461139907036216101e+00 2.726216674054107614e+00
6.961253786098922092e-01 -4.320961181806092788e-01
1.133014384029863153e-01 4.471357355429359082e+00
1.264116307852746246e+01 -3.264808557237524056e+00
7.461653444915453903e+00 -1.205400201765903034e+01
3.660488787396205534e+00 -1.447687266295743846e+01
-2.963718856425576575e+01 6.787774725408624477e+00
5.886276448931421434e+00 -7.768235500787029402e+00
4.358911805360232705e+00 -1.034471584640388642e+01
1.487162439753360843e+01 -5.757364363846853905e+00
4.210813495725467259e-01 -1.402194030342243103e+01
1.239409247217755272e+01 -1.331398302601499672e+01
1.106519642847827889e+01 -6.415602044430376516e+00
1.138699383910081586e+01 -1.090715705593821738e+01
1.045238759214430679e+01 9.606361010331223582e+00
4.825593116048658260e+00 7.318022104244617410e+00
7.887192154710762182e+00 -8.264876564320523755e+00
-2.247962645345126731e+01 -7.131882284145414808e+00
2.977886305043924153e+01 1.618111993671564264e+01
-2.774995611893737291e+01 7.837933003445053615e+00
1.756320594931370138e+01 -1.093008729972035731e+01
1.427003787028104398e+01 -1.329925938980502309e+01
-1.428869476666517979e+00 -1.152565443833916126e-01
4.151379572680270513e+01 1.396515167741407915e+01
-3.782503494006467459e+00 -8.863932144358609433e-01
-2.664033021088084041e+01 2.827786435401927756e-01
6.525207407506599999e+00 -1.525510117403714005e+01
-2.679259954498212792e+01 -2.653972148109735141e+00
6.224743171660569452e+00 -7.419325427239376936e+00
3.282664973997858482e+01 1.721657953193722790e+01
4.085832970278812759e+00 -7.048088203802152840e+00
5.109000810722381658e-01 -9.225643360726982323e+00
-3.405311922784825196e+00 -7.609905432284834959e+00
1.669669968704661400e+01 -5.484311641836457696e+00
2.890717993590203871e-01 -5.773047020864084722e+00
-1.038641073961444450e+00 -1.258772052600054714e+01
1.073478079744897951e+00 -9.448944705595190285e+00
1.125024617411587968e+01 1.146685187469314249e+00
4.458042555977088206e+00 -5.478841558123316524e+00
3.171547923272782121e+00 -1.980691948058756369e+00
-9.745407580934231651e-02 -3.289813059620663727e-01
1.192763698557854823e+01 -9.951694611957572434e+00
5.203737452153905707e+00 -1.218509456913554168e+01
1.297061183147102348e+01 -1.156693718130264514e+01
-1.464431982323351589e+00 -5.736731621916839607e+00
8.506724151363544095e+00 -3.007397526067288052e-01
4.742708359227899351e+00 -6.083913535901999126e+00
8.189524173345780866e+00 -6.651756410786427764e+00
2.730308530506025733e+01 1.170171933462600933e+01
5.680226253845997775e+00 -2.427186350139133086e+00
1.180168808526266133e+01 -2.159564083351175334e+00
-4.401027835387883336e+00 -8.959593374099076968e+00
-6.456677618002570895e-01 -7.378508735645323391e+00
1.317708296444835092e+01 -4.636314285892095377e+00
4.732662088869442840e+00 -1.138065772597371073e+01
9.045216060492712984e+00 -9.522635657987299496e+00
6.046637010825935299e+00 -3.773305648257923917e+00
-1.116717273962466228e+00 -1.264103776778467569e+01
-3.935414153499090073e+00 -1.160780680323248681e+01
3.738212963855360016e+01 1.285105281747323325e+01
1.341270988865662339e+01 -1.122795112501674808e+01
-1.968722667191769693e+00 4.360529298137200804e+00
2.227378943586960425e+00 -4.678676035846748960e+00
9.428174026392117213e+00 -1.051950460596264669e+01
6.395318370841396671e+01 3.211054505592380082e+01
1.402666189828895327e+01 -3.311444400069910365e+00
1.045962472623080730e+00 -7.707374355605393745e+00
-1.566237129841332099e+01 -2.036222281304015169e+01
-1.253476905947082187e+01 -2.084040340356675713e+01
-1.723188707209037673e+01 -2.036901312561359134e+01
-1.072003097532607541e+01 -2.670998727622317404e+01
-1.582339270884536653e+01 -2.332707907187432639e+01
-1.165856937353430034e+01 -1.958929869108971644e+01
-1.761933053261196491e+01 -2.583659756786798312e+01
-1.481121798867590833e+01 -3.458376664306824555e+00
-6.793399497380934626e+00 -2.150626187225431707e+01
-1.611045303946279716e+01 -2.709582041689247234e+01
-7.264757689704131494e+00 -2.854584573464877550e+01
-1.274716302559429693e+01 1.085063811877262019e+01
-2.090740714660189425e+01 -2.098298689512072457e+01
-2.715869590673949219e+01 2.909094425566934650e+00
-1.382094304652448002e+01 -2.270321729603395511e+01
-1.730416139785085150e+01 -2.400117190674320256e+01
-1.092904039048905496e+01 -2.556277165915467364e+01
-1.189369426103080762e+01 -1.900850296881181478e+01
-1.019612840447343594e+01 -2.181387230388585508e+01
-1.784636103789849670e+01 -2.575550468381364055e+01
-1.403929352390189500e+01 -2.464217385324461418e+01
-1.992057155081239728e+01 -2.259228642273230392e+01
-1.534729863549361184e+01 -2.848607134132182583e+00
-5.086240246884258909e+00 -2.270919828736366952e+01
-1.129050640641520076e+01 -4.475804823751430739e+00
-2.308610608222979010e+01 -2.226490325340677590e+00
-1.103515038991414343e+01 -1.937737891335534712e+01
-1.111994713477631613e+01 -2.444982572991703407e+01
-1.126344781482548107e+01 -2.658638393303414915e+01
-1.192284681192941598e+01 -2.207834839441404284e+01
-1.946605831299626033e+01 -2.571680555493731291e+01
-1.329313294869378659e+01 -2.306465087339342546e+01
-1.732139398037939060e+01 -2.397865103763835037e+01
-1.561661908003323518e+01 -2.929098098485038193e+01
-7.328003836223249579e+00 -2.710442933982909608e+01
-1.127132308710352149e+01 -4.417085749970188324e+00
-2.383857260987936755e+01 2.915440593884117249e+00
-2.011048758135200387e+01 -2.736502555604244691e+01
-1.232952356332796739e+01 -2.864110077469629445e+01
-1.130334279198572922e+01 -2.212176698345672676e+01
-1.627719546817827023e+01 -3.265392023590349524e+00
-4.754050570183535385e+00 -2.975030174552617979e+01
-1.450181442236018547e+01 -2.525704659755567505e+01
-1.200596042742453662e+01 -1.570137330243233009e+01
-1.599310490014318553e+01 -2.572965346942659792e+01
-1.794626894041407894e+01 -2.375309539507619405e+01
-1.203520368540588770e+01 -2.514462347780301954e+01
-1.962655070226073883e+00 1.193967388040308464e+01
-2.650700840128337177e+01 3.348770840871882815e+00
-1.553416807716349446e+01 -1.059749768251238011e+00
-1.502889112470717770e+01 -2.903284693577134234e+01
-1.475359457762082016e+01 -1.965054511764821044e+01
-1.104182888546835528e+01 -2.071050721622397361e+01
-1.515021145465577135e+01 -1.959079256164243077e+01
-1.636187085082031345e+01 -2.505324463174105887e+01
-1.250861647193379689e+01 -2.533585081412300255e+01
-1.961137118145201441e+01 -6.957152101303861080e+00
-1.809076249503056033e+01 -2.047166478291985214e+01
-1.563698112779470151e+01 -2.017005194701881265e+01
-1.847951870225480775e+01 -2.056018365710919582e+01
-1.205759395949917767e+01 -2.110287753287351364e+01
-1.284210515100664729e+01 -2.643425273053830082e+01
-1.651811869631974972e+01 -2.643059178203890625e+01
-4.223160485055062807e+00 -2.519474023588557188e+01
-7.763276433868493420e+00 -1.855375598260821945e+01
-2.156470705961428891e+01 -5.510094037522851096e+00
-1.663185462068882359e+01 -1.659675014376434277e+01
-1.437082025704325616e+01 -2.639193607779180439e+01
-2.525453324209609107e+01 -4.999055942760351479e-01
-1.078261722751608787e+01 -4.105711593076980748e+00
-1.105128536674730455e+01 -1.826115667222109451e+01
-7.062897164405638861e+00 -1.933961872246609914e+01
-1.782919688667882596e+01 -1.964418542843129956e+01
-1.312131347483321697e+01 -2.253040321674195923e+01
-1.679472536039984476e+01 -1.845131932446127720e+01
-2.282648874698628561e+01 8.871664813362389879e+00
-1.175943160455040015e+01 -2.704624519379341763e+01
-1.877556110385593158e+01 -9.457576733537512936e+00
-7.300913172581507737e+00 -2.528599077735392342e+01
-1.181748906880203442e+01 -2.482933080833618078e+01
-2.324325096012227121e+01 1.147768171853929076e+01
-6.146024162767049326e+00 -1.669445681053488073e+01
-1.719406644106177495e+01 -3.673476252570764267e+00
-1.851217974307762049e+01 -1.751909980545934786e+01
-1.851643586702567390e+01 -2.653632383577136977e+01
-1.523566984924255330e+01 -2.168967153244065926e+01
-2.115306985948161156e+01 -8.246946802343863681e+00
-1.039766061885255866e+01 -2.849893431764404639e+01
-2.181948823295340389e+01 -6.268792777406450689e+00
-1.952924886375551949e+01 -6.992642856345954172e+00
-1.594797530484912684e+01 -5.552678665522244650e+00
-2.166037642966941590e+01 -6.042883840148980390e+00
-1.276576048016494624e+01 -2.082255426848971780e+01
-1.784393905393598345e+01 -2.490188870573843616e+01
-2.159060334912553714e+01 -6.672843504694913719e+00
-2.909931255328226829e+00 -2.377140576367282421e+01
-9.462957094333255270e+00 -1.956424596505387825e+01
-9.755307648245182151e+00 -2.731876048671283996e+01
-1.480122106665106152e+01 -2.469791083655957209e+01
-1.479554245169864757e+01 -2.963100937770804322e+01
-1.296542207537470759e+01 -2.529392278539600269e+01
-1.424597766538941990e+01 -2.998271628084177465e+01
-8.096139419871247966e+00 -2.312197322062668192e+01
-1.202714923311175532e+01 -1.649108402516636218e+01
-1.035632061718736630e+01 -2.468841799592379260e+01
-1.901532044937294330e+01 -2.009396926177307563e+01
-1.521988847016029567e+01 -2.467439465740826421e+01
-1.303690380408922422e+01 -2.614251157217253763e+01
-1.006498014959214515e+01 -2.291035764343890690e+01
-1.429944573494245752e+01 -2.997409681940812121e+01
-4.000735065868282980e+00 -2.878522138270393071e+01
-5.914186866926312902e+00 -1.684740051055079491e+01
-4.896154363764070538e+00 -2.046438459260282272e+01
-1.013890637147925489e+01 -2.893194416894416676e+01
-2.097722512197896449e+01 -2.114037738690135271e+01
-1.701632076107104652e+01 -2.514040690914530884e+01
-1.725475350268913743e+01 -2.450504879096253319e+01
-1.812988150726049241e+01 -2.119721249462637402e+01
-1.525619838999481637e+01 -2.413558777239127906e+01
-1.069015009161739194e+01 -1.860475842071663166e+01
-1.929144464860753772e+01 -2.094658162636817167e+01
-2.318192223038776234e+01 1.020622831576891798e+01
-1.517698672511651736e+01 -1.806705886750862788e+01
-1.848571026147227059e+01 -1.756556948495132175e+01
-1.250169589971700290e+01 -1.503853098030441515e+01
-2.598342407508904728e+01 -3.523015998403339566e+00
-1.668775371549072517e+01 -2.726390209103647067e+01
-2.051953466781215596e+01 -2.068351637051438630e+01
-1.192603218998471526e+01 -1.519868522015396373e+01
-1.147661002200008262e+01 -1.804768455989666620e+01
-1.623107886462419813e+01 -2.231686296025139171e+01
-1.672968595641106049e+01 -4.929730214470589900e+00
-1.044344390663268030e+01 -2.034884927973777380e+01
-1.674549680734589430e+01 -4.025909436626899485e+00
3.748217277206473597e+01 1.311162871393042018e+01
-1.176738634008372486e+01 -2.851232637466922171e+01
-2.712866292359617759e+01 3.071513254498712264e+00
-1.553355864207283332e+01 -2.804487472486468747e+01
-1.572989231000531696e+01 -2.005762534812357245e+01
-1.405613225198721494e+01 -3.035119612960748015e+01
-1.863773976888093387e+01 -2.057848967244837368e+01
-2.387906354973950229e+01 8.797452007897316406e+00
-1.677472078797887178e+01 -2.493842403802782215e+01
-8.674699991377501362e+00 -2.054220751051145655e+01
-1.019460083391706817e+01 -1.573468373347990656e+01
-1.674092901587242110e+01 -3.032199546344828534e+01
-1.287499229926024924e+01 -1.574099954186140593e+01
-1.580841041951662440e+01 -2.408483461689358052e+01
-1.879332289228040409e+01 -2.505726082547371902e+01
-1.343302361866884809e+01 -2.746759381092465802e+01
-2.756164253326819136e+01 3.794052010744333181e+00
-1.134808413402358873e+01 -2.645715680501938749e+01
-1.185908474518452493e+01 -2.772246090373067773e+01
-1.063220762986055234e+01 -1.646671796869883053e+01
-1.513041038903494240e+01 -1.837855344903827515e+01
-1.665111298505485138e+01 -1.646658598346266444e+01
-1.586282152542875146e+01 -2.713022455800686572e+01
-1.084443174778330032e+01 -2.806665012703482986e+01
-7.738160223489644274e+00 -2.005897452470191666e+01
-1.469601566822307426e+01 -1.857667526380607370e+01
-7.615958131563389522e+00 -3.109196291754393471e+01
-9.602310811190655215e+00 -2.630900384028527839e+01
-1.677859450964246690e+01 -2.102445654174973555e+01
-1.604615420400454440e+01 -2.271789204855488720e+01
-1.538773219143294213e+01 -2.566782104594162206e+01
-1.515850776010687539e+01 -1.804358911370654184e+01
-4.808938725355778487e+00 -2.982279931208625356e+01
-1.103337068971892521e+01 -1.613373507265311346e+01
-1.526926206693154242e+01 -2.672915963824699759e+01
-1.740307704344779083e+01 -4.597299130259099975e+00
-1.761512315904449366e+01 -2.718767299612194677e+01
-1.081663611028016803e+01 -2.956893142743163949e+01
-1.230557929762216496e+01 -2.648401165692529347e+01
-2.096100444879129299e+01 -6.413534751894522934e+00
-1.506784766767552775e+01 -2.723033062836483253e+01
-9.862332112187928601e+00 -1.770994443933739504e+01
-1.746846050386414362e+01 -2.571450746572159218e+01
-8.898602612604879170e+00 -1.840756199576517815e+01
-2.630081571066514456e+01 4.697247329362787660e+00
-6.947782633232066019e+00 -2.476433928065552337e+01
-1.089098728511572389e+01 -1.448368677516760350e+01
-4.193073477291150652e+00 -2.516050830249587733e+01
-1.491808071070363440e+01 -1.975306729807265427e+01
-3.979339473120173221e+00 -2.875689260458200280e+01
-1.125058782248206768e+01 -2.998511555869157519e+01
-1.284784022776046442e+01 -2.484102771307523128e+01
-1.164926767714551659e+01 -2.844967026544255972e+01
-2.345449183378843827e+01 -6.048607393853890901e-01
-1.437001195479604831e+01 -2.264944311736477545e+01
-1.415270746688451808e+01 -1.332978556346039589e+01
-9.616234595915663874e+00 -2.399366692438182724e+01
-1.263595370156229691e+01 -2.478210267567406078e+01
-2.562910133571609705e+01 -4.655484785897009203e+00
-1.619500589205661312e+00 1.098643295318044721e+01
-1.120947631591961979e+01 -2.679447731435886837e+01
-1.231294664219939072e+01 -2.785765824177496697e+01
-1.725257158674730107e+01 -2.477409459547449444e+01
-9.850361596566225231e+00 -2.629889464370220864e+01
-1.630161830948918222e+01 -1.905485301111383123e+01
-8.458573658593392608e+00 -1.915354538898307979e+01
-5.266932201545230008e+00 -1.805820757969247126e+01
-1.100339093477596464e+01 -1.903382450348637533e+01
-1.742981315286160537e+01 -4.752636819193264195e+00
-2.363277719456145931e+01 8.761378199062804129e+00
-1.509868282953056529e+01 -2.764793578557198828e+01
-7.267230184778703084e+00 -2.853851304051841709e+01
-1.753760963524308281e+01 -2.149665693433802716e+01
-1.729459670452713738e+01 -2.239509875794099614e+01
-2.071023411973525086e+01 -7.294102535874986692e+00
-7.451539987500462203e+00 -1.991734228963971987e+01
-1.384374980174391645e+01 -2.345672827283126338e+01
-9.574646958230216498e+00 -1.806236847197820694e+01
-2.184600190938741804e+01 -6.430545077061402992e+00
-2.365087613117931298e+01 -1.018695922262828901e+00
-1.343584219155579440e+01 -1.653604267058616273e+01
-7.973940835204156308e+00 -1.670789990867387687e+01
-9.364995711075737361e+00 -2.820499213838365193e+01
-1.787350813250352033e+01 -2.960626175319119824e+01
-1.599135069307497581e+01 -2.322720982426885072e+01
-1.410387363649847359e+01 -1.336669125383260415e+01
-1.414178641470074993e+01 -2.565271539468756146e+01
-1.200115458906614663e+01 -2.802130112194570088e+01
-1.518316951396352188e+01 -2.286678392599154108e+01
-1.951652012562001914e+01 -1.987192706842013834e+01
-1.039399296257278138e+01 -2.840161022535717805e+01
-9.278108952647105667e+00 -1.825860731881489940e+01
-1.002696547475169808e+01 -2.928378556965573409e+01
-1.374098257868483586e+01 -2.031314761562800442e+01
-1.768303299658311900e+01 -2.944855301527892166e+01
-1.611694066108437440e+01 -2.037230275214725594e+01
-1.660319471462793217e+01 -2.445619616298018784e+01
-1.242154904314024400e+01 -2.569875883365880043e+01
-1.649932100521979805e+01 -2.641691309000635357e+01
-1.556732419303687109e+01 -1.720071771379338088e+01
-1.096027436884221018e+01 -1.449488323161398640e+01
-1.470882798749345355e+01 -2.373398559228900240e+01
-1.323623552846045293e+01 -1.875705784100149387e+01
-2.707662880654972426e+01 2.920495000726428980e+00
-5.087065015548304814e+00 -2.270746508135818331e+01
-1.325588102056651252e+01 -1.946498744293813488e+01
-9.552543955148411925e+00 -2.500822787630353261e+01
-1.542063528360335134e+01 -3.156026732291047310e+01
-1.423378346309240783e+01 -2.363325920195040553e+01
-1.649857584857715764e+01 -4.575562949290755910e+00
-2.278674575820479475e+01 8.889212979477520093e+00
3.734389216754237850e+01 1.251279496475019037e+01
-1.168982565819107933e+01 -2.365118745336843276e+01
-1.128490325736956557e+01 -1.713231662136520583e+01
-1.750199002564153616e+01 -1.942634991363942021e+01
-7.193381845933337182e+00 -2.553898949721068945e+01
-1.954478517109538060e+01 -2.240548671092339461e+01
-1.274126434235933836e+01 -1.584015085081322560e+01
-1.504965995912031396e+01 -2.953434496584509361e+01
-2.010362860854817413e+01 -2.734700120955444547e+01
-1.431036541215205204e+01 -1.982958583414524867e+01
-7.252783376650462799e+00 -2.532514545082588242e+01
-2.619015551385434648e+01 3.060137567080783771e+00
-7.615637453202642959e+00 -3.109957982558472978e+01
-1.002160237814180022e+01 -1.819553630774863962e+01
-9.444518429682350558e+00 -1.794107491162079171e+01
-1.268253306227951960e+01 -1.699877664775420172e+01
-1.698938858321339751e+01 -2.659129381516906321e+01
-1.122793556311643393e+01 -1.647467417368704901e+01
-1.562187848432967030e+01 -2.603912597302207033e+01
-1.615057961860888014e+01 -2.310508361442194669e+01
-1.596534588348068162e+01 -2.571418010667052201e+01
-1.600195639271830927e+01 -6.087481554047005972e+00
-8.304799313073651490e+00 -1.736428264938272648e+01
-1.777483220600836589e+01 -2.181161801131084488e+01
-1.454479719756039202e+01 -1.967160240876035004e+01
-1.282755176297087196e+01 -2.413981899951361854e+01
-1.671020436830270484e+01 -3.042652961757270802e+01
-2.624726285214202903e+01 -3.072159090849552410e+00
-1.257250294634735255e+01 -1.802902034286056576e+01
-1.934188187707394135e+01 -2.081577585143218556e+01
-1.749350053662708149e+01 -2.030331380904466698e+01
