-2.275274257371005859e+01 5.322006067946801977e+00
-3.051392075943098092e+01 4.815422744161523827e-01
-2.675178640215983705e+01 6.297743323972350815e+00
-3.779511690726061346e+01 9.415374797327216161e-01
-2.768469709425775704e+01 -1.296652759792023657e+00
-4.147736576223104521e+01 1.463567238013504834e+01
-2.347849317663703772e+01 -6.847978775728631007e+00
-3.472359857371567671e+01 9.911123328443910196e+00
-3.074235597631727401e+01 5.929309582453335281e+00
-2.308188159668523554e+01 5.750020012884185405e+00
-3.696266739650299371e+01 -4.954869417853732472e+00
-2.835185901206829584e+01 7.646110832343995689e+00
-3.706193321592878220e+01 1.531403380203014741e+01
-3.872617722403685292e+01 -5.414635218273467387e+00
-3.253645541103248462e+01 -4.082084615203278588e-01
-3.856610265293770823e+01 3.405308330111765702e+00
-3.764016863777083444e+01 2.774193541338195956e+00
-2.121689004160255010e+01 1.693065098040077743e+01
-1.984316331767058017e+01 7.488235472600279330e+00
-3.014621487259018906e+01 1.546772803091245763e+00
-3.501927792658105432e+01 2.608285052074251453e+01
-4.728799383505119636e+01 1.027475400970783603e+01
-3.855323872479939240e+01 7.446420779581107041e+00
-2.785214328493120206e+01 3.260080010011275675e+00
-1.848352188611813673e+01 7.445119352897177079e-01
-4.318052646127393501e+01 8.342518356028671533e+00
-4.122140013731851127e+01 1.679507859771775813e+01
1.622561137799558750e+01 8.019050411632537845e+00
-4.468066646961743515e+01 1.639924165702022307e+01
-4.326063300106220311e+01 1.223289801471473304e+01
-3.145076866476406963e+01 -1.895120170780118851e+00
-2.160364628947493770e+01 1.713348877955975524e+01
-3.928097678700088835e+01 6.502322864683194759e+00
-3.123199559266631553e+01 -4.469342732929085571e+00
-4.691308012902098312e+01 1.107895664421678994e+01
-3.475676453236666674e+01 2.101859228922272038e+01
-4.594519894549298300e+01 9.615647867443477992e+00
-4.614464100691937887e+01 1.396249149351981522e+01
-2.712058431475315601e+01 -7.443343294138252020e+00
-2.203142532013332300e+01 1.166309285001308638e+01
-3.316336928167054765e+01 -3.155551113498541671e+00
-3.283646778831771229e+01 1.201541667615902753e+00
-3.174400800925522148e+01 2.445606366949611399e+01
-4.125674716707106882e+01 2.276616435994872845e+01
-3.612503773979886290e+01 7.286949853573942093e+00
-4.023706249306545146e+01 2.129989997516689471e+01
1.584095219811336186e+01 8.527971248683197558e+00
-3.513770541413964565e+01 3.118272200500644686e+00
-3.279613427102031409e+01 2.657344445101155017e+01
-2.670873139188536527e+01 1.937884595885136463e+01
6.749240820257200291e+00 -9.318734624633975727e+00
-1.783961513798037402e+01 1.086443015207238005e+01
-4.609801542275933883e+01 1.081105007071685264e+01
-3.150236387815465733e+01 3.578871143467081239e+00
-2.933230879425496340e+01 6.377704794540029809e+00
-4.215146275769552631e+01 2.032880747428641044e+01
-4.226162671227483969e+01 1.380120634359296972e+01
-4.479289165618823887e+01 9.305444472014157142e+00
-3.095535923588339955e+01 1.260428223209311049e+01
-3.742632886304444639e+01 3.721287394577604823e-02
-2.908830224128955422e+01 4.796962823769881368e+00
-2.823830066940568173e+01 1.279026701280539635e+00
-3.385254055422016251e+01 4.353054271127142272e+00
-3.888613942681595859e+01 -1.814395874045809265e+01
-4.170401529664147233e+01 2.794031022279718002e+00
-3.265214149288109979e+01 2.927947253155882024e+01
-3.357783270088888372e+01 3.878159840242765721e+00
-3.651617296474160668e+01 4.397446520836681749e+00
-3.120958435794191388e+01 -5.039386745984174354e+00
-3.783893573349542550e+01 4.007838105957258534e+00
-4.361342863047517682e+01 1.225290320442609726e+01
-1.692092181155715380e+01 -1.200745198949186410e+01
-4.019074743207774958e+01 3.335606593375456952e-01
-3.669802949376595080e+01 2.808754123052815288e+01
4.391739551559978416e+00 -5.595373857669510897e+00
-3.944720133740580081e+01 -5.067929662117091283e+00
-3.732951669706967124e+01 1.719128759789199279e+01
-2.645300532277964223e+01 2.985403544997190295e+01
-3.847270115520547051e+01 -7.379927079971364101e+00
-3.233185452859822817e+01 -1.125034466078890105e+01
-2.457284628100524415e+01 8.198921246282658615e+00
-3.750127296041046066e+01 2.313796060346409433e+01
-3.395636474354832046e+01 3.768028383317949981e+00
-3.725854175564775517e+01 2.255288086639416711e+00
-3.078779778494304509e+01 4.729531366596069653e+00
-2.415932170103845067e+01 3.150404680238143129e+00
-2.746177595190884801e+01 -1.069488542595875380e+01
-3.460902440001264324e+01 2.150108591312068640e+01
-3.293774701855232934e+01 2.606668532547807615e+01
3.927993592475654339e+01 4.795994938705752553e+00
-2.723309736009237980e+01 2.212345775910195655e+00
-2.809794638258621902e+01 1.732186619170282071e+01
-3.745876630296151433e+01 9.800781518353431920e+00
-2.227766163358659668e+01 1.157695345974807211e+01
-3.140920213899197577e+01 1.944463190882754589e+01
-2.088448871239269877e+01 8.390665874766831678e+00
3.883737468112012436e+01 4.521917751929728446e+00
-4.623091290066486891e+01 1.108385312880044893e+01
-2.959909897602968343e+01 4.462075953081442670e+00
-3.736339833119072296e+01 2.314180953876032376e+01
-2.214737621673960533e+01 1.245707077557777609e+01
-3.357148022780869923e+01 2.726571113468208907e+01
-3.148826264709537170e+01 -1.870950291111193042e-01
2.565681064157492131e+01 8.222077295104408989e+00
-7.709686923256409585e+00 -1.291098132671774223e+01
-7.595730569041847957e+00 -1.260634545886316715e+01
-2.590529496496585793e+01 -8.632205694720056499e+00
-4.077518945572617071e+01 8.484584391487462796e+00
-1.939286071366278108e+01 -9.102159337503554326e+00
-9.009698818862965197e+00 -5.748453374463132981e+00
-3.427564100325525942e+01 -5.756976106921639413e+00
2.116928177121821264e+01 6.851898277298587914e+00
-2.185515483108127199e+01 2.682108022186412200e+00
-2.354853259662830922e+01 -2.450972278670905613e+00
-1.978270245447014020e+01 4.369193923286932346e+00
-3.994363000257715157e+01 1.090445375900699787e+01
-2.483634002619537640e+01 -1.844996165531454579e+01
-1.197132929649052890e+01 -1.685483458422636360e+01
-1.650181004992001377e+01 4.573535527502831322e+00
-4.060052442896045477e+01 1.047005187905016044e+01
-3.572020470070307852e+01 -7.776181109327660934e+00
2.993484731590827153e+01 1.010270839272075882e+01
-4.223206089970781818e+01 1.817330992601274176e+01
-2.410102372344725552e+01 -3.113407773255573119e+01
-3.537590255077828516e+01 2.241929416188349400e+00
-3.949631853832596562e+01 2.473877125034898317e+00
-2.516024079224566279e+01 -1.068466141257486690e+01
4.409171366520762803e+00 -1.451052072399390802e+01
-3.126033896565017756e+01 1.025588257864974295e+01
-2.702180444272323001e+01 -6.290377175669656040e+00
8.711140870812199566e+00 -1.208837497623381374e+01
-1.381636637276638346e+01 5.911412344312616973e+00
-1.404470255455717087e+01 -4.586850672111163263e+00
-1.035378036313689876e+01 -1.930140396182855866e+01
-1.889479346357900624e+01 -1.121731420869745577e+01
7.186416897875160359e+00 -1.453416181455455636e+01
-9.767508801228521165e+00 -1.603815680894859952e+01
-4.580756170950191830e+01 6.928802456563213141e+00
-2.810199840994314613e+01 -2.194745429422639660e+01
-1.431332591382169284e+01 -1.282889452976510292e+01
-3.569459269778721477e+01 5.317767008616936408e+00
2.242425477084770691e+01 5.788606105029453275e+00
-1.361712883344548963e+01 1.178195295451496349e+01
-2.127503002635376106e+01 -1.050469404451946964e+01
-1.136461232617581807e+01 -1.897276978476237730e+01
-3.234529350276953608e+01 3.347404445143403739e-01
-8.872880015910737939e+00 -3.377049487306246789e+01
-3.003153351685704742e+00 -2.142006581460156056e+01
-1.759160358442126437e+01 1.517847143340976812e+00
2.998815817842418241e+01 1.060126439086547201e+01
-2.076546479176488447e+01 -1.309318162738544800e+01
-1.072117135194301341e+01 -1.233048881542066155e+01
-1.466053403104150199e+01 -2.332215390338593508e+01
-1.733973666300478911e+01 5.194001978927950347e+00
-3.134145821919974750e+01 -2.847997903319933855e+01
-7.767139036563127874e+00 -2.114872606025268453e+01
2.403866590856628349e+01 7.283293747570785293e+00
-9.300377481164941784e+00 -1.859045257190176770e+01
-5.550975149925236884e+00 1.091446380687589013e+01
-2.328965943834181473e+01 -6.503391434899826962e+00
-1.370821480250600821e+01 1.020099156284240394e+01
-8.562171932422025122e+00 -2.033303151493237237e+01
-3.474307783603271815e+01 1.814028985820573681e+01
-3.883615101505823475e+01 8.130071322349342822e+00
-1.202042894950487728e+01 -2.540101389403213616e+01
-4.244943620760476932e+01 3.599887813885891408e+00
-3.507450805287803064e+01 -3.049991763140393530e+01
-2.537778559685010649e+01 -1.938772391699721709e+01
2.070244225505866709e+01 7.359707094098174807e+00
2.514949718689164015e+01 6.540317090164460723e+00
5.707633017180667068e+00 -1.337731889472126845e+01
-4.417981427187778820e+01 1.066196344687562991e+01
-1.203235151336710729e+01 -7.746147689129592173e+00
-1.599669095285666742e+01 -2.444123019378116268e+01
-2.195213822690753602e+01 -3.072842297736406891e+01
2.345398314139610463e+01 6.573411529309877821e+00
-2.277638759693082804e+01 -6.819736456538978864e+00
5.589335991581214635e+00 -1.380911885670593442e+01
-3.446114142014499038e+01 1.229380258897417377e+01
-3.078570483004038039e+01 -2.327595654175267370e+01
-1.222746392368245161e+01 -1.444056405565757828e+01
5.809778273142784499e+00 -7.014088276701961888e+00
-2.375847785539963297e+01 1.679984899781328256e-01
-3.606629074490365383e+01 1.686269095672290419e+01
-9.920544920471757067e+00 -5.413982095864499300e+00
-2.087792859893811581e+01 4.677041478882779657e+00
-1.638515448243894213e+01 3.349763353508582675e+00
2.215530138185784992e+01 5.214730775893556824e+00
2.619173126636771087e+01 7.623322197869232042e+00
-2.958528225482181995e+01 1.262903863788729808e+01
-2.068771173600206836e+01 -5.302318940807004832e-01
-1.899877849041394384e+01 -6.275398668217603948e+00
-4.387975329743733255e+01 5.071913801264012811e+00
-1.043243952113980910e+01 -2.185340761556954803e+01
-2.930672981058722115e+01 -4.586622059058767853e+00
-1.821651727258129227e+01 -6.209147791805134098e+00
-2.685946538670090789e+01 -1.298042420164771116e+01
-1.061569903628855371e+01 -2.376024864706817397e+01
-3.228119010979482084e+01 9.391892527930416179e+00
-3.383265886693443747e+01 1.667163329782908221e+01
-3.979101277777742496e+01 1.331340410597480783e+01
-3.845751626295636783e+01 -5.052657066626895954e+00
-4.248969263925170026e+01 1.596533073973858841e+01
2.036839183522017649e+00 -7.289602545121729449e+00
-2.027063061526732923e+01 -4.569897898583040075e+00
-1.825814269735064599e+01 3.578509515632840587e-01
-2.717724065087973706e+00 -2.005634699603040261e+01
-1.934392867782228009e+01 5.085124531189952890e+00
-1.177293214344032712e+01 -4.102308710184551011e+00
-7.474163877142777856e+00 -9.502128665809220109e+00
4.604601174044371525e+00 -1.051531332219672343e+01
-1.745699087889578038e+01 -7.213697819789391730e+00
-5.412598143386243343e+00 -1.805243924981844472e+01
-1.952275725206799706e+01 2.024400440605570672e+00
-6.627823752640500388e+00 -1.867854686337366843e+01
-1.561796765420618271e+01 -1.572807708784812242e+00
-9.338299148141834038e+00 1.815826029807359410e+00
-2.795454999304102728e+01 -1.630203309108075160e+01
6.045404438665200608e+00 -1.421843946957704219e+01
-1.996585978776104753e+01 1.636008719030266789e+01
-1.544783742437059715e+01 -1.602291804632723071e+01
-1.764469999372215625e+01 -2.934074310987328182e+00
1.446666529238596510e+01 7.157148115957942203e+00
-2.939069802234689988e+01 -3.912819868957055469e+00
-3.336444829240768684e+01 -2.238141300448491933e+01
-1.266990999069322577e+01 5.276021630534383000e+00
-3.308300556111069568e+01 -1.379351887636005358e+01
-3.558992432623017521e+01 1.139498447320152863e+01
-3.196181165302477822e+01 1.855962724881942094e+01
-1.784885140767135425e+01 -2.261901753330540998e+01
-3.929462667052047209e+01 4.231000853091007485e+00
-3.899962631316651596e+01 9.931523394144532446e+00
-2.558268192494099225e+01 -1.277615525005614217e+01
-2.162018509517885434e+01 -2.094720840320604083e+01
-2.592995307732474686e+01 -5.210047017920600432e+00
-5.516517517816960314e+00 -6.513695021503436600e+00
-2.160326085561678866e+01 -5.071269108359157229e+00
-2.155903187259732334e+01 -8.791106383314133410e+00
-1.451900968398288505e+01 2.074441026496377294e+00
-3.297935906720960730e+01 -1.978473588197918076e+01
-2.273449430189878484e+01 -1.968428270268038816e+01
-3.824839944105932688e+01 1.208952361421673238e+01
-1.876854027518278301e+01 -1.739493273333182088e+01
-2.498022632397209009e+01 -3.363917271435826528e+00
-2.323061115360785678e+01 -1.615971040717418106e+01
-2.565315260054158131e+01 4.374615342022444509e+00
-2.941674162718358332e+01 -1.566314077734406673e+00
-2.527705437266931909e+01 -4.940749171906276160e+00
-1.927171170062695893e+01 -1.473587787530005677e+01
2.261595998939681706e+01 8.467655971943258919e+00
-2.504587434582431626e+01 -9.858813768476286654e-01
-1.625015542308863203e+01 -3.808096938109120089e-01
-3.729315230314207419e+00 -1.322513962625833450e+01
-1.070613682977731074e+01 -8.587179227627286693e+00
2.984818296894741252e+01 1.065774613133978121e+01
-1.835334237505578514e+01 -3.287825571196242525e+00
3.955902103161644590e+01 5.816259459972683565e+00
-4.149182984729114310e+01 1.271618740941998205e+01
9.158959222514250209e-01 -1.936272157043258613e+00
-8.383960632865957052e+00 -5.887758690218941382e+00
-9.153836042195701239e+00 -1.438633204151081380e+01
-1.495019514956250628e+00 -8.711733229075685259e+00
-2.255859750821948850e+01 -1.014010455508026176e+01
1.705479795642323992e+01 8.447973423059147891e+00
-3.924766685188829030e+01 7.204018465648016623e+00
-2.157330664752866412e+01 -1.039649731748553307e+01
-7.372210709865659517e+00 -1.832257259432551777e+01
-4.087987582404523579e+01 8.399089671077224040e+00
-3.417992598023728590e+01 -8.552271433854897964e+00
-1.225066961267680554e+01 1.145080392887652732e+00
-3.343565231579328412e+01 1.797533493050995190e+01
-3.267846980571037108e+01 1.820403183966630678e+01
-1.327067657203703455e+01 -1.737168145842907663e+01
-1.503395121794899225e+01 -2.751682559425595187e+01
-3.769565972172966895e+01 1.378896900938559256e+01
-3.233635690918179506e+01 -1.564549748743375979e+01
-1.898277778259802062e+01 -2.549046393714457537e+01
-5.462986768199428411e+00 4.232246256729325751e+00
-4.257571519770390722e+01 5.396798999263990204e+00
-1.405914701846725023e+01 -1.235669757088708032e+01
-2.137624881908502417e+01 -4.014988807422393613e+00
-3.575734641083867871e+01 -7.566827732993119504e+00
3.859756899788278872e+01 5.669164966167638653e+00
3.807320372391773589e+01 5.455491779290952969e+00
-1.184635796853607737e+01 -2.253528202579821738e+01
-2.352645497678351560e+01 -1.155071389507847002e+01
-3.072994525329513849e+01 1.171185766883629142e+01
-4.410564222876867291e+01 1.911069145592080432e+01
-1.039134062480420617e+01 -1.119970610783155518e+00
-2.423510234731527291e+01 -9.116507323424746900e+00
-1.821543057934752241e+01 3.498937752678501489e+00
-2.728309282209113817e+01 -1.860583988111766018e+01
-2.890436596266800251e+01 -1.009341140991156927e+01
3.019501547615958614e+01 1.053024193915418572e+01
-3.808246863393631543e+01 1.678987871924858766e+01
-1.501545684602517738e+01 -9.670965395989615132e+00
-2.656023519500162067e+01 -1.610188535758453909e+01
-2.058099024600357296e+01 3.676879171065871699e+00
-3.455620532815692059e+01 1.931387828375845572e+01
-2.229108002850868786e+01 -4.745770273144198192e+00
-1.860919603806690859e+01 -7.290111549380502431e+00
-4.341050038955219037e+01 6.515413650291618453e+00
-3.430007220700503012e+01 1.563562463768144184e+01
-1.392185479039588358e+01 9.944031993578647644e+00
-3.061543515620874700e+01 -1.332125555121115035e+01
-2.113198052723226184e+01 -2.013636943112302902e+00
-5.516881071524195157e+00 -2.264451101126346444e+01
-3.688412610140567693e+01 1.118687720315114476e+01
-2.501354574298250100e+01 -6.913985648524478833e+00
-2.450158392325550238e+01 1.328535957835309533e+00
4.978024733777578703e+00 -9.985026350927087790e+00
-1.536438394193206491e+01 1.226905454718717481e+00
-1.567359012841363963e+01 -6.987704237709936095e+00
-2.054369078308110019e+01 -6.656597818683268386e+00
-2.158734578380456171e+01 -1.523100578358610946e+01
-2.167944284635280283e+01 1.370256675365300714e+00
-2.516871147182443735e+01 -4.452749409127200408e+00
2.440598845449266108e+01 5.205729351882106393e+00
-1.883270096318597453e+01 -1.791521872595068343e+00
-2.188980348832306078e+00 -5.067220882632676116e+00
-1.350991159754784832e+01 -5.750858474529325914e-02
-1.498171279283815771e+01 3.790028761296452053e+00
-1.990031628093096927e+01 -2.640450108489486247e+00
-3.941686010153593855e+01 1.925513696430309096e+01
-2.150265562401045827e+01 -2.767400623085653422e+01
-2.437789672246849193e+01 -2.835140294882013379e+01
-3.991852113923891920e+01 7.026734818126694648e+00
-3.867313363092603140e+01 2.092442430097820250e+01
-1.649947366037137186e+01 -1.922691674649792404e+01
-2.738679598560363715e+01 1.508265667696485579e+01
-1.669665236280043530e+01 -2.172907586808115354e+01
-1.789510303137846847e+01 -2.733403300014346371e+01
-3.677041678712569706e+01 -2.050419309166997994e+00
-2.892512127925592225e+01 -8.041314885725958206e+00
-2.413697594038925587e+01 8.623071282256079328e+00
-9.472566763751691710e+00 -1.806260424326951153e+01
-1.579613849765810585e+01 8.627647900451925977e+00
-2.697819749613599782e+01 4.943784105634913217e+00
-3.456238785142053160e+01 -1.878561614256248546e+01
-1.711147337099609800e+01 -1.481323523861100888e+01
-1.692457342739299264e+01 -4.524624150963408198e+00
-2.080702297016152258e+01 -5.174739853030279946e+00
-2.783045347857994045e+01 -6.043979585235606855e+00
-6.579382675606274766e+00 -2.522465504817106852e-01
-3.402170949782456688e+01 1.147635023815225708e+01
-1.982643469160882077e+01 -1.354256480601105928e+01
-8.388883288289498807e+00 -3.343968289561819685e+00
-3.874394249708768001e+01 2.137751552437294578e+01
-2.455865779648761205e+01 -3.217603586487345524e+01
-4.259404506075960484e+01 1.083544822035500665e+01
-3.513404931642659079e+01 1.258839350391049194e+01
-2.964710183179964531e+01 -2.326946911679397090e+01
-2.429842902656584869e+01 -2.367735160445498366e+01
-1.794532485493608576e+01 -1.999164111633663410e+01
-2.609019561348277705e+01 -1.963759430113745097e+01
-3.190721860900191231e+01 -2.730229906056187161e+01
-9.092241546968157451e+00 -2.277703884548083124e+01
-3.378084541855183431e+01 -2.444056993202329764e+01
-2.813705082150615056e+01 -3.146553150765415552e+01
1.298652124352221549e+00 -1.887335181559609865e+01
-2.431014688457510431e+01 -1.451363274267876946e+01
-2.771176424551555328e+01 -1.857581353113456757e+01
-3.440227132317638592e+01 -1.703669813555272938e+01
-3.053519951490667950e+01 -2.415282424701858943e+01
-3.095096978444172464e+01 -2.426285912141585399e+01
-4.111948449386676430e+01 1.382001926852726292e+01
-2.976447471349885632e+01 -1.695396028330665672e+01
-2.802463796764022064e+01 -2.760392747079393061e+01
-2.412945257586195424e+01 -2.706509743744602403e+01
-9.392725237030514762e+00 -3.395165233149613471e+01
-3.283435771991346286e+01 -2.028665374539539457e+01
-2.419798489665500796e+01 -2.666204148463691226e+01
-3.398228387522997451e+01 8.587107176515623053e+00
-3.406520572557617044e+01 -2.392835102369999234e+01
-3.229384570675613020e+01 1.265587002285531426e+01
-3.614914002962868977e+01 1.067808406754556039e+01
3.886784050489344366e+01 6.699226190717840090e+00
-1.983452106860976372e+01 -2.899698979242594987e+01
-1.902836316665297645e+01 -4.271883045443389193e+01
3.815103898523440762e+01 6.505360299495925425e+00
-3.152447319907169998e+01 -3.404254062564275074e+01
-3.557945200961790277e+01 -2.232200203991742882e+01
-2.659583208294520063e+01 -2.782107559390523122e+01
-3.628895222952069588e+01 -1.889892216611832865e+01
-2.625404156112245957e+01 -3.026450386968647877e+01
-2.840605645874253682e+01 -2.419434730997581084e+01
-2.511045901683474924e+01 -2.406014633599689390e+01
-3.476115214515552054e+01 1.671617445993491202e+01
-2.825877064080796686e+01 -1.259864100678304411e+01
-2.468805059462789941e+01 -3.534168567724544374e+01
-2.757155506342555640e+01 -2.767682899955050857e+01
-9.396124031662196785e+00 -1.015916925045660690e+01
8.618941189059098562e+00 -1.476924903874321693e+01
-4.402011455024841524e+01 1.607005128682533979e+01
-2.520423674186599072e+01 -3.509440621738916377e+01
-3.181904326627704194e+01 1.636184165277724389e+01
-2.254338446820763764e+01 -2.514250488527539318e+01
-3.895988019180659734e+01 -1.914538105799072909e+01
-2.282353311389680428e+01 -1.825066877902667173e+01
-3.031424724876461241e+01 -2.553039821722142477e+01
-3.074601637720388325e+01 1.724201621998690825e+01
-3.624123493949442576e+01 1.409608655451261683e+01
-3.518978409607036895e+01 -1.596045485517537976e+01
7.864062314991936198e+00 -1.466381936489619875e+01
-3.866616152867268141e+01 1.380366033356864541e+01
-2.556121214919973994e+01 -1.873200818454385086e+01
-2.672333197030020457e+01 -2.351243131298601696e+01
-3.581755805703968321e+01 1.394887791547075295e+01
-2.932920990301883890e+01 -1.798729698062509641e+01
-2.828360040759716298e+01 1.200545686694817960e+01
-8.094324320121813798e+00 -2.461075072113411366e+01
-3.405622241781492932e+01 -2.603567810610160294e+01
-2.415236426940474601e+01 -2.203933613402749359e+01
-3.253594571046598105e+01 -3.451570063286291656e+01
-2.645522582283797774e+01 1.079454081610947114e+01
-2.700442330842269456e+01 -2.096287354602270625e+01
-2.791937759046376044e+01 -2.478033568141615461e+01
-2.094921312065976338e+01 -2.384456197528703569e+01
-2.064617958646216422e+01 -2.377223598890659773e+01
-7.872844828787574301e+00 -2.231727973134750798e+01
-3.045186471460039357e+01 -2.204530997569807127e+01
-2.108123947514717145e+01 -2.171873146949487676e+01
-7.132711559083461772e+00 -2.301713241074389771e+01
-1.896179980923114172e+01 -3.616014485032786752e+01
-3.045095556865961584e+01 -1.673614747266004699e+01
-2.474601944898812533e+01 -1.500088344615648950e+01
-2.998617998535270601e+01 -1.021592954752398796e+01
-3.401251715051241575e+01 -2.964792782273068283e+01
-2.904279974185967816e+01 1.362967953284128875e+01
-1.681537798482133894e+01 -9.513964753840815192e+00
-3.514440562966718318e+01 -2.162872020475928991e+01
-1.553289997951086754e+01 -2.975741913917880765e+01
-2.082023894614443904e+01 -1.680727347382256198e+01
-3.947121488276393109e+01 1.089967001024286475e+01
-3.046235891438080401e+01 -2.822783374440384208e+01
-3.256635336959627125e+01 -2.610368165988106881e+01
-3.974793541673604125e+01 1.077397507121476039e+01
-3.036046513079414311e+01 -1.613297673339554450e+01
-2.938961218410861420e+01 -3.195846272746948458e+01
-1.994451068202280197e+01 -2.203551402359308398e+01
1.951328701885083561e+01 8.090904099196180255e+00
-3.451297273040325564e+01 8.139690996281681024e+00
-1.749802705252925250e+01 -3.596090721254182654e+01
-2.738017682125004271e+01 -2.859858229385950068e+01
-2.642470625087786473e+01 -3.018235031865962092e+00
-2.846055102893400601e+01 -2.718777709620631811e+01
-3.154761763487089610e+01 -1.949959021187435582e+01
-3.004870719588260286e+01 -1.865267057367736570e+01
-2.424548044544776815e+01 -2.589850701424567347e+01
-2.911798832632760536e+01 -2.238307651053896663e+01
-1.727687854712805660e+01 -1.704556096008249000e+01
-3.520262753846711234e+01 5.280919046561017183e+00
-2.686031116933819618e+01 -1.600152349310144828e+01
-3.450467611892434405e+01 -2.450530883348631761e+01
-3.885316954146263413e+01 1.622029338232564655e+01
-2.475572185721163265e+01 -1.751691711294285980e+01
-2.068130619056759656e+01 -1.977345885763330458e+01
-3.315001594066605861e+01 -2.812852629820887884e+01
-3.048832232072334847e+01 1.067741272027297583e+01
-3.178026589570772842e+01 1.411238802678056281e+01
-2.928124718654805037e+01 -1.490149759022407849e+01
-8.429338114454548503e+00 -2.781880178767516476e+00
-2.960035203388838809e+01 -3.268973899388857518e+01
-2.275569875205797743e+01 -2.351083002586664250e+01
-4.365166918150629272e+01 1.478057620103770020e+01
-3.095088087561129697e+01 -2.437152175624149564e+01
-1.748825587350451016e+01 -4.091294961512214456e+01
-3.419498812345545247e+01 -2.764282092482444142e+01
-2.505684717324333022e+01 -2.184899122053070997e+01
-2.936782062887872868e+01 -2.554902638127348879e+01
-2.975664198022820983e+01 -2.971277153090657208e+01
-2.974851988803714420e+01 -1.698798039983726937e+01
-8.806810655506849272e+00 -2.341178574127728496e+01
