-3.865092170179689646e+01 -1.098507074973172450e+02
1.160443184570035129e+02 -5.451596693159252993e+01
1.141708213956817559e+02 4.148399599379119707e+01
-1.015929675373988772e+02 -1.185038394073800561e+02
-9.693981694209418265e+01 1.269977788925040407e+01
9.101724723637794057e+01 1.201970884434866527e+01
-5.348225688716193305e-02 -1.621091947885908979e+01
1.518932839093198197e+02 2.457035391051934781e+01
1.639990776947689355e+01 6.781570309876109093e+01
5.881722746968452498e+01 4.559078816711938487e+00
9.162188083819772544e+01 -3.236916834980259949e+01
-1.478228381528537483e+01 -7.639841409044863951e+01
-3.550370267585810069e+01 4.968552847461621980e+01
4.966285533482756165e+01 3.588747820024243396e+01
-2.944790532325338717e+01 -1.687399974544376136e+01
-5.292604616145223417e+01 -2.299151812544991458e+00
-2.073854644575050088e+01 -4.338552256978912425e+01
-2.418823037034549372e+01 7.430774823665787210e+01
-1.362175734324315783e+02 1.490514369938483341e+01
-8.473891059008354887e+01 -6.563913844259265318e+01
3.848074818002165642e+01 1.085322085218528230e+02
-4.659580763244956358e+01 -7.114795888792180278e+01
-8.112787870547573732e+01 -1.421015388106072663e+01
2.565544750300063370e+01 -1.167732431361486078e+02
-6.771712955483842222e+01 5.398526266471615997e+01
7.625198963748275105e+01 6.389158506169295038e+01
3.216800757017500700e+01 -1.523764683988063418e+01
-2.040129962418807619e+00 9.393210303518672788e+01
-9.873344946807925737e+01 6.318979298794898369e+01
7.919801322346320660e+01 1.021862274597376512e+02
2.178824885802690048e+01 2.868701108492957985e+01
-4.076383910435289692e+00 4.323930859350042510e+01
-6.095939194275223372e+01 -4.225620223280816390e+01
6.951346187076723027e+01 -9.451517987016076461e+01
-3.055850736714513616e+01 1.997015261242644257e+01
1.375145728382540433e+01 -4.586355573407939801e+01
2.088107444244081279e+01 -7.394139996197417020e+01
6.170667920286381047e+01 -2.146247809412928476e+01
4.640093475674436263e+01 7.115487744201543308e+01
-3.669189046112816044e+00 1.347928451453531906e+01
5.747463510100905637e+01 -5.234049128435984954e+01
-6.748869758486586079e+01 2.359317960266653458e+01
-4.261512554036895750e+01 1.143842914122472507e+02
-1.059086518880183831e+02 -3.546118674462960030e+01
