1.759002715811637193e-04 3.994820300517911826e-05
9.765390282308366232e-05 2.229386190537099312e-04
1.859884182116292495e-04 -9.702193729915299712e-05
9.479836726116915838e-05 -1.499199222691391738e-05
-9.991413506229953600e-06 4.097252160576805879e-05
1.462649604136758180e-05 1.446696577458286349e-04
7.595723315422310583e-05 1.224291803092987583e-05
4.433737739398961369e-05 3.340337658629171031e-05
1.488805034423804465e-04 -2.035767394780027542e-05
3.138824580780209643e-05 -8.495548500856331571e-05
-2.524602496235273390e-04 6.493638957375926835e-05
8.623981382684723339e-05 -7.385309496645455342e-05
2.257542645412813169e-04 -1.443745713446852508e-04
4.802413847077419559e-06 -1.858766585299781682e-05
1.529041142442359366e-04 1.464539838667334201e-04
1.570557730871215341e-05 3.778880755573601168e-05
