-2.963216683862162881e+01 2.477288985685686562e+00
-1.698874681254127594e+01 -2.373354428587008680e-01
-1.664049654127883215e+01 1.617266519700004457e+00
-1.964333330673028755e+01 3.294980852381095282e+00
-2.270981953956760790e+01 -3.007002362902770010e+00
-2.313813079277827001e+01 -9.130253907116370193e-01
-2.121782710790014548e+01 1.237635666323580352e+01
-1.878914504591149282e+01 -3.098370900097352720e+00
-2.438740014619177643e+01 1.035088261960482825e+01
-1.873669408610123099e+01 4.528171798305749896e+00
-2.223978402127539766e+01 4.651197163758914677e+00
-2.875235174501372981e+01 -2.311839654782504638e+00
-2.536037928741410141e+01 2.379554839655954712e+00
-2.817715344939626831e+01 -2.983582934834457800e-01
-3.278738424039255506e+01 4.164310993071829614e+00
-2.266153174072542598e+01 -1.961797842219009658e+00
-1.763955269549940752e+01 1.681837071659192162e+00
-1.778255034677218660e+01 9.007690133822226386e+00
-3.065391887626034517e+01 2.219536893895826868e+00
-2.936489219688618491e+01 4.331419426425497932e-02
-3.104918723426469285e+01 4.375051917065179374e+00
-2.350994091561041799e+01 -3.548309560114146777e+00
-1.467356332776137506e+01 1.073827225746665004e+00
-3.309776142015248723e+01 2.216555048161002350e+00
-3.226197842257483472e+01 1.721504860374073242e+00
-2.249366543798051410e+01 7.695722062098883320e+00
-2.167068072213572805e+01 8.935008556105843880e+00
-2.167917493920526084e+01 8.957274698850525851e+00
-2.988188300234014605e+01 5.120493892492292254e+00
-2.522472321820754715e+01 1.461523802231369196e+01
-1.784030952339124809e+01 1.132725989537231293e+01
-1.711630174230255363e+01 5.989953479139923154e+00
-3.091618399238861059e+01 4.453990281956479613e+00
-1.576359394612053499e+01 1.539792634779393099e+00
-2.035175661665270042e+01 1.530159309485430441e+01
-2.056161782569333596e+01 3.697304009776960942e+00
-1.883604029211340247e+01 -3.062098344187021315e+00
-1.645590187646872593e+01 2.043695279398892506e+00
-1.806453664494147304e+01 3.914151329932561652e+00
-1.810813607894124999e+01 -8.794995637419149304e-02
-2.357121476582974751e+01 1.330800168019037599e+01
-2.320966369947901953e+01 9.848528734450093580e+00
-2.980193940977020972e+01 3.314707120927704143e+00
-1.988757507193248486e+01 2.050767773404305494e+00
-2.758485870072526325e+01 -9.462664844773288619e-01
-1.881469892133603850e+01 -3.077543708940227329e+00
-2.791078757374048536e+01 1.935696088299527418e+01
-2.475123151682905487e+01 2.638793643859845162e+00
-2.612258900026316155e+01 1.040598450966774102e+01
-2.526786683489055108e+01 -9.317813221151161063e-01
-2.120962097535782220e+01 1.549281723817965783e+01
-1.764773794443040345e+01 4.227186339719122721e+00
-2.710570921921252463e+01 -2.095420587041361138e+00
-3.218746267193873933e+01 3.814253450003660006e+00
-2.847558931024025242e+01 5.029552004967414724e+00
-1.812163016585593311e+01 8.748486365940410181e+00
-1.888830366842292108e+01 8.536808169131706592e+00
-2.597445484979039421e+01 1.158683205719266418e+01
-2.396256306310700168e+01 9.587330841775111523e+00
-2.644979353251789789e+01 1.565058756318326694e+00
-1.718257499579607739e+01 3.448072031900482504e+00
-2.374888947425647956e+01 9.235177483579235513e+00
-2.537611439844626204e+01 1.148722495945043498e+01
-2.118357622153429887e+01 1.562242938907063028e+01
-3.305408599948744097e+01 7.289307312458175314e-01
-2.169989779374176919e+01 -3.429586425594349786e-01
-2.210176670000741694e+01 -1.518507958076768416e+00
-2.420994540265970940e+01 -3.926861870514582353e+00
-1.862434239714533035e+01 1.974132006357407487e+00
-1.870741858773495636e+01 4.829285843357346231e+00
-1.994538824090437856e+01 2.454661300454585415e+00
-1.636186935575643631e+01 3.006204638753206204e+00
-2.895842634852488473e+01 1.932077035882459981e+01
-1.715612905719055448e+01 5.469113703228394741e+00
-2.607654495734538358e+01 4.823446303391057732e+00
-2.488448516651296671e+01 -5.588858654847205232e-01
-3.018424421931879209e+01 7.311832614336519764e-01
-3.085596910016286287e+01 4.874277263844384755e+00
-2.739518595274705959e+01 9.084251573697291748e-01
-2.782489750646893611e+01 1.095134192747069690e+01
-1.743416011067602867e+01 4.099466908139606791e-01
-1.721592963515637464e+01 2.276587516334694250e+00
-3.074822181774067076e+01 6.446006568871699649e+00
-3.084079091563900477e+01 6.005570523489853763e-01
-2.283765495760614073e+01 -9.363171132057076518e-01
-1.671601523839973069e+01 3.588730832167851492e+00
-2.627127227098351270e+01 1.009186858241477758e+01
-2.984326182697209262e+01 2.258125037603496921e+00
-2.914610803927841332e+01 -2.293185866140469820e+00
-2.314655456119029608e+01 -3.556053921243613747e+00
-2.135788710323160799e+01 2.434773293292227248e+00
-2.389978086229518794e+01 8.731722041521242872e+00
-2.520449552569738927e+01 2.578236439990099882e+00
-1.706412632092413517e+01 -7.823804378489924716e-01
-1.791334153636525883e+01 1.127529827834837661e+01
-2.739448549999261573e+01 3.733778305087763094e+00
-2.092439497829522921e+01 -3.459080758632381514e+00
-2.510207938606784595e+01 1.206062757983065836e+01
-2.517492233986819272e+01 -2.928998134581764834e+00
-2.569425535831564389e+01 1.521901997063608514e+00
-3.183703122352085302e+01 4.851463765271388340e+00
-3.126079800215219606e+01 8.891623336133870348e-01
-2.423777589909177976e+01 -2.653417839197701245e+00
-1.788597264880240090e+01 6.257790913745283845e+00
-2.913109784917159573e+01 6.280758193296512637e+00
-2.479019144418312948e+01 1.211344475560733613e+01
-2.653730324053668710e+01 1.165409376412627651e+01
-2.550151621253361256e+01 1.177472407150948897e+01
-2.782011658211664695e+01 3.883908388666186706e+00
-2.498641568631751397e+01 7.916119085564518043e-01
-3.032906217786419134e+01 2.246119349931116616e-02
-2.884328850712179104e+01 1.934340787917633619e+01
-1.789743616725492004e+01 3.175279923435692098e-01
-2.087872214635791934e+01 1.555960172784987172e+01
-2.968431174285641205e+01 -1.074000945278850594e+00
-1.878501034138043835e+01 5.738530686852479690e+00
-2.722025525877489116e+01 8.752608302110533867e-01
-2.884991161317297781e+01 3.357637570391892812e+00
-1.885540024251055868e+01 8.077373313171422708e+00
-2.764221865317423621e+01 -3.469272142640890788e+00
-2.294913767499049229e+01 8.857574136702861978e+00
-2.249769539401289720e+01 7.746976133638002970e+00
-3.081213240388807506e+01 6.892273706635300812e+00
-1.945371888165464469e+01 3.271333045612195178e+00
-3.253248084269218765e+01 5.176517872317165647e+00
-1.701788305729401785e+01 -6.659405809412426436e-01
-2.524745258012350746e+01 -2.220390904341264182e+00
-2.977438244122657807e+01 2.924181510331825162e+00
-1.906522021435436898e+01 2.575466217597831342e+00
-2.957519244544403492e+01 4.786504324667407495e+00
-2.445185123492166213e+01 -1.404789299917873047e+00
-3.140428319343793007e+01 5.353429853400303529e+00
-2.691380682820127035e+01 -2.948881969466972119e+00
-2.457872969966816967e+01 -1.735378474006737726e+00
-2.160755028800656063e+01 3.432478995892834561e+00
-2.945641707643787299e+01 3.410583963775854599e+00
-3.295759269751719245e+01 5.023911159830805495e+00
-1.799465149969157807e+01 1.137359842016222444e+01
-2.691056048991465488e+01 1.046093266704403391e+01
-2.330219873533972574e+01 1.174828036214369043e+00
-2.861028078894505811e+01 3.208271566626082816e+00
-2.095520109120543850e+01 5.059924647478176496e+00
-2.420839650491248918e+01 -1.435664074264441759e+00
-2.750831628427261677e+01 9.583020196472709529e+00
-2.236764385366289076e+01 -1.073832676614544734e+00
-2.399010413378951867e+01 -1.204461928949014382e+00
-2.607500626313428072e+01 1.161473300848733281e+01
-2.625660766725515671e+01 -3.478442612901926356e-01
-2.181147954359955321e+01 1.198656713590757761e+01
-2.837419372782978755e+01 2.026701835165516385e+00
-2.504806141890371407e+01 -9.425859319140091896e-01
-2.361038114716437164e+01 8.711543416031620524e+00
-2.978222765933119476e+01 9.189308301942902268e-01
-1.980708730474664137e+01 4.466108104395793532e+00
-1.566403489402016369e+01 2.933187592824325396e+00
-2.105127624332078184e+01 -2.058438418398504943e+00
-3.152413077359041083e+01 3.516933315896755730e+00
-2.638226789956316409e+01 1.173921366941712385e+01
-2.175951669051793047e+01 -6.529365463494375410e-01
-3.138647809761024376e+01 8.466723158988992415e-01
-2.019696108660952660e+01 5.610453390348025593e+00
-2.813711822744993540e+01 4.101331775725586049e+00
-2.737522540090009926e+01 -6.758305225179811471e-01
-2.318850949968118869e+01 1.054584531672615988e+01
-2.244893906312538689e+01 7.486762566794872065e+00
-1.980598218986892078e+01 8.610674672448024314e-01
-1.819859381067087156e+01 3.403489701987493454e+00
-2.823801988350152570e+01 -1.044931466787844432e+00
-2.700008394738896556e+01 4.438915210360051766e+00
-3.216260555059377424e+01 7.499867771205046552e-01
-2.273270727059370699e+01 -3.661480356552162085e+00
-2.176469106805196319e+01 -3.418388088453525153e+00
-2.467707361408462674e+01 3.629289967385506133e-01
-1.722762370444298341e+01 2.292522418197787015e+00
-2.249261167971337017e+01 -1.004132259396169013e+00
-2.146774516693319867e+01 -1.513283286150516327e+00
-2.173276969786367729e+01 8.370988961348560409e+00
-1.792031106414655639e+01 2.558740645746353515e-01
-1.538740013074736090e+01 3.124110746192866106e+00
-2.153848977696073774e+01 1.441400421245690389e+01
-2.448536365593446007e+01 1.154669011828250724e+01
-2.699966796075369402e+01 -2.297549911714666049e+00
-2.964716995537856192e+01 6.310792792544559937e+00
-2.114784483812472615e+01 3.583166053913070748e+00
-2.248843675816105758e+01 1.512228182200999349e+01
-2.514092413382964608e+01 2.482505534783753465e+00
-3.039959494436004661e+01 3.339629339381344320e+00
-2.807168106404327546e+01 -4.904179021110555148e-02
-2.333265854553200214e+01 -8.701093820106309273e-02
-2.216414134187104423e+01 4.610366013765634818e+00
-3.081069835024753445e+01 6.744779040550906934e+00
-2.702592296345671485e+01 1.124178948701616498e+01
-1.553223853218319839e+01 -3.562046789602368868e-01
-2.402048803979835156e+01 1.390708914627519999e+00
-1.766243145733037423e+01 2.120293097270768978e+00
-2.386103032607968188e+01 9.912107237207999688e+00
-2.009180723946934677e+01 6.225020643423842870e+00
-1.889982114264856961e+01 -3.043591350751042590e+00
-2.825213675004674485e+01 1.934268754993018646e+01
-2.599211655318212166e+01 9.578747838663852932e+00
-1.896172550029634607e+01 8.133199010683705765e+00
-2.582996959863290343e+01 -1.038861119333787775e+00
-2.883313221853250141e+01 -1.748017525509366621e+00
-1.684889785831206410e+01 1.006506876686221880e-01
-3.191668910687068461e+01 3.425923232387093620e-01
-3.183126966170625138e+01 2.941497668425272494e+00
-1.707672576769385842e+01 3.358741326765736779e-01
-2.906603950646518797e+01 4.030248958883616339e+00
-2.069825681357417935e+01 4.334415873293890442e+00
-2.091021007070853699e+01 1.384400272804524157e+01
-1.548510515257088471e+01 -3.550307305280005488e-01
-1.782682539426065560e+01 1.053155754440671110e+01
-1.645139651477437326e+01 8.681395764587158226e+00
-2.493263648316153080e+01 -2.852721788415173876e+00
-3.249219973005875772e+01 7.636257680346483223e-01
-3.043526502815629797e+01 7.006247624548289643e+00
-2.126914313385940858e+01 1.417864771566530457e+01
-1.785854147407685844e+01 2.720099495751240770e+00
-2.036712773474586768e+01 2.543835495740964792e+00
-3.013184606794138531e+01 -1.872759459363919077e-01
-2.086612029309378968e+01 -2.602811762847940358e+00
-2.124976770554118133e+01 2.028421006155232131e+00
-2.111739329572295532e+01 -2.992900171301673851e+00
-1.888655745285402077e+01 2.989985747001149718e+00
-2.983052957848007125e+01 5.347407854262583804e+00
-2.759148925275870567e+01 9.535886788520707924e+00
-2.023220746039638129e+01 1.438728413966713759e+01
-2.662425543292920693e+01 1.201268937975600259e+01
-2.609550825640802785e+01 1.124368830231934346e+01
-1.574121389733063481e+01 -8.592428145193298228e-01
-2.213150025483120587e+01 -2.363971000529335953e+00
-3.102901386870755118e+01 -4.564180401436803147e-01
-2.259191155372586479e+01 9.630430421079882564e+00
-3.181599998269893348e+01 3.521157084361297152e+00
-3.008578778276608290e+01 1.391228092739345890e+00
-1.720159508875086374e+01 2.235939311757236148e+00
-2.014821220261646673e+01 5.658982562595559429e+00
-2.188755678588431053e+01 1.536983640331464684e+01
-1.732200676210427304e+01 5.882036858716007899e+00
-1.697263677619232780e+01 4.721380007822630454e+00
-2.520152161587452966e+01 1.453295293370199914e+01
-2.063848536681225809e+01 1.387497013974738280e+01
-1.700507796999838916e+01 4.825522044771606289e+00
-3.311352458993190595e+01 4.132522752849925318e+00
-6.278770988121496366e+00 8.116518142846269157e+00
1.388783489297488138e+01 8.106237156827194923e+00
-1.216660677225440601e+01 1.285887366414870847e+01
-1.892995371215142608e-01 1.298030848907714940e+01
-1.057856185025957707e+01 -7.838720771149834121e+00
2.129597261130896158e+01 5.778953311614745125e+00
1.435229139497215423e+00 -1.770356515198907355e+00
-8.303883982174763645e+00 5.477172938226134491e+00
1.957958705648819731e+01 6.673696597612800652e+00
-2.521720835692450091e+00 -5.482117058922670871e-01
-4.825419107875327462e+00 9.369590233518257705e+00
-5.060690375874451696e+00 -5.435988957561272983e+00
1.333543083039511856e+01 5.568875713434213282e+00
4.178353112971072036e+00 1.517671523455801186e+01
-8.474079839346600806e+00 1.023457927272094636e+01
-6.559368650087626484e+00 9.250992281831557307e+00
3.566661776023024366e+00 5.844988122361791660e-01
1.907227885962008429e+01 6.407139514050891549e+00
7.409889590871475695e-01 6.041871704360802120e+00
-1.118178390360834307e+01 4.504588462001664517e+00
-1.150507291636726848e+01 1.025584044375765380e+01
-8.834282326116115414e+00 2.074776044446520196e-01
-1.858177251156696075e+00 -5.863844706072458557e+00
-2.964028189372447386e-01 5.521886083554004898e+00
-6.817523550955296940e+00 -5.187660628056563361e+00
-1.194405039112869638e+01 1.206125973207009316e+01
2.120619407970796999e+01 3.459384131663054252e+00
-1.194696849950562090e+01 7.516798353291804347e+00
-5.288658997984885701e+00 6.295175353583418065e+00
-7.773419806635816443e+00 1.076477567657539680e+01
-3.197363167158038255e+00 2.117719700409522510e+00
-5.061765516220459560e+00 -4.888390531870235201e+00
-1.299889093298602383e+01 9.034917202144974624e+00
-6.052428094683628856e+00 1.041198399041169154e+01
-5.004899103095280521e-01 8.852002625484030052e-01
-1.107945051900422584e+01 1.556450274735415285e+01
6.785728329322246566e+00 -1.016113780556180402e+01
-1.230480184371068830e+01 1.425846313617411276e+01
-8.280305269174170757e-01 9.415803570998892980e+00
2.501277982266218558e+00 1.186656504242323251e+01
7.393271020535649996e+00 7.970718954715322546e+00
2.829117826490016530e+00 -7.326418531139600177e+00
2.583388596491749123e+00 6.253442146234823085e+00
-4.456551988992551117e+00 3.154641086511551507e+00
3.503509762424934060e+00 -5.332246170905032834e+00
8.772094765685274353e-01 2.483242143448006090e+00
6.052920870714530999e-01 1.669377319266270732e+01
-8.545996157773688040e+00 -9.022898607037165064e+00
-2.242632556877165229e+00 3.368873504103740313e+00
-3.813581236957322762e+00 5.606462992935554723e+00
-3.393139770578613046e+00 -5.387686150599036772e+00
1.350874672043876501e+01 9.142350132833566789e+00
7.118103222700857380e+00 -6.577054931314259889e+00
2.102188907099155202e+01 3.121094282726541547e+00
-3.403462513763507058e+00 9.483422081873765785e-01
1.465959549797061356e+01 -4.579453784367072622e+00
-8.026554446990665781e+00 -3.779441656219304058e+00
1.289128643873456825e+00 7.341792507566170300e+00
1.267832077308254979e+00 9.726481800183210069e+00
6.641494057732358236e+00 4.837519380277536807e-01
7.146510262040560946e+00 3.791692730914596243e+00
1.984907598570107723e+01 4.780492434971597149e+00
-5.579145819248996219e+00 2.580596411449180394e+00
7.518135211155139608e+00 7.730209939783169837e+00
3.494428944985314978e+00 -9.415226397075592502e+00
4.035462741533192066e+00 1.937484074557263680e+00
-1.347752022396322324e+01 6.634544238568580887e+00
-9.847569839781080248e+00 9.344239196814596582e+00
1.063668105250787299e+01 5.117628212108122021e+00
-1.117193552797145717e+00 4.300564603244495743e+00
-7.078343900919781717e+00 5.281675694112723640e+00
-1.210487403254059302e+01 1.389291150756895021e+01
3.794117866815170270e+00 -3.981125199373565793e-01
7.419477046672436238e+00 7.951766854948999486e-01
-7.376962666701263771e+00 1.116106532375381555e+01
2.310470933578495423e+00 -4.737879744226900058e+00
1.847693775269458527e+01 9.372508789879608671e+00
-3.753046743728059020e+00 8.496595037592218347e+00
-1.150420355907394132e+01 3.502655148982412481e+00
1.835897011046788307e+01 3.484060334765500144e+00
6.501709624131537524e-01 2.370886785627688731e+00
-9.129073032770330443e+00 1.130784939456603411e+01
2.051496738804045705e+00 4.167226500929499977e+00
-5.921268771236640305e+00 2.536578543997404900e+00
-6.310605056296502369e+00 1.066075529415205780e+00
-5.099170734875854372e+00 1.182208816935373008e+01
-6.820529292101902286e+00 1.106233201755702744e+01
-4.955823259568342465e+00 1.047954321371795006e+00
-8.009636894903080506e-01 8.754733176897660840e+00
-6.208555483804540032e+00 8.835091323281233144e+00
-1.115433233790059653e+01 -4.289485946700438035e+00
2.072228491011783191e+01 1.637086107180186767e+00
-1.119344762231472057e+00 7.862158519889560715e+00
-1.260116378913550861e+01 5.631239751535721538e+00
-4.752961706740018499e+00 -2.712148367053182518e+00
-1.144762369800510449e+01 -4.794552337765107808e+00
-8.781900746738985575e+00 5.265946690295838728e+00
-3.136404255386016082e+00 1.413833546883085823e+01
-1.104601050182572664e+01 -2.080532108186076368e+00
-7.153409925755825682e+00 1.267626187045819819e+01
-4.671275334119310507e+00 -2.665808166830208492e+00
-1.752419861740075469e+00 -1.167741687254014060e+00
5.962285459924480335e+00 5.966689126333908355e+00
2.149570611852372792e+01 6.478322997552122153e+00
2.138528422062155343e+01 5.655566239182133081e+00
-1.164514503011745106e+01 7.017888167581265435e+00
7.277095782829623438e+00 -8.826989225315287513e+00
-1.961257365975305894e-02 1.695184943799566568e+01
2.282786594091601451e+00 -8.968536423771362731e-01
-5.223023208299287568e+00 -8.128703980049595046e+00
1.867477635199557895e+00 -2.083925528246908687e+00
-8.793566765188419510e+00 -1.236274446692184892e+00
-1.154154074730401369e+01 5.851550033500212855e+00
-3.848529032665103600e+00 -1.162614667560430304e+00
-1.120581348066295391e+01 9.884429346632858326e+00
2.099659100599007999e+01 4.352249255428592534e+00
1.582809040075910278e+00 7.224652954192450238e+00
-3.467303898059765466e+00 3.233721270091842293e+00
-1.193802472740630094e+01 -2.667892367364218309e+00
-7.824330426344242362e+00 1.066118416582278883e+01
-3.640147291823800035e+00 -5.768229392092227847e+00
-3.275590459899689888e-01 1.128074966993543171e+01
7.588484414941432554e+00 7.391885676980190389e+00
-7.134149683502685191e-01 6.055415086006668446e+00
-4.702528747576803170e+00 1.913925605800899321e+00
3.016505241451660879e+00 1.294605647152331152e+01
-2.542288184581855681e+00 6.751525162202581143e+00
-1.036555610509456571e+01 1.354906598508775950e+01
-6.139369197992998295e+00 -1.087726576341350615e+01
-2.404339768186539050e+00 -4.054745933595480523e+00
3.556021482609383333e-01 1.436290812040521203e+01
-1.022655417365420938e+01 7.348214845798133332e+00
-3.421279800188675058e+00 1.687182608807820561e+00
-9.212051928445353255e+00 -1.498508882647366480e+00
1.350494592602785637e+01 9.136165371810005098e+00
-1.279932599827523809e+01 5.841427880565804642e+00
-9.374884118825876911e+00 -4.846821726898939531e+00
-9.130199143242625937e+00 1.448137384728313926e+01
-1.064561490875668248e+01 -6.449704636173450467e+00
-6.266128708716978135e-01 5.240331856217178341e+00
-1.301809085752891626e+01 7.710568206887746356e+00
8.630426779227272860e+00 -1.191993319787399486e+01
-5.142455479537755281e+00 1.762871656783678631e+01
1.472768294491341390e+00 5.085536773583624992e+00
5.588839372005496742e+00 1.879203294090274090e+00
-8.498378652650822040e-01 5.935349332606619122e+00
3.803272131156149261e+00 1.012713917424316179e+01
-1.202302748970593971e+00 7.501060632019044938e+00
-4.680656771320306220e+00 1.362908022978822586e+01
2.013457822589494484e+01 -6.988081417052400823e-01
-5.483184040888887445e+00 1.146434385581416393e+01
6.967616886947423538e+00 1.561117804376952689e+00
4.357681512819006286e+00 6.655939516526305333e+00
-7.317664041631369187e+00 -7.764142370190001419e-01
5.254637327288747883e+00 4.611233662435806346e-01
5.752619285867200283e+00 -3.673934780064654682e+00
-9.673020379339348551e+00 -3.857251980180221196e+00
4.576676891091368660e+00 9.134800135450346303e+00
4.027729445208219627e-01 1.437385829578084895e+01
1.630253415847767950e+00 3.484444067970968284e+00
-8.062018766501081402e+00 -3.064437859883858972e-02
8.614960581079058599e+00 -1.190105177847648932e+01
4.112823898184664095e+00 1.132970792149148842e+01
-1.563095502638161438e+00 8.038594180410708889e-02
2.117491803202644629e-01 4.357625155952776552e+00
1.100915593738116627e+01 -7.380542272961955419e+00
-9.057275294456038850e+00 1.461194855993799280e+01
7.184054154498245914e+00 -6.570936142521079049e+00
-5.974977271954461600e+00 -6.199643508550053639e+00
-3.453103702773421269e-01 1.106739043742197737e+01
1.567841317254719258e-01 -2.899320149991282403e+00
-5.907439174627749701e+00 1.653573485590174030e+01
-1.128159686114264382e+01 4.483916723132996829e+00
5.906344382562655149e+00 -3.770850084707149996e+00
3.386546043100272518e-01 -7.365909958161440674e-01
1.782463259842634873e+00 3.111514317125026463e-01
-8.862795442634379128e+00 9.547124356525317879e+00
-1.027074827373820654e+01 1.203096488982879286e+01
-8.487240191979857684e+00 7.894615880556969501e+00
-8.675421441754190610e+00 2.155557575629948985e+00
6.815097746793018496e-01 -6.249724581241625998e+00
7.213013251110273139e+00 4.305163887428320457e+00
-9.209490534783695281e+00 7.118022772875835180e+00
3.389467718944060071e+00 1.039168875035810835e+01
-9.232885301263257460e+00 9.998898476714344952e+00
1.772602250063943430e+01 8.387164820421926237e+00
2.303525895597016149e+00 -4.737241928474132280e+00
-1.180811658844360146e+01 1.321733359022802468e+01
-1.061524250202516662e+01 6.163171062484644469e-03
-8.219375477189611701e+00 5.779952824025161640e+00
-4.693344910279051874e+00 2.035255216996821659e+00
-1.051322756870159525e+00 9.119732261788483285e+00
-2.300719324509046260e-01 1.111045442929915517e+01
6.353860577189201386e+00 1.043120781535825792e+01
-4.069517416149066591e+00 9.739573678368884657e+00
-2.598753458597438559e+00 -7.596223234914353917e+00
7.353376706455503786e+00 2.539547694621399732e+00
-5.467724075829456964e+00 8.946726955926409985e+00
-7.355896114984733281e+00 1.597156840924556320e+01
-1.207076836401885167e+01 -1.219130801090952287e+00
5.713319687239395428e+00 -6.664672989883378307e+00
9.571703966927943341e+00 6.155759052252409269e+00
-1.134143220942449659e+01 1.080758905195141573e+01
-7.113213212935175278e+00 1.283730989808331024e+01
-2.100440730245427989e+00 -5.597012315757493361e+00
5.295782864273966828e-01 9.922463100386728740e+00
-7.426435935748013861e+00 -7.198525711556020390e+00
6.813032500430383998e+00 -1.023552409221889903e+01
2.553200893772873403e+00 4.676592060199205925e+00
-7.973233959671301108e+00 3.204799796179178539e+00
1.839994922531393939e+01 4.738573040229393740e+00
1.311980007885573762e+01 2.833271654294526876e+00
-7.081863471183709180e+00 8.238698574325738377e+00
-1.020797309915006679e+01 -1.779374819240411743e+00
-1.142325851961361138e+01 1.075419529074060776e+01
-3.101048335725741456e+00 -4.146267454646192618e+00
-4.616824392254809339e+00 -2.683427952860101495e+00
-1.035763388637298554e+01 9.897033912073693429e+00
2.448836933518227621e+00 1.918576338353052435e+01
7.730196151243536207e+00 -1.958349108814634310e+00
-8.262714769854438979e-01 -7.583002434555876192e+00
1.349774702555816219e+01 9.177337426038628010e+00
-2.107777037203368398e+00 -4.773167394410684494e+00
-8.634991083747850737e+00 2.160920415705769315e+00
-1.455723910920285213e+01 1.031554355002748125e+01
3.217650010597491228e+00 -2.090307086626350674e+00
-8.944764051866551213e+00 1.472347971285382329e+01
2.161256307502121388e+01 1.613347140391385492e+00
-3.657150857287057022e+00 5.024813429628053107e+00
-1.173111430411792178e+01 -2.078227434954093678e+00
-1.338599629439440886e+00 5.678611287610207947e-01
-1.355393945851124660e-01 -7.313418724964705575e+00
7.219380607838999930e-01 -4.349176654181368118e-01
-1.053180510055626229e+01 9.656453718182342882e+00
-1.070220971560171463e+01 7.317978608516790828e+00
1.869785287129549545e+01 8.939406860654818487e+00
-1.112872434132905219e+01 1.270252203075777508e+01
2.264502638513979349e+01 2.645654475094400659e+00
-1.288332171508877266e+01 6.048771470451515420e+00
-9.844302343911607522e+00 -3.970412099712744780e+00
-1.027103628093123078e+01 -2.676728340437143583e+00
-5.553106902296423009e+00 7.784440207855659821e+00
-8.366293970993485374e+00 1.215979673144959428e+01
-7.295791714181903309e+00 -2.343950136744711088e+00
-2.893009947033566398e+00 2.989952374648216704e+01
6.796131758387492283e+00 1.517685469885411642e+00
-6.940633537676952791e+00 -3.074179097114782433e+00
-8.446890642762937773e+00 -2.071943525466972247e+00
-7.039220808642324023e+00 8.019559374227890558e+00
-1.122385941913047880e+01 1.324338687993358121e+01
-1.420683257081510664e+00 2.668210712479325952e+00
-7.190901459884754487e+00 1.111783487707274976e+00
-1.078997585660655467e+01 1.220476952807445770e+01
-1.441747269020721145e+00 -4.609377157545627490e+00
2.398933660768807208e+00 6.558983966712052194e+00
2.463581529702406847e+00 5.756769063066084158e+00
-2.808675177747360863e+00 -1.139159977202048069e+01
1.922103628132082420e+01 4.415883481563965596e+00
-9.004728189183250464e+00 5.079216707342051329e+00
-1.069039057065555021e+00 -6.520291573444388256e+00
1.311744913884636787e+01 2.852064267772729256e+00
2.152603782240550545e-01 -3.887219268355489810e+00
1.022318214202932651e+01 1.130817629238009436e+00
1.429208421043310362e-01 1.686224565315438184e+01
-5.333234905834328465e+00 7.970623778082843280e+00
-9.825742542281016512e+00 6.651687997775325378e+00
-1.097944069126209499e+01 7.167893380384475321e+00
2.099083796853691908e+01 4.938837862558947300e+00
1.295630648153009545e+01 3.438083573859208375e+00
1.306410527543496514e+01 3.143495325249341388e+00
-4.894212990038729671e+00 1.268475841835594586e+00
-1.193531513417909640e+00 -2.648827631518086090e+00
3.242647625608962247e+00 3.524716903671488488e+00
-7.254673930416858596e+00 -2.058768673312554309e+00
3.898357545213113617e-01 1.430031237621202145e+01
-6.771085619799360744e-02 -1.051413205721847000e+01
-4.896445021636598227e+00 9.781314683216791650e+00
-7.778104357552375170e+00 1.187747249086308265e+01
-1.147910676846489864e+01 -1.665131791189559785e+00
5.700402065167973653e+00 -6.658797696440054814e+00
1.381883890999112374e+01 8.296504994371153074e+00
3.174808677138931667e+00 1.115535250029548564e+01
-9.115390419122461341e-02 1.499674161679311002e+00
-7.110551805099484035e+00 9.848651379116444282e-01
-7.587078651746927527e+00 6.160167992943655690e+00
4.509717626311122274e+00 6.566764247127417242e+00
-1.397462207042630489e+01 1.140620854204185619e+01
-9.371889215267495743e+00 -2.402461543986204706e+00
-1.047209550666970124e+01 1.134033900563226105e+01
6.003804660217206823e-01 1.002554770100379145e+01
4.458767919810610714e+00 -8.428058780302645658e+00
-4.943720890540575397e+00 -1.903666863249690699e+00
7.055201583165261248e+00 7.654601909355985834e-01
3.529664471111269908e+00 -5.333130802525170466e+00
-7.775879683925206010e+00 1.173872852397360234e+01
-3.621450181247069633e+00 1.406883303533114393e+01
-1.125597953330161438e+01 -2.892035289711854418e+00
-1.157586184713315269e+01 -4.849138868596684304e+00
-5.721893361238670650e+00 1.297710039399761817e+00
2.134215212062823497e+00 3.350558324732878734e+00
-4.993120954435389613e+00 -6.700112354923472013e-01
7.220394828521405906e+00 8.226966822180203920e+00
1.734571059092054313e+01 6.781821586877377683e+00
-2.176050351444156483e+00 -6.293141949556211756e+00
-9.879178189800121856e+00 -1.336022941403213871e+00
2.042804874403486792e+01 6.273427700591722278e+00
3.131417928369313874e-01 9.035127768628818501e+00
1.968906971939892836e+00 8.595194864609462471e+00
-1.224391917373699634e+01 8.496213304369149455e+00
-8.949637412695150118e+00 7.717047779064614588e+00
-9.900787558037789537e+00 -1.163547032969565631e+00
-1.134310978899451783e+01 1.170907686493778144e+01
-9.343169617261482429e+00 7.602269162275700154e+00
-6.292813024424220636e+00 -1.311235906772774351e+00
1.346447093180357513e+01 5.128331789086955084e+00
-1.189201336117809404e+01 1.404790063218160689e+01
8.886766692878087071e+00 3.173282782653023659e+00
-8.041782484343706017e+00 -1.659500174566991948e+00
4.483489045860001632e+00 -1.533140412401537755e+00
2.070508775565653536e+01 4.381913607115273557e+00
2.011814949845314615e+00 8.636527410692869111e+00
1.387650047058854419e+01 8.112480320986119153e+00
2.892203746245898710e+00 -1.398520160054743577e+01
4.967152517589168426e-01 4.453694602310720896e+00
-1.296730561848923813e+01 1.243155951657223746e+01
5.765738890906908942e+00 2.258909524798559332e+00
-7.625591201526716212e+00 1.066899369740380266e+01
-5.197152275013904976e+00 1.352729012675870379e+01
-6.227217085241877115e+00 7.478283631382780072e+00
-1.226951478331518608e+01 1.035163644975990849e+01
-2.426152698433054589e+00 -1.658846250296467595e+00
-2.616481295396388518e+00 1.046262944259623850e+01
-7.644047878571456067e+00 -4.244825642617975348e+00
-9.069762712633506752e+00 7.463075068996244177e+00
5.729396317788875592e+00 6.108084666857867440e+00
4.405455390652361913e+00 3.872464245532726501e+00
3.514265657084058248e+00 -9.321226188591719364e+00
-9.022482140125786643e+00 5.840953744219597787e+00
-4.667261657749354420e+00 9.069745627796521603e+00
-1.146717705131862175e+01 9.043612142623388195e+00
-1.188314739221275751e+01 1.256758661532468047e+01
-6.865138833902310722e+00 -7.416711703547838042e-01
-6.407335577055421005e+00 1.077086112542166596e+01
2.533708015662905932e+00 1.175603483391606652e+01
7.151710707129896316e-02 -7.452882817157291839e+00
-9.877011180608302965e+00 -2.080288329945456649e+00
1.921993144644006790e+01 5.493334834801737010e+00
-1.559318232964926443e+00 1.228039201113760726e+01
2.185033553796203520e+01 5.434130562668195275e+00
-1.060009895109924827e+01 1.229756380705720353e+01
-8.586696610586031397e+00 4.850264088944828522e+00
1.976828940189740536e+01 6.273152854282260549e+00
1.338454257223133759e+01 9.431315221245743174e+00
2.406627353798773239e+00 2.381105719410868460e+00
-3.319215681704924537e-01 -5.481497277161875736e+00
-9.883885340569150912e+00 1.080856756571206923e+01
9.545125870560403625e-01 5.312262197672641406e+00
-3.785395647121835516e+00 3.606758747589273728e+00
-1.138765206382240081e+01 7.855487226374624932e+00
-2.307401007711382679e+00 -2.204120886168210891e+00
1.430442977994803133e+00 -9.164598594812545684e+00
6.214333792167047399e+00 -4.406941776094483565e+00
-1.074863159402558566e+01 9.033493206340505566e+00
2.715026309736884080e+00 8.163606117981517585e+00
-8.311061816056861673e+00 7.443566949166333657e+00
-1.321463098964552429e+01 1.335466061032566998e+01
-8.001972075484674818e+00 8.681184977632035782e+00
-8.975741674168405737e+00 4.918911168362405384e+00
-5.813491637860957795e+00 4.696420438101577943e+00
-6.182224495644250695e-01 -3.275643342065504449e+00
-4.425327897807208366e+00 9.044883797844638806e+00
7.923347858780821262e+00 1.244658394384374311e+01
9.434480317953294559e+00 1.011075038308786134e+01
-9.894231275056233343e-01 9.336833706919451359e+00
-3.978385767270382178e+00 6.684558176999581214e+00
3.685871630059160964e+00 3.042820102807751059e+00
-5.850126770594218151e+00 -2.854123026774078919e+00
-6.650160448513398492e+00 3.736952168748106651e+00
-1.116937525248520657e+01 1.406199918564921170e+01
-1.418035099262537457e+00 1.216544418428449248e+01
-5.153794416222114094e+00 -4.975388841985450838e+00
1.571326752925886971e+01 1.757594195598225273e+00
1.885721240705099788e+01 2.190968431859154464e+00
1.085970887405050211e+00 1.094767114694551235e+00
-8.719046069337061056e+00 -3.301494189044124283e+00
-2.597531495266582446e+00 -5.971967011363832789e+00
2.207799165230034788e+01 2.847479206463684687e+00
-2.210390973736052089e+00 -3.824182109999631596e+00
-6.107516212830015334e+00 -2.040081492324841983e-01
-1.070408708476046655e+01 1.302952583133385112e+01
-1.037095117080999707e+01 1.274172145109418253e+01
5.099582137717257879e-01 -1.179377137370234863e+00
-3.425727796830136729e+00 -2.483136930058597702e+00
2.196930490128437086e+01 2.892884415398305542e+00
-4.075513108841354315e-01 -2.189515703786582890e+00
-9.089881225707896917e+00 -1.964777594564236229e-02
-3.489842203552765643e+00 5.554335490409759934e+00
1.386266569626020839e+01 8.165976758064971364e+00
-1.224637728861778463e+01 8.765160702139894511e+00
1.465844452406785337e+01 -5.395957791144013527e+00
-1.321758140594267772e+00 4.183559327745076106e-01
-1.017588242762997375e+01 1.934820538284743874e+00
2.894855580885955959e+00 -1.399203532988531329e+01
3.296617039973258390e+00 8.919812903400616833e-01
5.850389470834246985e+00 9.608439851882792482e+00
1.867729800880480084e+01 2.727481976910543171e+00
-5.372910084976206591e+00 -6.345742047663395224e-01
2.950790290113095793e+00 1.121732263270988383e+01
-3.580570029194014126e+00 9.284334793535691688e+00
2.935278012661299396e+00 3.715922049496552582e+00
2.168365460139546030e+01 3.328846955707580157e+00
-3.407277768467764645e+00 -2.849367449183589418e+00
-5.337054041242026564e-02 4.345053058959318371e+00
-2.792888484578091912e+00 -1.141581961469444373e+01
-9.461560443034469969e+00 8.636876691321429433e+00
2.079265998290891559e+01 3.761756884067890105e+00
1.020833027053018505e+01 -1.297661945489299029e+00
3.348086549295341108e+00 6.151760699723897829e+00
-9.191573964736065250e+00 1.460196568289542007e+01
1.127469247011096343e+01 4.498533707117603697e+00
-9.022446705005899403e+00 1.294939895847902100e+01
-1.017021224836711113e+01 5.633535058024072839e+00
-9.931079029905856004e+00 3.342955471589363015e+00
2.094617051607025715e+00 6.204925184947901684e+00
1.087741189504346367e-01 -3.106029451649925832e+00
-9.393184329883329298e+00 1.216771712540083650e+00
1.723844246817759718e+00 4.866587170211882807e+00
-4.440257779869610566e+00 -2.229641592009211082e-01
-7.342735952362423824e+00 1.598218725580983701e+01
-6.159684657411289344e+00 5.964550638564293017e+00
6.556247764588435167e+00 5.367961004354380172e+00
-7.563746544909319525e+00 9.346263450567272812e+00
1.835690002231026341e+01 9.726145641761231309e-01
-3.218830762187197880e+00 1.188265355113849076e+01
-2.439005431197122320e+00 1.524033961771461332e+00
4.784042223591560283e-01 2.679412021442303948e-01
-7.298281528975540056e+00 6.312427714628005226e+00
2.631077084930062870e+00 -3.838614180387516672e+00
1.842435685288523750e+00 -4.228246470207297492e+00
-6.781260407669267742e+00 9.492511143581538136e+00
-3.779259877361154540e+00 1.393978057462134146e+01
2.828603845483794732e+00 6.272262886756877265e+00
-9.789958648986035072e+00 1.258132814052960846e+01
1.970830027652449079e+00 4.026006332551147260e+00
-3.188052042753818149e+00 5.474945561657542648e-01
-1.400518872410859395e+01 1.007115171833050304e+01
1.100175741082879632e+01 -7.364585983590539620e+00
-1.990488449615364752e+00 -3.921864681570741862e+00
-5.029190093877266676e+00 1.775180586193406640e+01
2.363764974713727796e+01 3.958065664357701685e+00
1.465145527311645246e+01 -4.987402230364410549e+00
-8.027700277881130830e+00 1.371213737867267035e+01
2.093336456490946063e+01 5.952902000866765242e+00
3.915145833379662377e-01 1.490534628771152503e+00
-5.962563094654120377e+00 1.652953519975064722e+01
-7.266858173807362320e+00 1.824384343759011484e+00
-2.405836832794268787e+01 -2.316129154219369468e+01
-2.788273412497838066e+01 -1.422433019838685730e+01
-2.178559049529814473e+01 -2.443113788412510345e+01
-2.699432844276430288e+01 -1.444255235999687059e+01
-2.338421471443533051e+01 -2.469635608985835873e+01
-2.835263456246746827e+01 -2.335620111419751765e+01
-3.055222153044332956e+01 -2.219008424450745665e+01
-2.424677455430239448e+01 -2.701158642241371410e+01
-2.713974759598717768e+01 -1.370878202762720122e+01
-2.254145794543990888e+01 -2.644695060445916113e+01
-2.670029370385176293e+01 -1.929078188869307553e+01
-2.722458207156483923e+01 -2.584652217580654820e+01
-2.838988702231343453e+01 -1.100166347366190855e+01
-2.664809508876179578e+01 -2.652384509556289416e+01
-2.402780372058557035e+01 -2.649309620112143548e+01
-2.132076992897114209e+01 -1.278928595329850104e+01
-2.716415854746858116e+01 -1.468217685957940688e+01
-1.074541665052178629e+01 -1.951482660173933326e+01
-3.208638819305487289e+01 -1.731808238080066786e+01
-3.003211326188114683e+01 -1.447140122527888195e+01
-2.266890898459206838e+01 -1.500561027749592924e+01
-2.180430476257609484e+01 -1.879206676614380811e+01
-2.268199066727754598e+01 -2.377339026560914448e+01
-2.704330991098740711e+01 -2.314152309772141791e+01
-2.234050040757115951e+01 -2.144339184610153737e+01
-2.821579534078713891e+01 -2.139709667030457041e+01
-2.730963206205422722e+01 -1.209116633494904747e+01
-2.998701468192736641e+01 -2.166067134791264692e+01
-2.370559360347514755e+01 -1.743002625320517041e+01
-2.649454267986698497e+01 -2.681427870401120828e+01
-2.435865061794851627e+01 -1.586828381267827659e+01
-1.398482060647704373e+01 -1.961973668825853423e+01
-2.050224854759700222e+01 -2.480054711755479602e+01
-2.571673073917660446e+01 -1.945365616479632465e+01
-1.697224344114453132e+01 -2.109986222198818950e+01
-2.744764865897500172e+01 -2.587231824985973816e+01
-2.519753248760660469e+01 -2.087433936734089812e+01
-2.768856403176311076e+01 -2.139410295312089616e+01
-2.858675705337404338e+01 -1.530311086158519274e+01
-2.880094643918599573e+01 -1.073607983659260690e+01
-2.892533163166467247e+01 -1.349217699485554256e+01
-2.624189734343290681e+01 -1.702482676544579476e+01
-2.248845623140319816e+01 -1.252101744593851329e+01
-1.268001035573047908e+01 -1.592801442617297702e+01
-2.373353164848810337e+01 -2.520752653786906805e+01
-2.050638712867506186e+01 -2.163234706382108996e+01
-3.032885115517189334e+01 -1.660474570065819577e+01
-2.529578091568449238e+01 -2.112873504453957096e+01
-1.787498058168554849e+01 -1.986802442000938740e+01
-2.254650438615353636e+01 -1.189704932331127551e+01
-2.838594085603759964e+01 -2.162664511888335994e+01
-2.592841316646182293e+01 -1.856788159401589411e+01
-2.181152134261259334e+01 -2.438593050901852166e+01
-2.310872129208847880e+01 -1.607387011428333778e+01
-2.654861015730634222e+01 -1.541866000001749448e+01
-1.963791063827670058e+01 -1.784494613871318336e+01
-2.748467323364610593e+01 -2.010013971785491904e+01
-2.940771208067095799e+01 -1.190663906844673292e+01
-1.816877431560853751e+01 -1.155405426371953759e+01
-2.517499401203331288e+01 -2.552479242131883908e+01
-2.873841689917190223e+01 -1.572848261170195094e+01
-1.642000427355602454e+01 -2.185070988527591496e+01
-2.650593764235864569e+01 -1.156265983270853681e+01
-2.091337563577775072e+01 -1.502907616371025235e+01
-2.654085188886314128e+01 -2.029944939915132096e+01
-2.723202910288944523e+01 -2.300770790831421309e+01
-2.693858887275806424e+01 -1.244180493460591919e+01
-2.135684782800968051e+01 -2.015563815665389669e+01
-2.668862401265684881e+01 -2.641168553385334761e+01
-2.022893549782448730e+01 -2.220596234077239117e+01
-2.657059893827146269e+01 -1.931039003573689072e+01
-1.692977038854709093e+01 -1.702631989646952704e+01
-3.048985476689383489e+01 -2.406047038599499288e+01
-3.003664338523963195e+01 -2.066594762691627452e+01
-2.643892830968218988e+01 -2.385871830999455057e+01
-2.866923109964907113e+01 -1.100406664120888323e+01
-2.250731438634278803e+01 -1.681654852825218072e+01
-2.101786945787378968e+01 -1.726285287072765584e+01
-1.946823739863975788e+01 -2.247802529825978013e+01
-2.671118895332064369e+01 -2.712646837844475201e+01
-2.301751076570678123e+01 -1.922545225232772026e+01
-2.869998982172625901e+01 -1.297320182147127277e+01
-2.800285863306715584e+01 -2.018803593141079844e+01
-2.292705846753846544e+01 -1.895111474913885630e+01
-2.624244077660998187e+01 -1.757502223111084660e+01
-2.691328067071353658e+01 -2.527750338263781771e+01
-2.101481723265274582e+01 -1.453663877583390729e+01
-2.630293716878866306e+01 -2.320539088571622344e+01
-2.929673766293059245e+01 -1.754243642176287210e+01
-2.554631476123460843e+01 -2.166889929414735860e+01
-2.912248243556663496e+01 -1.448725885726980600e+01
-2.568430501413488543e+01 -1.745907047967245518e+01
-1.882432664601382299e+01 -2.635409263468443797e+01
-1.805294019008973194e+01 -1.145295351291948371e+01
-2.437932407677908841e+01 -2.589325801395166948e+01
-2.290787127071570950e+01 -1.560977410100175433e+01
-2.631667853849061700e+01 -1.427568786163085868e+01
-2.766091552115640084e+01 -1.477810058998638354e+01
-2.824624598866024172e+01 -1.469576720290514160e+01
-2.322839309600106361e+01 -1.766199304925236291e+01
-2.179477976160710639e+01 -1.880811586114596778e+01
-2.451481841415302299e+01 -2.451073373630148211e+01
-2.518119919899031345e+01 -2.078150048381782611e+01
-2.455827959095391577e+01 -2.602404907136316936e+01
-2.256586428167387126e+01 -2.137302649627265083e+01
-2.844977972678713485e+01 -1.927375776533746432e+01
-2.484594681602118982e+01 -2.259609105300569709e+01
-2.057817353263865456e+01 -2.226243220275426538e+01
-2.194172748307564902e+01 -1.352276630892754739e+01
-2.242885065591754312e+01 -2.019151206144443478e+01
-2.005609675549959547e+01 -2.402282260943072245e+01
-2.518745912121449848e+01 -2.198454152561226849e+01
-1.897652702845194383e+01 -1.213550900323805415e+01
-2.284630620453619798e+01 -1.048889001217581018e+01
-2.451876425470967646e+01 -1.343019835490417613e+01
-2.356452728048844136e+01 -1.775059000262605124e+01
-2.881786517957502980e+01 -2.205121950901583006e+01
-2.641552061171488930e+01 -2.504735688527782855e+01
-1.965539018966717677e+01 -2.011003897104096438e+01
-2.873243064045067285e+01 -2.200917549198167933e+01
-3.017788570766363065e+01 -2.079736759586245398e+01
-2.870177369809766432e+01 -1.545304555877925878e+01
-2.828211518992197782e+01 -1.777966079897993978e+01
-1.280029475804642125e+01 -1.598922848076419356e+01
-3.095754314393813189e+01 -1.997100608776458586e+01
-2.551736739722479541e+01 -9.728859755989454072e+00
-2.857064616607209118e+01 -1.768500631093303710e+01
-2.947446444018966361e+01 -2.247096825327964709e+01
-2.839510893491886279e+01 -1.100220035293246390e+01
-2.512572648284610111e+01 -1.139531230165462006e+01
-2.631566526206726309e+01 -2.403217399483194328e+01
-2.590668199054748655e+01 -2.201869029585116877e+01
-2.770524209454012876e+01 -1.024354338119106700e+01
-2.570764763243180795e+01 -1.603314905432879200e+01
-2.927386615274446768e+01 -1.785472704120587650e+01
-2.786238698000138925e+01 -2.431433818318391360e+01
-2.514672761573850224e+01 -1.338960539685330353e+01
-3.222681584862119308e+01 -1.472969400518612559e+01
-2.115817493198269972e+01 -1.725376945512372373e+01
-2.870283858644831554e+01 -2.496660984437346542e+01
-2.730659154915837661e+01 -9.978465143861530606e+00
-2.723375557805395175e+01 -1.718565432094352374e+01
-2.053031754123932728e+01 -3.731210922298024713e+01
-2.251074544541000222e+01 -2.407909648880007580e+01
-2.594141352909117160e+01 -2.153259088343913774e+01
-2.557718629701020774e+01 -2.548534450707092702e+01
-2.573623789869490963e+01 -1.767290723259336360e+01
-2.630842268535288753e+01 -2.117324276915669046e+01
-2.440565541299176999e+01 -2.432836780014909550e+01
-2.476848210875547451e+01 -1.196127631845430983e+01
-1.385566896549890892e+01 -1.408846406484214597e+01
-1.397420973059912264e+01 -2.301203776307810500e+01
-2.595315176047373384e+01 -2.614718710405056612e+01
-1.634816484410852055e+01 -2.185719002436126601e+01
-2.823096911284269694e+01 -1.467905254555350147e+01
-2.410752501892285693e+01 -2.245862253225862659e+01
-1.927465403418671741e+01 -1.912971879471645664e+01
-2.420188010091817432e+01 -2.154360215293756653e+01
-2.488379282853329499e+01 -1.203294154006372629e+01
-2.818457210357813025e+01 -1.967803514271582088e+01
-2.846247873648780313e+01 -2.322563666368976243e+01
-2.466609779692181448e+01 -1.885463146419799330e+01
-1.876425700640288241e+01 -2.634096560193205505e+01
-2.383702964719094552e+01 -2.030706640751039771e+01
-2.410198841426934635e+01 -2.032053909656164947e+01
-2.146910761683070135e+01 -1.384875380582589344e+01
-1.686831629844077085e+01 -1.646253443999070143e+01
-2.882432493467232959e+01 -1.826311701404145538e+01
-2.359069028287827408e+01 -1.981593405185669710e+01
-3.095466604471963734e+01 -2.029709927308763895e+01
-2.501257317198621877e+01 -2.311615146095002871e+01
-2.989393766658558604e+01 -1.377179680696422182e+01
-3.015569164910509414e+01 -1.469641908453953860e+01
-1.313339544152005800e+01 -1.603609592044278997e+01
-2.192154670737922117e+01 -2.491470426460640653e+01
-2.528321408359616385e+01 -2.362517968328265638e+01
-2.143569783207000512e+01 -2.489994536145355397e+01
-2.293009943293385788e+01 -1.068198228662403970e+01
-2.252343518326523863e+01 -1.219809721223853316e+01
-2.273166057361914127e+01 -2.256763146788995300e+01
-2.480959368150421440e+01 -2.451638488475677136e+01
-2.781257668420877494e+01 -1.739260960244239129e+01
-1.734594309215740537e+01 -2.245361283693507559e+01
-2.696330521366707345e+01 -2.525697872929225340e+01
-2.841346435400341619e+01 -1.860396823108841957e+01
-2.467160746980394848e+01 -1.871841924553829983e+01
-2.321353222314521858e+01 -2.109963231822319329e+01
-1.794916552561241119e+01 -1.444576065579039614e+01
-3.023407184053601426e+01 -1.643601515382874467e+01
-2.933836333116931883e+01 -2.458364176352981545e+01
-2.727441575098151105e+01 -2.425919937572746576e+01
-1.909125727799759886e+01 -1.627149593126623728e+01
-2.917931081478173994e+01 -1.976800703436968476e+01
-2.395439277737482087e+01 -2.327189848708150777e+01
-2.256231041065281318e+01 -2.236647770902018095e+01
-1.630694360672994492e+01 -1.959798795954187867e+01
-2.855233681779260380e+01 -1.495570115447852011e+01
-2.578039786042946702e+01 -2.040733841854255814e+01
-1.676820391520664444e+01 -1.653816125789248659e+01
-2.527449834410864682e+01 -2.396774878682788312e+01
-2.929135638734864244e+01 -2.578869188896939590e+01
-2.619261322760117494e+01 -2.683534186557975687e+01
-2.357988000946699003e+01 -1.427813968975070935e+01
-2.689877937041022804e+01 -1.508386660160937431e+01
-2.862141190804545232e+01 -2.461084857538755344e+01
-2.524357104351789260e+01 -2.110209449552812089e+01
-2.896421001323128763e+01 -1.477942159408456213e+01
-2.013062819864717667e+01 -1.543512783277189904e+01
-1.810016517684604764e+01 -1.444353213157833160e+01
-2.254825519523912902e+01 -2.593437213478896908e+01
-3.071553658757821381e+01 -1.648498481682316097e+01
-2.940525817906349815e+01 -1.990770092678333114e+01
-2.927918439665454287e+01 -1.844809359887308986e+01
-2.491892300253253012e+01 -2.115114941718316288e+01
-2.426817282142365428e+01 -1.738945779866260466e+01
-2.666070569588260852e+01 -2.107575618765238801e+01
-1.393457414993885202e+01 -1.675030736548750099e+01
-2.823344876590208941e+01 -1.069252340035629523e+01
-2.452259364462699054e+01 -1.765434194278273949e+01
-2.239349559572600157e+01 -2.180522188895630720e+01
-2.908879519583649653e+01 -1.967004085318194129e+01
-2.682439095893107250e+01 -1.896794549732928914e+01
-1.764655193327833160e+01 -1.988699998835932448e+01
-1.903627785180581711e+01 -1.227705725523506253e+01
