-2.327884774075503316e+01 3.445704719430098706e+00
-1.486622794814715931e+01 9.866512502277942076e+00
-1.678746424610882571e+01 9.919149580240905095e+00
-1.885376711796420679e+01 8.794352843150642585e+00
-1.443174606846121577e+01 3.764473198920969210e+00
-1.538207838002059091e+01 5.004114091224785454e+00
-2.134816215457754041e+01 1.223405611972187401e+01
-1.493155411952552214e+01 1.977894231582697060e+00
-2.419886865129675968e+01 1.113347010153269423e+01
-1.872427330941210144e+01 1.026192684317846293e+01
-2.018631729989596835e+01 6.760482655478732283e+00
-1.983700148993785817e+01 1.343007010845231886e+00
-2.170270278852098400e+01 9.395216233519262383e-01
-2.318876243232118384e+01 1.582958737022279072e+00
-2.475452668755801611e+01 5.488127681689904946e+00
-1.546143752591790133e+01 4.333243626458540554e+00
-1.698416591300055245e+01 9.758901573413480079e+00
-1.441190827778583916e+01 1.318762978762844185e+01
-2.388948903720609707e+01 4.018168403359735130e+00
-2.460594326941470200e+01 1.800159765067161688e+00
-2.330423926967304737e+01 5.521806754469412937e+00
-1.711889188025475050e+01 2.449629784740836147e+00
-1.344379717875226099e+01 8.530271826843952354e+00
-2.562565684950937595e+01 4.270402224941545199e+00
-2.572903189793224144e+01 3.939574368893277612e+00
-2.212089618062253038e+01 8.997907971394988991e+00
-2.194655354247848322e+01 1.020719778918426357e+01
-2.194505383825930167e+01 1.018250092139078689e+01
-2.289504942688628120e+01 5.348743052510682716e+00
-2.498506720567123196e+01 1.412949600949318807e+01
-1.309901301598845968e+01 1.417671410325339743e+01
-1.810322025162034976e+01 1.231162653250441430e+01
-2.285940440030773857e+01 6.660590166269479084e+00
-1.555947137292349147e+01 1.091034876386325969e+01
-2.043462893489202870e+01 1.475860792887263884e+01
-1.965036549841400060e+01 8.292163150630885937e+00
-1.496974651542610069e+01 2.032649338271528716e+00
-1.631203773687569125e+01 1.069698372473956738e+01
-1.780282202750966647e+01 1.071967915308310637e+01
-1.515645829159412017e+01 8.837505294285021407e+00
-2.361863339631455716e+01 1.324898192626204008e+01
-2.345260781208722278e+01 1.062159042913246232e+01
-2.711937775984428001e+01 4.648332033801414909e+00
-1.795961217422550860e+01 8.046253855110709452e+00
-2.409752445428020451e+01 5.567079593406910609e-01
-1.494712178426731519e+01 2.003629455650983271e+00
-2.514637361429491946e+01 1.816420057746571004e+01
-2.129995947109214072e+01 5.123321660420531165e-01
-2.543369576779485186e+01 1.038573493156674665e+01
-1.898749911656053158e+01 3.324443480502368597e+00
-2.118142510607202311e+01 1.488399041127394185e+01
-1.773250900138813435e+01 1.096890377580602660e+01
-2.020525002052290020e+01 2.152742546844826244e+00
-2.484248446969181146e+01 8.460117151301854932e+00
-2.183902739426766004e+01 4.880475449899803309e+00
-1.483470434346381239e+01 1.338634598937935394e+01
-1.538230336909743379e+01 1.395645021545883147e+01
-2.573056200151930284e+01 1.136460248864646161e+01
-2.385338095364679134e+01 1.038220181848610402e+01
-2.243772136504462011e+01 7.040481169775587578e-01
-1.658242170105751256e+01 1.141926072519878943e+01
-2.367329544622419135e+01 1.010944329713403711e+01
-2.524361358073357309e+01 1.148846264768245540e+01
-2.114001407088054663e+01 1.501894612093570025e+01
-2.614936412982502389e+01 3.255123633028798924e+00
-1.433858458574136741e+01 5.419720110005346037e+00
-1.577750055043548372e+01 4.617014153816594302e+00
-1.684341023158894046e+01 1.121237060810495123e+00
-1.712314391168930783e+01 9.448687590472223619e+00
-1.900751110481481376e+01 1.032369968596564114e+01
-1.830474508881437146e+01 8.000341947321324199e+00
-1.668904299312697859e+01 1.091952055337656802e+01
-2.089000895756808518e+01 1.817696980808235452e+01
-1.791032197469887066e+01 1.183925020912942649e+01
-2.057188742471620202e+01 5.732354945015456060e+00
-1.906311270519054801e+01 3.019303932206415908e+00
-2.391059403651986059e+01 -1.484994490497233421e-01
-2.293725321243743664e+01 6.313323399947709191e+00
-2.311195910035136336e+01 1.041564112025181066e+00
-2.686606753456220886e+01 1.006783266712532310e+01
-1.529872466014358956e+01 9.411566926138846156e+00
-1.684303031096636971e+01 1.051951973124987916e+01
-2.604335144231575683e+01 5.037939999679042380e+00
-2.538876807121064516e+01 2.778986936888406589e+00
-1.487695251817560660e+01 4.989118347096270334e+00
-1.659660454652116712e+01 1.171385570180576607e+01
-2.556012670553936417e+01 1.003425838793934055e+01
-2.318989407876122755e+01 3.153532663740159059e+00
-2.002310173414952033e+01 9.665090739743571469e-01
-1.678641952094750067e+01 2.590347851617624375e+00
-2.016127199227472033e+01 8.375621768355314245e+00
-2.363214184689403652e+01 9.619036698245457373e+00
-2.177390889275640973e+01 4.150158146022019934e-01
-1.440179329778575656e+01 9.678217581163309546e+00
-1.313918783679736357e+01 1.417620205162363511e+01
-2.121367800073676335e+01 3.909590860115816913e+00
-1.630797770875471997e+01 3.172052287689414385e+00
-2.522162687416642868e+01 1.208425232975052666e+01
-1.821719204465201258e+01 1.584728567877997429e+00
-2.192123405224521804e+01 1.656600738556254671e+00
-2.401850674835650423e+01 5.908067348607450420e+00
-2.525305802512646736e+01 3.106774713484479200e+00
-1.778856273534054466e+01 2.681456014789829645e+00
-1.869421462374299381e+01 1.212607022415191693e+01
-2.337117053593378202e+01 7.146106960877993686e+00
-2.504737291474380356e+01 1.221883896030954730e+01
-2.611170983242524102e+01 1.119162942674689276e+01
-2.538078738036610460e+01 1.172493078718480142e+01
-2.148208890471601151e+01 4.092624259418961685e+00
-2.104028291124810934e+01 1.785971374868823958e+00
-2.468439117801563398e+01 2.187987313757977503e+00
-2.301136850145045543e+01 1.807544377112811063e+01
-1.553450722051030475e+01 8.907657457805029821e+00
-2.082645948664623248e+01 1.491820956843687718e+01
-2.431539754295424771e+01 1.603065410904723986e+00
-1.909064872559619275e+01 1.105987857603028957e+01
-2.291798910225327646e+01 7.854358449231870765e-01
-2.219414092771871694e+01 4.252232127442744591e+00
-1.522477341160727349e+01 1.391934630115619775e+01
-1.936545942673876297e+01 -4.936598501936558248e-01
-2.293660820636094400e+01 9.808290022951208442e+00
-2.213422236434984569e+01 9.043018484698130521e+00
-2.626771909578484099e+01 5.822985624224013002e+00
-1.804229914020244507e+01 8.747863317385005999e+00
-2.466602868974446494e+01 6.472632845163843740e+00
-1.454119558624684139e+01 9.584557267286649918e+00
-1.820587075006677935e+01 1.136015122691905521e+00
-2.198590979509069143e+01 5.771085445280731641e+00
-1.768639256968373275e+01 8.895093416850475165e+00
-2.315334650177445397e+01 4.423665727202604536e+00
-1.878059258991301661e+01 3.351700194536622934e+00
-2.417518165864813184e+01 6.615268696368802992e+00
-1.897934637211400144e+01 2.024228402843608055e-01
-1.816648839887320577e+01 2.923508394994498438e+00
-1.850033545537549529e+01 6.890412125826592238e+00
-2.374289892040009065e+01 4.075484191529605837e+00
-2.434663935918600330e+01 6.411879253252067201e+00
-1.307140613349211122e+01 1.424475726697304090e+01
-2.602815857833637025e+01 1.011707957809473868e+01
-1.950398241922444242e+01 2.654429018679242525e+00
-2.244761054354314567e+01 3.786272067527617580e+00
-1.891382560625503828e+01 7.858679200376879059e+00
-1.833584822737455866e+01 6.368723723483828536e+00
-2.605419216792327219e+01 9.047085484071038408e+00
-1.498435670335084602e+01 4.811071430801358240e+00
-1.852309394193709124e+01 3.015576425621190992e+00
-2.580961526972077635e+01 1.137404917696901485e+01
-1.919981608163017128e+01 4.310137516876375585e+00
-2.185968612851647208e+01 1.201958744271430923e+01
-2.348923304287408698e+01 1.728944679741539536e+00
-1.929003171831526231e+01 3.422295627784736283e+00
-2.351385743395742978e+01 9.629248164484176087e+00
-2.392949518817690802e+01 2.575471736060063410e+00
-1.904996829989025287e+01 7.947191271810384983e+00
-1.664259981291241886e+01 8.209915301354570261e+00
-1.621844068303063224e+01 4.242582998313177534e+00
-2.359971335814723759e+01 5.552369889545063053e+00
-2.602506874252773628e+01 1.129276061810665155e+01
-1.452663265711940532e+01 5.165519503164823334e+00
-2.537749940400985338e+01 3.197394932490845498e+00
-2.010791777964409022e+01 9.267944843139019895e+00
-2.171725152990955365e+01 4.330453375862350462e+00
-2.483133845947487828e+01 4.254526082975775836e-01
-2.346058360999573722e+01 1.121416477084921937e+01
-2.190250491210732520e+01 8.837735636463150968e+00
-1.881700351702943408e+01 9.475139092103619376e+00
-1.787338621160692753e+01 1.030260239382372589e+01
-2.586315908463302549e+01 8.115095280498413333e-01
-2.116072857535634100e+01 4.744447242412929810e+00
-2.427366495809877023e+01 3.689330640781642412e+00
-1.820119271668924910e+01 4.411148127295613008e+00
-1.793514544451274517e+01 3.820832577583320067e+00
-1.854632039807905386e+01 4.038260232312727460e+00
-1.701688563343602922e+01 1.037298768215126188e+01
-1.493314981732487468e+01 4.816334349069553156e+00
-1.705278830899288423e+01 4.913507593671436524e+00
-2.182150038318623686e+01 9.766989265728197367e+00
-1.542960707114897900e+01 8.895745387101419155e+00
-1.671345053318831475e+01 7.809696533828213383e+00
-2.151051980931455532e+01 1.407821225003566745e+01
-2.454720637412596318e+01 1.186497538271790830e+01
-1.994207041056527530e+01 1.985934710700097305e+00
-2.399082918530113062e+01 7.178332893145987548e+00
-1.914900913589887210e+01 7.089771258022595113e+00
-2.229915763184712674e+01 1.454575864514357875e+01
-2.154175471629526939e+01 6.907744607229934219e-01
-2.275463563298364633e+01 5.894106456704058417e+00
-2.319326741290666405e+01 -4.454338445027716809e-01
-1.467542468566908909e+01 6.555070280288834539e+00
-2.006483227578743112e+01 6.776987029245388428e+00
-2.617676357973065393e+01 5.689535069685262236e+00
-2.638290909881674651e+01 1.069495569496446130e+01
-1.413017356671976721e+01 1.052642890487212490e+01
-2.026560344068398578e+01 2.617417946449631216e+00
-1.677643967513523293e+01 9.881326349528899655e+00
-2.383921024483273499e+01 1.062797624003164820e+01
-2.032592183097633054e+01 9.770000634153245045e+00
-1.503785898103481600e+01 2.094716409145455760e+00
-1.972139984709949090e+01 1.818424143869560439e+01
-2.508156964642256170e+01 9.804283077893522602e+00
-1.563573721762417712e+01 1.390564112964751686e+01
-1.982787594141258936e+01 3.586848791931097846e+00
-2.463395157373816957e+01 7.391680402503650882e-01
-1.500792851333796918e+01 9.575769384617672131e+00
-2.517832599423740092e+01 7.092885069368399797e-01
-2.440584810324341447e+01 4.674465756201955813e+00
-1.523685188466484774e+01 9.937830711834882536e+00
-2.227537496019677477e+01 4.602765420594879586e+00
-1.938788841967642185e+01 7.258190246460011430e+00
-2.097652634122384185e+01 1.354429733885608300e+01
-1.410749826254700423e+01 1.056615560143502286e+01
-1.366788685915591195e+01 1.382471192021745132e+01
-2.321972958143081556e+01 -1.697957674701643382e-01
-1.833024606970669268e+01 1.932058683145039701e+00
-2.434032183149605544e+01 4.041022315907385476e+00
-2.617505458746182256e+01 5.986873613850751674e+00
-2.128555297914870437e+01 1.386079911733981440e+01
-1.739005483181731648e+01 1.015709909330906768e+01
-1.817177748017011396e+01 7.624670968997848242e+00
-2.486352471078969373e+01 2.136535978528991464e+00
-1.612106916636531295e+01 3.836664433431903110e+00
-2.001616923785984170e+01 8.126325816115164358e+00
-1.649424895471228325e+01 3.517757064823452406e+00
-1.778159089322585018e+01 9.411622308646386159e+00
-2.189597817656730783e+01 5.657795699386162447e+00
-2.615064893190635331e+01 8.941153880641895313e+00
-2.032598890724447926e+01 1.398734997109212053e+01
-2.630762263461558348e+01 1.143024197778883178e+01
-2.571523993797779539e+01 1.106254760980579732e+01
-1.578293040521661972e+01 5.952857041379252756e+00
-1.746652004986479056e+01 4.861297342437655544e+00
-2.576579304305797891e+01 2.222533117833439320e+00
-2.280789635183477415e+01 1.044595378016055598e+01
-2.389185754405033180e+01 5.230693675214793892e+00
-2.417383532853839512e+01 3.020869405315198097e+00
-1.659428078336737755e+01 1.050321782049995889e+01
-2.013707957665174320e+01 9.353800155483554590e+00
-2.180972298742658566e+01 1.480748710141004310e+01
-1.820490817342575340e+01 1.210615868420487118e+01
-1.769300412089706143e+01 1.140162755122888605e+01
-2.496909050462476287e+01 1.403326777950853099e+01
-2.074277527880336436e+01 1.359341488860217950e+01
-1.763278293853987932e+01 1.159327007752512095e+01
-2.489218852086593969e+01 5.384482250039294371e+00
-3.947758460698605809e+00 6.105630996028167168e+00
1.242384666900088952e+01 4.091345409845101422e+00
-9.100653776520983840e+00 8.360273271363464431e+00
1.147238816687149887e+00 1.002035984786689937e+01
-1.119829427870868699e+01 -4.270522971854848748e-01
2.035212864118054554e+01 3.941014459904791156e+00
1.063480975341358548e+00 -2.549407371225702157e+00
-4.492487870536116645e+00 2.673672141515850420e+00
1.922941005663321690e+01 2.966658632774476612e+00
-3.805838505745106293e+00 -6.637983707651804899e+00
-3.905571024756918419e+00 7.937506502248274032e+00
-3.579036091967854882e-01 -4.478397260745055952e+00
1.050943020022525509e+01 4.057476041634803798e-01
2.533233804065694983e+00 1.073553427198223886e+01
-6.603306662282922623e+00 6.698442532155853613e+00
-4.848515454594174656e+00 7.633294358646044664e+00
3.879217992563431139e+00 -9.632181355057890526e-01
1.897192704238044314e+01 2.637491610390110708e+00
1.305296709425999568e-01 2.931956252462761814e+00
-9.989959583184962355e+00 1.596542012125152343e+00
-8.613028280819925442e+00 5.032574353426255698e+00
-4.686940945573612183e+00 -1.187718872617761212e+00
-1.301334480182642084e+00 -8.967277855136961406e+00
-5.093614864712705526e-01 2.740534166241828551e+00
-6.380628363301872774e+00 -6.458771699570069913e+00
-9.014812456462204082e+00 7.541018835169547074e+00
2.221952088603895703e+01 3.157747506617587074e+00
-6.941624149457146231e+00 4.535397111724455144e+00
-1.740192883149180858e+00 5.607848646821128824e+00
-6.358987051886543895e+00 7.250517991925331529e+00
-9.634762536761752871e-01 -4.081830771557481280e-02
1.057916533811047999e-01 -3.821139226986264514e+00
-9.084590205599013757e+00 3.810822484553053169e+00
-5.164642225788807828e+00 8.367556003633552564e+00
7.723868251215979530e-01 -9.521596881327716311e-01
-5.669081220903001928e+00 1.082587284223468238e+01
-3.665902852590636751e+00 2.076625833032324842e+00
-1.009259443972826453e+01 9.095314037603211332e+00
-1.894789106846580529e-01 7.437367877385080206e+00
4.055990362341990618e+00 7.286222458102520783e+00
8.089183139527204247e+00 7.331186300016033108e+00
7.991799106084975790e+00 2.822992496125580342e-01
1.290098700138258891e+00 3.436089204736052949e+00
-2.677736773763809808e+00 9.278096562678239678e-02
3.425184570408875473e+00 -5.650386292495595875e+00
1.191782217223170681e+00 2.791780497751975010e-01
3.202664002381162334e+00 1.266132965044535474e+01
-1.037170012708534550e+01 4.304734511865106583e+00
-3.405105658148261494e+00 -1.278001386372761505e+00
-2.539226075087331669e+00 4.934434428633199587e+00
2.145362168397184355e-01 -9.187753882188999910e+00
1.184968733320650180e+01 3.660772664661962050e+00
4.547048297671462791e+00 -8.091676460083627731e+00
2.242725050758395255e+01 3.240857647604581171e+00
-1.777279159025820787e+00 -9.467121734182524229e-01
1.338679577350415073e+01 -4.326202348097524464e+00
-6.408585650871007289e+00 -3.509766759819191950e+00
3.397363228850235339e-01 4.456605760280292650e+00
1.340238551328264416e+00 8.009098802977845821e+00
-1.698183880259449829e-01 -1.808644181500467241e-01
5.765898299248724435e+00 4.146820628717613033e+00
2.058790111909308251e+01 2.438520587817850416e+00
-3.016215111432997364e+00 8.921320195852668888e-01
8.112349067147254900e+00 7.136625659099609109e+00
4.141691599633397836e+00 -1.034549752818818824e+01
3.346641208931647071e+00 6.405096806904340134e-01
-9.854714153506596297e-01 -3.078595230387020987e+00
-6.808981907234405995e+00 5.957677204968447882e+00
1.020832111503809436e+01 3.277564221004535816e-01
5.772475358760732256e+00 -6.128219763393815134e-01
-4.133322559077147851e+00 4.655840664840625642e+00
-1.012949914930793049e+01 8.725469584871214934e+00
3.890315872377971829e+00 -1.679305508783838441e+00
5.351377909751495743e+00 2.806145612119041566e+00
-6.901405381328967081e+00 7.306708007783579539e+00
4.301253079856911299e+00 -4.894525868308310379e+00
1.633145642109495910e+01 3.116786224340778677e+00
-2.539662474939759385e+00 6.753836098788651654e+00
-1.022481476229728514e+01 6.818188415224832877e-01
2.119563752571691140e+01 2.346353304918685545e+00
1.195507725127033627e+00 6.249345720753828048e-02
-7.557723062947207637e+00 7.364512653148229226e+00
1.869889604853741005e+00 2.071501758945403004e+00
-7.244410441607954887e+00 -4.943673968331903978e+00
-3.858224641308287239e+00 -1.541573837250189705e+00
-6.347722519943661545e+00 5.169176318776815826e+00
-5.711557450774892963e+00 8.468374628435478613e+00
-2.886390802022944957e+00 -1.384729660408904994e+00
-1.549447809524378827e-01 7.012695104220938447e+00
-4.700641668341996038e+00 7.249031821284140698e+00
-7.546634515555497913e+00 -2.962068485545283458e+00
2.323263497544763823e+01 1.868107881474081688e+00
-2.048223474778512465e-01 6.378175207991393592e+00
-9.054412191586674652e+00 1.992744473491507406e+00
-3.374771367125772414e+00 -4.590728634249185980e+00
-7.717754453995352648e+00 -3.395056076628833353e+00
-4.661025847397654687e+00 3.047133223964508808e+00
3.591189093616897754e+00 9.173379478173206536e+00
-5.248765108087646958e+00 -1.990476867215323464e+00
-7.572282372713137200e+00 6.129370366801237147e+00
-3.554448599150487720e+00 -6.388277005320021296e+00
9.804024631624358443e-01 -5.719635639246903658e+00
4.302343528873460166e+00 4.553751126953325290e+00
2.111135793766453261e+01 2.203581588895108023e+00
2.056302139503650750e+01 3.927902360982550078e+00
-7.996517325323998726e+00 2.669214711857425648e+00
1.942151498694456802e+00 -3.636188931273380387e+00
2.817620538880577730e+00 1.303192852734038354e+01
3.112196304977099093e+00 -3.178541106687829298e+00
2.219584762149059198e+00 -6.104462024603954262e+00
1.062281292983944692e+00 -2.723283264871139142e+00
-6.102227400619999464e+00 -3.519397714188314374e+00
-9.886840820837292654e+00 3.023485299063661813e+00
-1.713971868005625288e+00 -4.343253772720876427e+00
-8.567886318626555919e+00 5.242281873695877614e+00
2.117099370947319770e+01 2.857850378627874388e+00
6.245178964284993084e-01 4.362867397795704427e+00
-1.629816802435607670e+00 1.861550934678946945e+00
-7.442085243594377175e+00 -1.932626071609226059e+00
-6.070760798091278332e+00 7.064520027124987500e+00
7.562860140501497241e-01 -9.375735551095884190e+00
-5.568184506165133607e-01 9.352441565106941468e+00
8.094940338126882295e+00 6.884604965326993842e+00
-1.253889252104744889e+00 2.789287078238381401e+00
-3.176704363762722139e+00 3.616678228513068305e-01
3.273469115062964896e+00 7.854808047525494885e+00
-2.071187439292057064e+00 4.421543389508372002e+00
-1.084507888547882359e+01 6.805206192448481239e+00
-7.920095282543353932e+00 -7.984603781096734743e+00
-1.744641670513596754e+00 -7.759317160580131656e+00
4.240001247927999706e-01 1.156861429385249984e+01
-7.019770976773348714e+00 3.380265113542563871e+00
-1.566420919309368109e+00 2.571030369765945345e-01
-6.008207093487331285e+00 -3.777784370421404692e+00
1.182947986344040991e+01 3.651514408505790232e+00
-9.478891621388543243e+00 2.207500655206515283e+00
-4.967109657056674621e+00 -3.968017735323131401e+00
-8.685323842284583762e+00 9.438840278314822640e+00
-7.604161690503755011e+00 -5.023435969868794260e+00
-7.492717308672616205e-01 2.326497789205823175e+00
-8.762678100314477803e+00 3.457467706341962543e+00
8.768923241970934868e+00 -9.523555261884368406e+00
-3.742402634024120101e+00 1.415231331172626916e+01
9.240887667734475341e-01 2.309586273963667225e+00
6.485513387523177187e+00 1.290449114470413550e+00
-1.200936229730320326e+00 2.812000004137578557e+00
5.537192828724685434e+00 6.087461471935800006e+00
5.675276264770364065e+00 -3.321548816788120750e-01
-4.960950351433740302e+00 2.888135491998709004e-01
2.406899700396859032e+01 2.021778713723009879e+00
-6.026020977609845453e+00 5.587554699921164492e+00
5.405788760107820501e+00 2.285346513258788903e+00
2.828863390299612757e+00 4.338848828977127425e+00
-3.973609347625504995e+00 -3.029302468095232292e+00
4.521078034433175574e+00 2.959793240076783682e+00
6.347818690272879927e+00 -6.091962421524956817e+00
-5.372115890662983340e+00 -3.361664605089603963e+00
6.477523666771304534e+00 6.015995924455860511e+00
4.537927784156308708e-01 1.158871443219774022e+01
1.543549804274706894e+00 1.303892699870626171e+00
-4.535622953327255402e+00 -1.716356892206453155e+00
8.761254404734735601e+00 -9.513504746512699839e+00
4.877549489995297805e+00 6.512317294406247292e+00
-4.718492215286644309e-01 -1.961043689372082399e+00
3.157560625608908378e-01 1.514335176587496168e+00
9.995826055880820959e+00 -4.201617844333807916e+00
-8.645378230488409699e+00 9.623414297848398746e+00
4.613024984386627558e+00 -8.119359598833431946e+00
-2.442517079161343307e+00 -2.083089886324667628e+00
-5.132363654180939205e-01 9.112904435020110938e+00
-1.371262267389392830e+00 -5.760132506034029376e+00
-3.982530880545350538e+00 1.310551897867099669e+01
-9.902761726910679130e+00 1.551175370310657664e+00
6.256820120081242997e+00 -6.192787365383677134e+00
1.873724615709604802e+00 -1.632259901282026693e+00
4.359850635596790092e+00 -2.577429720415098213e+00
-6.600067141200686827e+00 6.116171916001686526e+00
-9.256575526431873868e+00 6.791717264746148786e+00
-6.679720022428326409e+00 4.416305843292448685e+00
-8.290178856984136146e+00 4.599770282597545057e-01
8.577401258516950122e-01 -7.495237035696313832e+00
5.920656547380571233e+00 4.572052100415532117e+00
-5.900656462515105005e+00 3.347594411981055451e+00
5.073304305539569015e+00 6.623209148425107884e+00
-6.912799845295370282e+00 6.311413516446447325e+00
1.715552996419982890e+01 3.579045212781213348e+00
4.556866523336621455e+00 -4.806879847229829750e+00
-3.062581916583628328e+00 7.889804846408998706e+00
-3.927763353100441446e+00 -9.491701163652545015e-01
-4.297464780711889532e+00 3.276737480896735555e+00
-3.050715244681434513e+00 3.429464781570190635e-01
-3.778087108612597222e-01 7.205158510983126874e+00
-5.383928033502605182e-01 9.175934868512461762e+00
5.772744966039214276e+00 9.820185821276393057e+00
-3.830635135119539125e+00 8.553371593807097994e+00
-2.407035208008632132e+00 -9.585260692335253907e+00
6.217661911724330359e+00 3.348139505764561985e+00
-4.150677848708552276e+00 6.916951957693127540e+00
-1.167411000796202458e+01 2.941102347111199666e+00
-6.628024340155941552e+00 -8.320738592700944736e-01
3.564432959884574093e+00 -7.660595155387856181e+00
2.227113407204060369e+00 6.770283697027514869e+00
-6.787866084196419791e+00 7.262647606170099301e+00
-7.693608429551026973e+00 6.008688814545296353e+00
-1.415368882564744801e+00 -8.914079382744807489e+00
6.416593749126500157e-01 8.147679039800379996e+00
-9.669102338413338771e+00 -1.631969273899121609e+00
1.656263724511406021e+00 -4.428611479086463909e+00
2.416157299301099570e+00 2.499983236041031454e+00
-7.269215752186721780e+00 1.870819095838720081e+00
2.064897904619508751e+01 1.121881791381564186e+00
1.250252215473191164e+01 -1.518060767958018253e-01
-2.124757053897274428e+00 9.116745893992554528e+00
-5.851090982058532397e+00 -2.199080505449164669e+00
-1.012506319344028327e+01 5.054523562496965994e+00
-2.506473798550433507e+00 -7.987799502958562670e+00
-3.224667683303876764e+00 -3.963358045248956074e+00
-8.059481747519702921e+00 5.314997199575445919e+00
-2.919993698565826357e+00 2.062167144886749526e+01
7.701900168188742235e+00 -2.183196713496403873e+00
-1.074644056697462657e+00 -1.066439916135852783e+01
1.177953566644296934e+01 3.623020892296070272e+00
-1.782683277267559596e+00 -8.339125265370904927e+00
-8.243676942403995511e+00 3.933637055117042980e-01
-1.083551116042643692e+01 2.649030717597237405e+00
5.369616808856294554e-01 -3.674935239572242107e+00
-8.659097702813522091e+00 9.737386079609295919e+00
2.197860598485537409e+01 3.423381216691692153e-01
-2.719681788987377224e+00 4.781085000669484053e+00
-6.040090108286954695e+00 -4.707511813203193896e+00
-2.519241663442771118e-01 -1.957458862806622957e+00
-3.654540871997975504e-01 -1.064577370003267731e+01
2.571498073405627416e+00 -1.623117480152751035e+00
-7.763108636373992510e+00 5.301681693518926153e+00
-7.699554086274472020e+00 3.341675488980999642e+00
1.809400468545922891e+01 4.758225274568467000e+00
-9.764296762675613195e+00 7.262825046678096363e+00
2.311216457134610991e+01 4.096557032534935416e+00
-9.711374992099578662e+00 2.273163602186813126e+00
-5.168922277551239119e+00 -3.372873320303725553e+00
-6.080913793871626893e+00 -2.915645571121866730e+00
-3.471015718906107939e+00 6.365887548091357928e+00
-7.220620877617693445e+00 8.660085738528939814e+00
-5.344860703982856620e+00 -4.675823366282527260e+00
-5.092933062697344582e+00 2.155169629802937692e+01
5.364887527650601839e+00 2.241004875117596384e+00
-8.330148416102080233e+00 -9.050946206091614599e-02
-4.414293091687001791e+00 -6.038451888624439157e+00
-4.797362924173786070e+00 6.002732786511679741e+00
-9.834419949237183545e+00 7.556993092269115309e+00
5.801145593598042716e+00 -6.826215809805635804e-01
-4.556072057258095498e+00 -3.755815192228313948e-01
-9.664597316211409606e+00 6.557560704399100437e+00
-1.018673122297182099e+00 -7.977026064177972664e+00
1.346087702615319071e+00 3.748929795440951729e+00
1.453795896189549186e+00 3.071878745660355126e+00
-8.797086181647580716e+00 -5.807760879752906114e+00
2.077554000001965662e+01 1.931405483013108437e+00
-4.606565451375759679e+00 2.465013977398305745e+00
-9.135752644536978551e-01 -9.831065432205630117e+00
1.250058715585537428e+01 -1.492599703798672406e-01
-8.914207057843577253e-01 -5.645164352247703299e+00
8.818358840481431926e+00 5.198591523013806892e+00
2.912084873536991303e+00 1.290663727691591589e+01
-3.969636929441856754e+00 6.509111448444750536e+00
-6.077905087382657001e+00 3.105926331342856006e+00
-5.909262502605333367e+00 4.205373508182769449e+00
2.099396094159293114e+01 3.395839646353985941e+00
1.214513633759286826e+01 -4.374877312821474906e-02
1.232496625357115505e+01 -7.228259302083045457e-02
-2.069587335872923539e+00 1.684718807354217418e-01
-4.142514337361689947e+00 -7.816260414135507872e+00
2.415656632279327809e+00 1.198740547357786124e+00
-5.523433844166705242e+00 -5.071028944095551161e+00
4.424108665737043200e-01 1.150229662865964286e+01
-4.761661530071307880e+00 -9.987577816000987596e+00
-4.164478208659604164e+00 8.615302548381357894e+00
-6.750439765035859629e+00 8.354179855735225146e+00
-6.496964072328005990e+00 -1.362758008504487917e+00
3.561151376393178580e+00 -7.635897187432380662e+00
1.230620519008196290e+01 4.003378905330861492e+00
5.001993116849702936e+00 7.495340054357801485e+00
2.220473854300817340e+00 -6.857988434933851574e-01
-3.286628116193401006e+00 1.149578142431603744e+01
-4.048008849783702345e+00 3.549716602801435084e+00
2.958789337820166399e+00 4.337407698250977717e+00
-8.378583007521598347e+00 7.903719859539980241e+00
-5.209810046276068363e+00 -2.410868610326255546e+00
-8.401848809709854038e+00 6.951623573703946235e+00
6.058201798177046404e-01 8.231056274774083192e+00
4.217638600474953314e+00 -9.508570069201200070e+00
-3.179711675808351234e+00 -4.120907880983240013e+00
-9.247416370135336239e-02 4.412240936953094883e-02
3.396511732228407077e+00 -5.653354339927046723e+00
-6.667667786668189933e+00 8.209901311316418315e+00
-6.091538537693826250e+00 -1.767800708960547973e-01
-7.465290269760574304e+00 -2.204879509246484570e+00
-7.779439620356193963e+00 -3.390278851908317126e+00
-2.616499880306481618e+00 -3.886090503031891519e-01
2.152675869938193376e+00 1.126504737352702179e+00
-2.146644930631507187e+00 -3.422501277511166951e+00
8.070975260009182861e+00 7.562653497750640774e+00
1.769434444617471769e+01 2.510469028962241556e+00
-1.899293241260260112e+00 -8.671289541544142665e+00
-5.395176981038484421e+00 -2.071612417366780257e+00
1.996169289034189021e+01 3.039845894868051790e+00
7.172536480935732817e-01 7.359343383839757280e+00
1.128680789388575523e+00 5.781727695330161509e+00
-9.977922553646084936e+00 4.276912576495084828e+00
-6.121451718467024961e+00 4.419987333332215051e+00
-5.815218017527601368e+00 -1.492260927150881544e+00
-8.714627829651469426e+00 7.124698742998661238e+00
-5.955247937141777470e+00 4.224139457194323377e+00
-3.140719037084098275e+00 -3.700678368714929167e+00
1.094293571349011529e+01 4.926324037402434741e-01
-9.911898379170493101e+00 8.769947822901990264e+00
6.240105689945681711e+00 -2.746553222266599814e+00
-4.327220396152601900e+00 -2.467714347722771873e+00
2.612090952674928968e+00 -2.493889647689054190e+00
2.158618907139800669e+01 2.985052011954947293e+00
1.086223975565909106e+00 5.714762503363319368e+00
1.241446396788418483e+01 4.075034849585050800e+00
1.243046158736508255e+00 -1.380337813971741490e+01
4.686173059666885465e-01 1.773446725445381844e+00
-1.077982923471159360e+01 7.355475080396288945e+00
5.840281542639010226e+00 1.430437307836755600e+00
-6.321931025810627602e+00 7.210612457977309653e+00
-4.289206685119761886e+00 7.408791825223937089e-01
-4.140774960361777168e+00 6.025191435325258027e+00
-9.890092232958199503e+00 4.664343370594442817e+00
4.733522382343524626e-01 -6.210318385382818107e+00
-1.685167337349548156e+00 8.508038298820750356e+00
-8.338832271200725899e+00 -5.277383592932243239e-01
-6.014182552534865778e+00 4.094783393839992236e+00
4.025726541246235080e+00 4.532247232302772488e+00
3.440400251941868603e+00 2.025284385248472319e+00
4.100954556652256500e+00 -1.023036555474342713e+01
-4.629591608291386606e+00 1.358362669769734854e+00
-3.529446002058049814e+00 8.271515762294811225e+00
-9.428099103142962178e+00 4.308577537720809758e+00
-9.853200449097187175e+00 7.950528970303040843e+00
-3.691179306051900255e+00 -2.792958554804388704e+00
-5.550657632720468193e+00 8.212454579206577066e+00
4.110792352563257701e+00 7.266934583663790193e+00
-1.443773605604502519e-01 -1.082649817779153878e+01
-6.278751285543767047e+00 -2.710377245313425387e+00
1.937054282168190156e+01 1.712938148052531862e+00
-1.822129404951972731e+00 1.002157873978531910e+01
2.085375391198859774e+01 4.215634247478416086e+00
-9.431729333226465783e+00 6.938852923674368789e+00
-4.494623406769014728e+00 2.043941291757267020e+00
1.958489181374326904e+01 2.898671400681563259e+00
5.209892648940490645e+00 -1.169952075860792995e+01
4.439683505633769123e+00 3.878419865881875261e-01
1.438788410615896574e-01 -8.134697747868841589e+00
-7.135780259533738956e+00 7.011663614262436894e+00
2.354208621069695251e-01 2.345524835477124093e+00
-1.982817485824987624e+00 1.684750860235891601e+00
-7.906723969948357578e+00 3.778793829711602825e+00
5.072679999473067580e-01 -6.884383680056713750e+00
2.434008725601775947e+00 -8.734426683838773187e+00
5.558999865212972402e+00 -6.601002371483780884e+00
-5.993206927120027672e+00 9.731084727636186926e+00
1.533922742949598073e+00 5.551264073954588874e+00
-5.187849422437245117e+00 5.066130972489184536e+00
-1.107951989218221733e+01 8.282701656556289649e+00
-5.475383863633311421e+00 6.522576002857337407e+00
-4.704090972569204609e+00 1.736487124994653186e+00
-4.113853055909774348e+00 4.583028531039995634e+00
-3.543008093122621549e+00 -7.721822265388838424e+00
-3.335066204992174654e+00 7.916642833518531042e+00
8.715185572440299566e+00 1.007478061876872033e+01
1.058954290625643679e+01 8.229918030696380171e+00
-3.037871670299504001e-01 7.348427549060166264e+00
-2.174461637622616461e+00 5.535166536203342424e+00
3.275156480975347506e+00 6.442988634422148753e-01
-4.318373386111058920e+00 -4.793372850301791388e+00
-6.972532438025483614e+00 1.128858605720573571e+01
-9.330459243523559820e+00 8.558801254816724935e+00
-1.675404320326257412e+00 9.954832153181790488e+00
-1.836813680010055405e-01 -3.906551838881736405e+00
1.454195147866325222e+01 2.063309358104549851e+00
2.165383626307084697e+01 1.535874366328356722e+00
2.835862525491617436e+00 -4.392884517294338487e+00
9.903122687188277151e-01 -1.821234467314214678e+00
-2.273404306890804527e+00 -9.275281336922365227e+00
2.293927347184267873e+01 4.167543744991729859e+00
-1.474492871455910681e+00 -7.326820745667196988e+00
-3.220290588131114795e+00 -2.719142486754729138e+00
-1.062213883173390805e+01 8.522520314546628839e+00
-9.859367235634163507e+00 6.845009185772214622e+00
1.185573953771573708e+00 -1.866669450277211872e+00
-2.514399683759790616e+00 -5.779394710812320035e+00
2.285132759270809544e+01 4.082101195846729702e+00
-8.447556125774222657e-01 -6.590264486167710878e+00
-4.875234844268224066e+00 -1.215277015595625398e+00
-2.118914167341375610e+00 4.100244841006107421e+00
1.238190588053717178e+01 4.048018608122032624e+00
-9.363142377177346987e+00 4.049825729868206103e+00
1.337673087424679785e+01 -4.363859410891906876e+00
-2.057045551933671113e-01 -3.550531983236648870e-02
-6.594642395555373682e+00 1.591756715920903620e+00
1.246129773926633044e+00 -1.381513835203536544e+01
3.661296615674341393e+00 -6.686348192072387731e-01
5.442107017767236599e+00 9.220742803163926027e+00
2.341709306180456096e+01 9.613617027849797880e-01
-2.174828399332348727e+00 -3.199794222988904480e+00
4.741258948571319465e+00 7.205927360875995724e+00
-4.405272165415604846e+00 6.951700283737139330e+00
3.570023954780498165e+00 9.689698794024323991e-01
2.011960469080811009e+01 5.067739289600317498e+00
-2.537888933714369966e+00 -5.688419077145320024e+00
-1.785406108687413451e-01 1.625459611585343911e+00
-8.820533474963749399e+00 -5.814457569893033195e+00
-6.600221263949721973e+00 5.060894598289059410e+00
2.204358411989042565e+01 2.912881628538382728e+00
8.509121950611742591e+00 2.953465406769891111e+00
2.132054906334317046e+00 3.539708235040371243e+00
-8.625199737226868280e+00 9.635083557533985044e+00
1.073208541117842429e+01 4.743811198977520016e-01
-8.461272628536779195e+00 1.117754237352315272e+01
-5.679041184547052978e+00 2.014573148208212316e+00
-6.542067352772410693e+00 1.722038601639335642e+00
1.027428453984408296e+00 3.353016508615600966e+00
-1.307288194455619612e+00 -5.807959115948624351e+00
-5.814090358505549005e+00 6.160881636537450801e-01
1.304364435172398640e+00 2.172149612517102479e+00
-1.467882619349829776e+00 -2.420000818820722710e+00
-1.169438683132304568e+01 2.938664440193683891e+00
-5.146636405274871429e+00 4.418028260870638491e+00
5.003957343017434667e+00 4.451498209038100562e+00
-4.708335733728731931e+00 9.477145223296059129e+00
2.287276206661693934e+01 3.429112789906807457e-01
-3.598619403902173275e+00 1.045963078183518391e+01
-9.288172888047311337e-01 -5.368072633421212547e-01
2.025020429976532643e+00 -9.804900889655866481e-01
-5.665908439393732898e+00 3.680692916058580622e+00
5.122628296286318772e+00 -4.358496460943359629e+00
4.424083294626574236e+00 -4.616249358787510637e+00
-5.197044467050745631e+00 7.389574081810873274e+00
-5.893267103115530148e+00 -3.771101751526838575e-01
1.643222921694220018e+00 3.534584479873331020e+00
-1.051500752652277271e+01 6.080919566581602709e+00
1.829093076251196770e+00 1.875070556715622727e+00
-1.692788645542004700e+00 -1.323186457820569428e+00
-1.106008074134731167e+01 4.445465867409710725e+00
9.985201847019169463e+00 -4.179843094405707227e+00
-1.374064164218922635e+00 -7.332393022014275452e+00
-3.586389289290289106e+00 1.434102780121477849e+01
2.157592408384805793e+01 5.571883965983210452e+00
1.337855180340846672e+01 -4.353933428049272969e+00
-7.904590118655566933e+00 9.173381294998689484e+00
2.006303087166976695e+01 3.608425101117300304e+00
2.059376009358937054e+00 -4.136195777718420508e-01
-4.017579829669855940e+00 1.310866033692425248e+01
-7.513780472595479765e+00 3.972898525448973484e-01
-2.329300464459134901e+01 -1.677180506986880459e+01
-2.475838902226148974e+01 -9.659026015719160085e+00
-2.204580660198575615e+01 -1.853560094291828264e+01
-2.413126080622540570e+01 -1.005671397673432566e+01
-2.374745819174883366e+01 -1.842524446593471765e+01
-2.654432346119386921e+01 -1.643337050949609690e+01
-2.903119734036240018e+01 -1.735156125271259597e+01
-2.286252360076536760e+01 -2.022997749269719492e+01
-2.411255600540805943e+01 -9.271422499905646930e+00
-2.438067209336409746e+01 -2.048506319212833660e+01
-2.603427081481786942e+01 -1.365936118575181268e+01
-2.563670285143387773e+01 -1.871486054364598317e+01
-2.400058255711662270e+01 -7.426585533770045267e+00
-2.551893586799125302e+01 -1.940652731844210521e+01
-2.286105850621918023e+01 -1.970153616854841161e+01
-2.062619075362948706e+01 -1.076925634462389070e+01
-2.436112936136004237e+01 -1.026576011366107011e+01
-1.199392111829275542e+01 -1.523771594768889592e+01
-2.948641056505951141e+01 -1.164146970926491420e+01
-2.651087675347949713e+01 -8.872878050932859750e+00
-1.928958713597964802e+01 -1.621148556444741473e+01
-2.337575752657972217e+01 -1.343990147032691418e+01
-2.257180608060242122e+01 -1.754009889456687787e+01
-2.709106666976175148e+01 -1.823068022430949853e+01
-2.483569068299064853e+01 -1.203124150494526035e+01
-2.698964887595951723e+01 -1.531281562095860593e+01
-2.072444880075446250e+01 -7.283312733427386831e+00
-2.889557348765274014e+01 -1.642483748963190493e+01
-2.209466163631191904e+01 -1.221499379193779511e+01
-2.546119808403581075e+01 -1.978850055144821596e+01
-2.284141831593947813e+01 -1.274193626312562877e+01
-1.499162346080871622e+01 -1.883701959845263119e+01
-2.191618898525235437e+01 -2.291037432933575957e+01
-2.544831759646383773e+01 -1.333081689085590504e+01
-1.551863178264700416e+01 -1.692546140950578248e+01
-2.616141463545157819e+01 -1.788761096233096737e+01
-2.499062455003456051e+01 -1.470105571850375625e+01
-2.696749641457407520e+01 -1.540391198039135645e+01
-2.559820852685796666e+01 -1.013168839256463016e+01
-2.381075380950183984e+01 -7.364055632058350120e+00
-2.530620763814394891e+01 -8.775902272202959153e+00
-2.192070480751558392e+01 -1.336986538515569833e+01
-2.102835853861525806e+01 -9.864472909862126215e+00
-1.435834113363410403e+01 -1.190638514026500872e+01
-2.179035025487840471e+01 -1.735720307280114483e+01
-2.025482867159680112e+01 -1.749378451639396914e+01
-2.754019149993051840e+01 -1.044914632984617242e+01
-2.512261481931399132e+01 -1.514364113150111990e+01
-1.686248797052977366e+01 -1.607217788835447081e+01
-2.082470909205897058e+01 -9.072964102786492901e+00
-2.731299685194796467e+01 -1.555480879115719617e+01
-2.222155940233073323e+01 -1.405974897759617903e+01
-2.207065246608344111e+01 -1.846821127762478554e+01
-2.141838648737276074e+01 -1.161445308401142285e+01
-1.916000153625702751e+01 -1.327966804717604532e+01
-2.002319251131112310e+01 -1.468678912759711253e+01
-2.661280055913695364e+01 -1.421105036497917773e+01
-2.460962395953081128e+01 -7.862083350744734744e+00
-1.725344902870164532e+01 -9.475224267428487224e+00
-2.419469493072848820e+01 -1.905742052203776993e+01
-2.590000607912949349e+01 -1.044346671865825016e+01
-1.698369910170075769e+01 -1.860572839697827163e+01
-2.056159474376561391e+01 -7.175070393169815652e+00
-1.995936425442332762e+01 -1.173045243460585318e+01
-2.622299917436462380e+01 -1.435223048712758676e+01
-2.738024697957652265e+01 -1.922501007231278791e+01
-1.968360221951650857e+01 -7.308355427377389191e+00
-2.232219808926268101e+01 -1.552059682569880117e+01
-2.556612163700591722e+01 -1.933774244231297246e+01
-2.015799460072722482e+01 -1.814620075652200271e+01
-2.589640626065028428e+01 -1.369461021803168066e+01
-1.744602242838082873e+01 -1.676350638727698694e+01
-2.969123622527757433e+01 -1.346441071942050982e+01
-2.869485274001142017e+01 -1.519731354516989619e+01
-2.559986264168558279e+01 -1.717264063169351118e+01
-2.375646004688552182e+01 -7.433716453874176899e+00
-2.111335835926006865e+01 -1.262844423295164553e+01
-2.112487257827723397e+01 -1.506709689338518032e+01
-2.014022256694420676e+01 -1.875844365031894156e+01
-2.570428303246281487e+01 -2.000950441621373699e+01
-2.396123849806905426e+01 -1.323186162618613793e+01
-2.481834164833722767e+01 -8.389678451671697346e+00
-2.732959063657125043e+01 -1.444015050209481998e+01
-2.394022699976281388e+01 -1.302418610970628698e+01
-2.206559127252596397e+01 -1.364859246307191576e+01
-2.566864174269966270e+01 -1.857729817651358317e+01
-2.007387533159819526e+01 -1.142958765844647928e+01
-2.530189635333254472e+01 -1.674825115385049656e+01
-2.751511638906352530e+01 -1.193290876819406598e+01
-2.378617472409644762e+01 -1.347077850551152522e+01
-2.582642593910281903e+01 -9.363270479784523204e+00
-2.300863205687863910e+01 -1.084224856017922178e+01
-2.045792984966653805e+01 -2.195182109448028029e+01
-1.718836655494857268e+01 -9.338884991128050928e+00
-2.333723591901114958e+01 -1.921761059992534726e+01
-1.966405131171632803e+01 -1.595298589652240651e+01
-2.383678257172611481e+01 -1.018731148604949688e+01
-2.471535192622916455e+01 -1.018935409347699306e+01
-2.515495994568951943e+01 -9.797344235711857863e+00
-2.162398712224071318e+01 -1.246288679802545474e+01
-2.355348412457509610e+01 -1.348438545604075500e+01
-2.371025254338357868e+01 -1.758483768786334167e+01
-2.505881088719650052e+01 -1.461861048468088953e+01
-2.341122117532116675e+01 -1.909567690002792872e+01
-2.496768188153343715e+01 -1.209928014366842675e+01
-2.728721306107851063e+01 -1.347691475902128388e+01
-2.464331419484221897e+01 -1.625573407135168580e+01
-2.031110531954110954e+01 -1.789614725610174872e+01
-1.994488254586713438e+01 -1.010502216179651036e+01
-2.323172441577604630e+01 -1.476765093781490457e+01
-1.857684205174324887e+01 -1.917060236471455781e+01
-2.504842768799960950e+01 -1.545558514292545915e+01
-1.777399538749896024e+01 -1.009508933564962696e+01
-2.177052513817830715e+01 -6.036670469845690334e+00
-2.195234639270676524e+01 -1.034650770927907182e+01
-2.216651223753436994e+01 -1.255839829689576703e+01
-2.779838708195648422e+01 -1.621517547627146172e+01
-2.500672680689890370e+01 -1.681794797136232233e+01
-1.773481096477038221e+01 -1.167009233778924582e+01
-2.770679882317920928e+01 -1.602709620148457503e+01
-2.888129161193170091e+01 -1.542867865864275778e+01
-2.581938929619035505e+01 -1.012788534713583743e+01
-2.671521124558302773e+01 -1.180365469915480503e+01
-1.442528523683269626e+01 -1.198793548635473805e+01
-2.937414423092872440e+01 -1.495136502839312165e+01
-1.855337868180273730e+01 -7.320749087622274942e+00
-2.698432148867480151e+01 -1.193999011534645760e+01
-2.845658336330774674e+01 -1.680865186138345990e+01
-2.361746707519740696e+01 -7.902468864981535113e+00
-2.273286074623779029e+01 -8.750124908034340621e+00
-2.514803986298613125e+01 -1.781046180627892639e+01
-2.512337681147781154e+01 -1.492871214508625144e+01
-2.274717236705932066e+01 -7.605802201024665976e+00
-1.893438932823582732e+01 -1.375345864572389232e+01
-2.750416344410147218e+01 -1.232972139207089768e+01
-2.581130213598181200e+01 -1.719820891363000115e+01
-2.279988358500315115e+01 -9.935342668357975526e+00
-2.898552018293764476e+01 -1.035409266352182911e+01
-2.119456457394659310e+01 -1.487118803441115666e+01
-2.682358870600271317e+01 -1.740055354427808609e+01
-2.212559443322289709e+01 -7.495909145707770449e+00
-2.098558446004514622e+01 -1.097143652157347482e+01
-2.186005525479354361e+01 -2.830919372312274263e+01
-2.252080162381426476e+01 -1.797942327736444312e+01
-2.572405947262826231e+01 -1.562478291907043015e+01
-2.454545931553741411e+01 -1.884117028590306475e+01
-2.099413976489667633e+01 -1.399666845368940393e+01
-2.564848691468592179e+01 -1.499090838806093728e+01
-2.369977494376249538e+01 -1.743025117094055076e+01
-2.235846116037655307e+01 -8.979855061580257924e+00
-1.483418507536597275e+01 -1.001216206089546645e+01
-1.502977785706810643e+01 -1.727707028542598877e+01
-2.487042577034859292e+01 -1.913398142849611006e+01
-1.696128345334272325e+01 -1.860612891170422856e+01
-2.512761161215245309e+01 -9.805586979600636965e+00
-2.372183180330431540e+01 -1.692542679132281336e+01
-2.099059675402015301e+01 -1.599027904523198629e+01
-2.384661165784399373e+01 -1.499670211404171738e+01
-2.255486112955308542e+01 -9.014391015385054828e+00
-2.730866094463838323e+01 -1.405858778825009381e+01
-2.613962960376886357e+01 -1.758020496932410026e+01
-2.384542838229116768e+01 -1.179479297730418885e+01
-2.043511267188029379e+01 -2.166164913176609375e+01
-2.445015586125305518e+01 -1.357343146090010855e+01
-2.359633211565630617e+01 -1.441759522134543658e+01
-2.002571936958301890e+01 -1.085789608218629887e+01
-1.709891008229563880e+01 -1.523958041221759174e+01
-2.725417988272967307e+01 -1.272549981374264583e+01
-2.465504757077936659e+01 -1.292115427991855547e+01
-2.942055474027321438e+01 -1.523340295818158019e+01
-2.431416629929905326e+01 -1.604104180407957614e+01
-2.630560725939703914e+01 -8.311544110804884866e+00
-2.670728505476086667e+01 -9.017665099870919576e+00
-1.470011688716044063e+01 -1.201468551798143203e+01
-2.221846888918322449e+01 -1.868294596388509277e+01
-2.439074961867605040e+01 -1.692153084831265275e+01
-2.191401406786656025e+01 -1.899102322569132895e+01
-2.169011744539040976e+01 -6.179115034564383713e+00
-2.093207460870974757e+01 -9.481638784118464613e+00
-2.349257332390289221e+01 -1.591151650911595361e+01
-2.298049615927630995e+01 -1.235673747856314364e+01
-2.633148851197509188e+01 -1.183849248623403305e+01
-1.798910917886706784e+01 -1.917700373661589452e+01
-2.561156100457909801e+01 -1.817361647082911347e+01
-2.702062708756646714e+01 -1.318619090249898917e+01
-2.369348045443172524e+01 -1.164094216227125855e+01
-2.470793612683873519e+01 -1.270617202381770561e+01
-1.714249054733206989e+01 -1.332981445247277819e+01
-2.740335936765083247e+01 -1.033923763710734711e+01
-2.745198234753875255e+01 -1.750394427773628792e+01
-2.642614035696749042e+01 -1.836056765396757839e+01
-1.981902296914677208e+01 -1.329105689043321092e+01
-2.815403975452028362e+01 -1.400429160670853435e+01
-2.298305731680226671e+01 -1.650168097783348031e+01
-2.517727833047491259e+01 -1.225251569702516363e+01
-1.199065881975078973e+01 -1.523807210194777895e+01
-2.552090728065485692e+01 -9.869362742650181985e+00
-2.499387176071009975e+01 -1.379522606006942098e+01
-1.749413664719918415e+01 -1.622001596377442212e+01
-2.423367941673262749e+01 -1.729786730440648768e+01
-2.727421971461806649e+01 -1.820603628296994714e+01
-2.533220254118482373e+01 -1.981933766560885601e+01
-1.879413414769734203e+01 -1.483841935281995639e+01
-2.425711831337649826e+01 -1.055957434055182098e+01
-2.680554552146275427e+01 -1.718062973581292141e+01
-2.492844312459166645e+01 -1.503321349911475480e+01
-2.575395488245336750e+01 -9.602221240186999296e+00
-1.912048042303544904e+01 -1.212433004750804599e+01
-1.726797747944630856e+01 -1.324380205591349657e+01
-2.395648063225764801e+01 -2.008583185914387315e+01
-2.753186743351968602e+01 -1.018677329004978382e+01
-2.835650200802331256e+01 -1.418760621645876441e+01
-2.764146707303009620e+01 -1.274477640665355871e+01
-2.498434320837674250e+01 -1.348783824972580092e+01
-2.277040100229154973e+01 -1.137502490700705771e+01
-2.443171337632497853e+01 -1.492239554997411233e+01
-1.488136922765889558e+01 -1.307249981513351678e+01
-2.346501973645769468e+01 -7.320751096031504090e+00
-2.304810712267303430e+01 -1.095056880577809721e+01
-2.329200155626192625e+01 -1.588065365789121408e+01
-2.797118039146284119e+01 -1.388931490935627266e+01
-2.605115873550158057e+01 -1.285533641136639815e+01
-1.745633726652934570e+01 -1.634203801633444186e+01
-1.773452692470015180e+01 -1.028577157494249228e+01
