-2.573728076072543303e+01 1.094359420938554628e+01
-3.618787556230207514e+01 3.526037556163140962e+00
-2.759189363021098629e+01 8.633275330710215911e+00
-3.256621259056081641e+01 1.258415168631022674e+01
-2.869465886222686990e+01 1.577035908289511901e-02
-3.205875893891003159e+01 9.200867704218211873e-01
-3.418284040744121910e+01 -1.795082637295297801e+01
-3.513502406700538927e+01 8.144938280103326989e+00
-2.466395922726773549e+01 1.112214406322686955e+01
-2.467576671173283742e+01 1.035375029196694108e+01
-1.954913907551707553e+01 1.002422934448462399e+01
-3.005072733200141855e+01 1.195131552952174125e+01
-3.512901168480177461e+01 -5.246343659218380751e+00
-1.945999609934172625e+01 1.121105111419011813e+01
-2.081433664925753035e+01 1.374503395209986500e+01
-3.237259831699178392e+01 1.364542812448300424e+01
-3.230597959052671797e+01 1.010312176583380328e+01
-1.777614071630657477e+01 1.489271234974062885e+01
-3.701667571538091295e+01 2.329704235603975437e+00
-3.687845099262579396e+01 4.461081246850064019e+00
-2.562546712105439184e+01 1.894156452430018334e+01
-2.085144047163256431e+01 1.563544570156768465e+01
-3.109643773838316960e+01 3.750327390144025053e+00
-2.975490672808498971e+01 5.521918226720393008e+00
-2.487989598333947328e+01 -3.057636874829761986e+00
-2.873502097805175026e+01 -1.074283440583188209e+01
-2.542880142232456819e+01 1.440339085565258515e+01
-2.523008251411041902e-01 1.170498709193239062e+00
-3.240350340415350416e+01 1.832945395988215598e+00
-3.171701936606059036e+01 4.912324570861905215e+00
-3.428155702509725700e+01 2.845259024140128101e+00
-1.845194983956553259e+01 1.477751513467706879e+01
-2.988505280890743876e+01 1.191448027665885423e+00
-2.219291067247864291e+01 5.749059154853133791e+00
-2.079098530039932058e+01 1.443606804533640187e+01
-2.520837347812004481e+01 1.483780775370763649e+01
-2.147101484499788882e+01 1.658633610040353901e+01
-1.927022844876274021e+01 -4.485863295720578847e+00
-2.750625177766875140e+01 -4.807218840141777250e+00
-2.181939631527999524e+01 1.303314599712224719e+01
-2.714178163257178866e+01 4.669418757542015186e+00
-3.460769581213827450e+01 4.436452160039404902e+00
-2.712444331794111108e+01 1.807606729364557197e+01
-1.795570860521092627e+01 1.161345056513225238e+01
-3.407543105024866037e+01 9.140684563533369555e+00
-3.743161619214131264e+01 -9.783518840541038486e+00
1.039608153437776128e+00 1.345095496498852405e+00
-3.039201472118865865e+01 7.314081745750158348e+00
-2.636792654076017328e+01 1.870364816616609005e+01
-4.013309812348433070e+01 9.842948780927843089e+00
-5.391374493437613324e+00 -8.344210424287307859e+00
-3.092503515668905578e+01 1.650877890621610433e+01
-2.027853363916764806e+01 1.160993125411229343e+01
-2.578376564162803675e+01 6.356432177154350605e+00
-2.912899760517403180e+01 1.155333663834302449e+01
-3.855369565113471708e+01 -7.077279686905338707e+00
-3.059190442807356547e+01 1.670179680962765145e+00
-3.366591301742123932e+01 -5.217512690698356437e+00
-2.958155903636230732e+01 -1.281539037079127041e+01
-3.052139581466295226e+01 1.293902274675702202e+01
-2.746598146878093871e+01 8.822583636786026418e+00
-2.912824999679679649e+01 7.930069110592686599e+00
-2.640024413093195932e+01 6.597533324799575993e+00
-5.449586358863639290e+00 -9.099287506499790013e+00
-3.374988785914848677e+01 9.113436597850665066e+00
-3.027633902373931463e+01 1.837205616829855614e+01
-2.685417798002173839e+01 1.098235762834032059e+01
-2.987457092943579440e+01 7.173678017806158991e+00
-2.173966113392329902e+01 6.530003740473580010e+00
-3.333499442049455297e+01 1.233945338049029949e+01
-3.502983061068481163e+01 -7.320966116226953702e+00
-3.941167090870831657e+01 -2.600781110025650378e+01
-3.438208844446263157e+01 1.086057025207066395e+01
-2.946933661939970150e+01 1.988276854448877273e+01
-6.038837573624580735e+00 -9.738789948437828414e+00
-1.893635529370241244e+01 1.272902397623559700e+01
-3.012852508031516052e+01 4.161535349313417953e+00
-4.026152205994092270e+01 9.820964750926995279e+00
-1.753515714675904746e+01 1.518269164507362845e+01
-3.901838712709589885e+01 -2.646693206789057840e+01
-2.893645969188578704e+01 5.117320564562204410e+00
-2.352319080595653844e+01 1.392309323887989159e+01
-3.174067601720480525e+01 7.868706345335557018e+00
-3.399929966281707294e+01 1.437732413477460369e+01
-2.707605191983885362e+01 1.294242881025923531e+01
-2.429436191431656056e+01 5.496891936669636713e+00
-3.291769986443192408e+01 -5.270498337036343406e-01
-2.464718108036123567e+01 1.547771538837060490e+01
-2.665658881517726897e+01 1.853233406823997242e+01
-1.104456727345465294e-02 -2.015159012202258282e+01
-2.744765847478256049e+01 6.451562969892073340e+00
-3.325946146389500058e+01 6.207815688240025942e-01
-2.958307152033304988e+01 3.048836036362943425e+00
-2.394514101113162496e+01 9.438562803156006709e+00
-3.574955926139967488e+01 -5.498302744458316127e+00
-3.652800037915661591e+01 3.598713011481928348e+00
-3.991405887634248728e+01 -2.171094712030692264e+01
-2.078865525373965895e+01 1.394758030286044104e+01
-2.884097710057662667e+01 8.465709194134063864e+00
-2.189940964553803937e+01 1.262414455868306717e+01
-2.273648175035062735e+01 1.220039312379723206e+01
-2.692190763740190107e+01 1.638044792125032245e+01
-3.433250700130916044e+01 2.831911334398579783e+00
1.685474323103773742e+01 3.172775805386426118e+00
-1.788191981131761565e+01 -6.209545941132747160e+00
-2.069277457594199632e+01 -1.424002948011519720e+01
-1.225983234980727765e+01 -5.411563861738569514e+00
-3.015244643812648206e+01 -1.498672672598874711e-01
-1.224686362341374313e+01 -7.394080975263396027e+00
-8.708341054726384201e+00 6.717550598562687547e+00
-2.229208080138173642e+01 -5.303002498368810436e+00
1.738952804273857566e+01 1.110315109752235407e-01
-1.562916089213209325e+01 -2.413899485610341600e+01
-1.313623905135791503e+01 5.543711040444975424e+00
-3.672693860624497120e+01 1.376621824098819058e+00
-3.581483481869226893e+01 -1.047189949871616044e+01
-3.938494384930830705e+01 -1.667209049416578637e+01
-2.044391727519758106e+01 2.520687328896126012e+00
-2.104726323596803894e+01 -1.106739588513955708e+00
-3.225934230285391635e+01 -8.883110501367021072e+00
-3.952351892682710144e+01 -1.262709419527035948e+01
4.017613374408478544e-01 -1.084326309030402413e+01
-3.238043522971951660e+01 -1.524519088951943147e+01
-2.750339522748373611e+01 -1.851859607129749463e+01
-1.991371002521839984e+01 7.295950616477240303e+00
-3.211578188372390485e+01 1.007889242254130835e+01
-2.900758241539308457e+01 -1.782209455375070206e+01
-8.221837552415482975e+00 -1.152192295467764005e+01
-2.884925461534684743e+01 -2.895883876853503480e+01
-2.818837378162966445e+01 -4.599545741822064215e+00
-1.178461285091610833e+01 -2.246640146832639928e+01
-2.395299681021947080e+01 1.460164994862031218e+00
-5.894182628710106897e+00 1.117510910630749477e+00
-1.774086489236523434e+01 -1.553873346015410561e+01
-2.732896344415842904e+01 -1.296753690107308365e+01
-6.115522612127724855e+00 -1.279694493599860294e+01
-6.691803169656885153e+00 -4.049815720036958666e+00
-3.211258551524138483e+01 -4.998877050406170142e+00
-3.364737030230210024e+01 -2.386237576617765654e+01
-3.529203466414884360e+01 -1.578258454168082281e+01
-3.474979670451920555e+01 -1.647699868443534399e+01
1.953337490584557656e+01 2.244561186421274890e+00
-1.440634357426610102e+01 2.621308818739058744e+00
-2.093254558172063895e+01 -7.993681175331922795e+00
-1.941994380942484355e+01 -1.576540406100717462e+01
-2.445963027282390811e+01 1.617382064821644150e-01
-2.450188980324138655e+01 -2.606744954053275265e+01
-7.265609562296492463e+00 -1.715436576285020820e+01
-3.107485075399226204e+01 -5.900335600480909548e+00
2.780339569566137925e+01 3.966071433303222982e+00
-4.269296153845169073e+01 -1.678917118174404521e+01
-2.511122992692475364e+01 -8.076547248256311207e+00
-2.135781923560540108e+01 -2.055148659464254379e+01
-2.172934214432191879e+01 -1.409274358497828006e+00
-3.702967498841374550e+01 -3.002666646306240494e+01
-2.073951700094761463e+01 -1.781809356013602397e+01
1.744400401021021807e+01 2.344659497081508892e+00
-1.757130596467466788e+01 -1.706083148841722519e+01
-1.331555340514407071e+01 8.770866251716727291e+00
-2.260041050734459489e+01 2.544617027411629095e+00
-1.487339164848962625e+01 2.332831054923716785e+00
-1.836905515303919501e+01 -1.310446937832181291e+01
-3.395583400248751360e+01 -3.823833079378708533e+00
-3.526781352826485261e+01 -1.272834467513223444e+01
-2.486562297483628825e+01 -2.531499882351074504e+01
-1.042537055962364612e+01 1.642573514571306958e+00
-4.013971191910864178e+01 -3.077045516135059700e+01
-3.167110080815812623e+01 -1.851741981499822387e+01
1.911622335452465649e+01 2.884471877982917043e+00
1.653934480838379883e+01 5.177481641049707761e+00
-6.276841591265611697e+00 -1.242467018160747649e+01
-3.230199785774714627e+01 -9.380289514100210724e+00
-1.532786878630185612e+01 -8.250292806888168684e+00
-2.069086967162247959e+01 -2.272595020743612437e+01
-2.316386588314090389e+01 -2.405773544443368195e+01
1.774245241077515800e+01 2.151190417370286490e+00
-2.190831553869146120e+01 5.317544706150268752e+00
-6.917735122314489615e+00 -1.189474008913769687e+01
-3.336670331451471583e+01 -9.463070314299368846e+00
-3.673023406694873927e+01 -3.254423112666298579e+01
-1.544133798540882552e+01 -3.619598312671447271e+00
-6.328962644707361029e+00 -8.784033283739626441e+00
-1.668845915449057316e+01 6.036260008163933044e+00
-3.281112974520571868e+01 -8.166020881063486669e+00
-1.272324464174623948e+01 -1.182555416808997606e+01
-3.629611829187594907e+01 4.453099676613077595e-01
-2.148247782262392036e+01 -2.317246323256640927e+00
1.457302123461908927e+01 1.441945188250485455e+00
1.668840207352001670e+01 1.102548659531554787e+00
-3.721216901736010385e+01 -4.025178226239610524e+00
-1.716911516573386010e+01 -4.191173447177200195e+00
-2.421281234225509138e+01 -9.060568406356834359e+00
-3.278336080411403231e+01 4.172370099539890909e+00
-2.178736420298992726e+01 -1.995382563577433999e+01
-2.954959534213870143e+01 -2.631571844367470714e+00
-2.162358433724115869e+01 -1.035792254637527421e+01
-3.037927793971601531e+01 -1.721642541285764949e+01
-2.307584994051100580e+01 -1.852167372527036804e+01
-3.409601451147383244e+01 -1.237810564321286400e+01
-3.476985468957553138e+01 -6.687746206282505490e+00
-2.836650094755341200e+01 -1.170225191592886560e+01
-3.942274045232358048e+01 -1.146952524445158872e+01
-3.206366564244670769e+01 -2.616129449052572298e+01
-9.076389964464784299e+00 -6.437169765577355207e+00
-2.212458658718854920e+01 5.023678470365116944e+00
-2.156865280017232678e+01 -3.965765645478115609e+00
-1.537799688441920054e+01 -1.628033326659131319e+01
-2.299936374387440452e+01 1.828618231424579132e-01
-1.886365842282705785e+01 3.446039060733027792e+00
-1.786557652235705973e+01 -8.184689512356772667e+00
-7.376756684961247146e+00 -1.240491166644257071e+01
-2.113603971134187276e+01 -1.029603885154418563e+01
-2.760845989323202687e+01 -6.859850699032557841e+00
-2.457518081432159462e+01 -3.107888068517903779e+00
1.569202655895946918e+01 4.779442946658736702e+00
-1.948907895416355984e+01 -1.192502874814755920e+00
-1.039232936636325988e+01 7.071473670090520969e+00
-2.238280035649645328e+01 -2.611455777327493522e+01
-7.091219274688176810e+00 -1.289168838732212663e+01
-1.602746029019424157e+01 1.197633530809393321e+01
-1.466515641639295353e+01 -2.793258257992865978e+01
-9.008114684320807086e+00 -1.748844849650858890e+01
1.041322757415514833e+00 -1.177964111835744232e+00
-2.622177116802144070e+01 2.789243690768309580e+00
-1.841990824851312070e+01 -3.143160052955538930e+01
-2.623764949747818775e+01 -3.809423500535232154e+00
-1.758177594488243045e+01 -2.207187839053402811e+01
-3.122977218366510144e+01 -1.061347532478836619e+01
-4.002000505176706469e+01 -5.163437928084083417e+00
-2.579042558845280908e+01 -2.938841271207395778e+01
-2.944822432363976716e+01 -9.784300504280166066e+00
-2.820347912105636823e+01 -1.093156771691892004e+01
-4.262095241933833734e+01 -1.902906138117624479e+01
-3.815733196258719317e+01 -1.192482935043879166e+01
-1.239523488125879780e+01 6.447015226740544058e+00
-8.801154710855474406e+00 -4.726776274747647721e-01
-2.785559445553412417e+01 -7.926179229768026691e-01
-2.384904046210850836e+01 -1.362519544289662754e+01
-1.746831185051072666e+01 8.647015995660487508e-01
-3.122602367451356997e+01 -2.253283104123930514e+01
-3.287798056393395996e+01 -3.377884195534836920e+01
-3.449202109819086104e+01 -8.738885454558441568e-01
-2.586265872955009115e+01 -1.399907052975383337e+01
-1.739994989012937765e+01 6.127095139720708517e+00
-3.916991144211952047e+01 -1.949603382191883938e+01
-2.690034988865392762e+01 1.004955141656778128e+00
-3.663328164340766335e+01 -1.359496411198510835e+01
-2.586505385185468597e+01 -9.252411283991907709e+00
-3.638433172552446848e+01 -2.111748268649064997e+01
1.812292498393084728e+01 1.397797104002160173e+00
-2.776520054041977303e+01 1.220803122673023822e+01
-1.934949997967411761e+01 8.347456131812802660e-02
-1.765287418935275809e+01 -1.975467271684605208e+01
-1.712750165450029627e+01 -1.099175359476217650e+01
2.780396250393887669e+01 3.968981454743575998e+00
-2.823106825275767662e+01 -4.022884984608641190e+00
1.849560091117407490e+00 -2.041060553988778636e+01
-3.179203313165266209e+01 -9.040804745444457780e+00
-7.784258320919847485e+00 3.814326408901345111e+00
-1.124393110297018872e+01 -1.144092274072330717e+01
-7.241308945532773045e+00 -4.162019072006029496e+00
-4.402793926934550406e+00 -1.279213532060312630e+01
-2.085111886675322168e+01 -7.364807972724364937e+00
2.757972595388274772e+00 1.127288623404666179e+00
-3.250398551682831538e+01 -7.349420710044352489e+00
-2.489792795279592852e+01 3.575659199816267453e+00
-2.898688695891430811e+01 -7.396550224429430997e+00
-3.473256817967721588e+01 -9.153217169800095476e+00
-3.522834342907389527e+01 -5.434723636293457005e+00
-1.020382280433043221e+01 8.161383120618920017e+00
-3.743012247393588154e+01 -4.745680609533977190e+00
-3.834343552922524623e+01 -5.317726584631602194e+00
-1.412483334713346217e+01 -1.846221835196327632e+01
-6.433626640827663223e+00 -1.736772149436080781e+01
-3.115204352317350356e+01 -9.972214433321042293e+00
-3.480280059081844257e+01 -2.311853496588720702e+01
-1.437236936243105134e+01 -2.205188369627329692e+01
-1.085028498817175269e+01 -1.051271195650009638e+01
-3.126105531780101998e+01 4.005720907245311047e+00
-3.799297718781807731e+01 -1.232469507289860466e+01
-2.767019833201903367e+01 -2.241665435159169828e+00
-2.066250574330680223e+01 -3.564748639613827264e-01
-1.124577616878545405e-01 -2.043433304232812375e+01
1.519748350614907872e+00 -2.043231800939565801e+01
-2.251250723564793432e+01 -2.116409951477212203e+01
-2.966642672418888083e+01 -1.914625558636356573e+01
-2.925022995929631620e+01 -2.629861892046335470e+01
-3.339904762374371927e+01 -8.728523152885685477e+00
-3.685293891812286660e+01 -1.024958746790039843e+00
-1.592611383930564273e+01 -3.816285242569560143e+00
-3.534174026736898355e+01 1.528594003059141837e+00
-3.193454552724050899e+01 -2.995365840805143876e+01
-3.640727101977710589e+01 -1.704566981086509614e+01
1.307150165584705093e-01 -6.874978687248571418e+00
-3.024782607628649700e+01 -8.827408169834519924e+00
-3.384911515147022243e+01 -1.094853277674073944e+01
-2.095720269304202432e+01 -2.532242255710056966e+01
-2.335651692412765712e+01 -3.561271042272802223e-01
-3.607089555298581018e+01 -9.762234262028643528e+00
-3.288000328869374300e+01 -1.648833089840975319e+01
-2.229882473395248965e+01 -9.426199886932078442e+00
-3.203802945583986173e+01 -1.993338970630715634e+00
-3.402108589113409920e+01 -9.130384964400091619e+00
-1.350677117767652824e+01 1.680615717183536972e+00
-1.144003114656335640e+01 -1.934426095003365020e+01
-2.668326470480810997e+01 3.638672509138143774e+00
-2.007883466439395193e+01 -1.382708340232606936e+01
-3.171304055210750761e+01 -1.006532466544203608e+01
-3.455553162586155480e+01 -1.418450903768705373e+01
-2.435171889181157923e+01 -1.071891166086048308e+01
-5.421441704663553907e+00 -1.078540236300748312e+01
-1.726415076604142129e+01 -2.530201040552577663e-01
-2.036279685565633812e+01 -1.074569966269497456e+01
-2.648294028779191223e+01 -3.315505949998679647e+00
-2.659712972816350884e+01 -2.122718265507063862e+01
-2.407229604379336863e+01 -2.635544932654669381e+00
-3.375943705457752486e+01 -1.555354871883670498e+01
5.971226598532457963e+00 -5.991317755927944022e-01
-2.404101908645587571e+01 -2.270093069021001053e+00
6.437118780639728755e+00 -7.783077579015480474e-01
-1.654427765755078283e+01 -7.854252768061322776e-01
-1.465746361779698503e+01 1.321672851202393861e+00
-2.911306191834485801e+01 -4.534476626361539253e+00
-4.005904418787291377e+01 -5.365772163654355609e+00
-3.814153952865799369e+01 -2.171348920151958239e+01
-2.465654977062317954e+01 -2.317667272386648136e+01
-3.385520202055928962e+01 -1.207906986511667036e+01
-4.030618389728275019e+01 -4.619562814299886355e+00
-1.427233097534597484e+01 -1.415195188870875498e+01
-2.953885122366349236e+01 -9.174840181105661685e+00
-1.058614797478732861e+01 -1.469957185794845778e+01
-2.778384743985848004e+01 -2.269785078025849145e+01
-2.999697424761425069e+01 -1.147124890397262842e+00
-3.709089516559244259e+01 -1.140750742860734768e+01
-2.337946710743537082e+01 -9.039018491285002455e+00
-1.727776829829092975e+01 -1.622373212774095208e+01
-2.575392119528942914e+01 -2.452755685647299622e+00
-2.868436530707622723e+01 1.110850021621835282e+01
-3.051646786629131469e+01 -1.543688705333268985e+01
-2.259507649575725097e+01 -2.926676293471492940e+01
-2.556599916230279490e+01 -1.490812816046717515e+01
-2.318942911456915112e+01 -1.184163044148945154e+01
-3.080388565787007948e+01 -3.264037620939720608e+00
-3.006660503152278707e+01 -7.788814004143862491e+00
-2.910520495054164059e+01 -9.411880558162801336e+00
-3.778888624717989586e+01 -1.787281797040869691e+01
-1.059303499035845597e+01 -2.716713474555636054e+00
-3.235533685760268696e+01 -5.478036668261822228e+00
-2.687465518831473332e+01 -1.651161235220446599e+01
-2.818958138460444118e+01 -3.517372246410195658e+01
-3.400000989219107339e+01 -2.758254468073448962e+01
-3.640362630830314572e+01 -2.233215039709223504e+01
-2.977369209099886049e+01 -2.220386922417907982e+01
-2.756952461075073302e+01 -3.212061893648475319e+01
-4.188505736932189905e+01 -2.835450507667341569e+01
-3.544863926329026782e+01 -2.852833855222018755e+01
-2.425794983217596368e+01 -1.847738319657640105e+01
-3.700254240106854553e+01 -2.461647169092449872e+01
-2.365453604090364692e+01 -3.314407282623060524e+01
-2.473130878898723140e+01 -1.776156519456065297e+01
-4.010622566257561061e+01 -2.431663886084846027e+01
-2.435104220948619158e+01 -1.845112283255246410e+01
-3.424967135461024270e+01 -3.819511720183755443e+01
-3.373225459240287449e+01 -3.242266539822903582e+01
-3.679437046091231878e+01 -2.702769524868568141e+01
-2.849874919647271199e+01 -2.674877917198431021e+01
-4.239162239634668339e+01 -2.087483459342160330e+01
-3.437256878041360153e+01 -3.135638411839249073e+01
-3.037931952348550624e+01 -3.374626022044996887e+01
-2.513029181479314289e+01 -3.125761012783145176e+01
-3.622638822208418929e+01 -2.927750037007989903e+01
-3.276752853859812120e+01 -3.064949326730629764e+01
-3.412171117262479214e+01 -2.792669014739879074e+01
-3.346135476091485117e+01 -2.707193702430037874e+01
-3.013472668397978893e+01 -2.862794109552847033e+01
-3.250705683782447153e+01 6.131711666334378918e+00
7.264441831134091920e-01 -1.989608930928646657e+01
-2.977347242563925533e+01 -3.698505013057003055e+01
-2.525939739407797191e+01 -3.732116354974903771e+01
1.900040391411837559e+00 -2.072880104865863160e+01
-4.033738002415118729e+01 -3.236770523411421152e+01
-3.668899825939179493e+01 -4.067518097434257385e+01
-3.201398908861518322e+01 -3.653975072657605949e+01
-3.299774777573326645e+01 -2.174228400935194117e+01
-3.553948395751407219e+01 -3.639182036465252423e+01
-3.508763186844057458e+01 -1.994517926546411246e+01
-2.841332506389548129e+01 -2.406328417195774350e+01
-3.306077457664702024e+01 -2.568957261683090820e+01
-3.572807119943676923e+01 -2.630642446772194631e+01
-2.072828336134660177e+01 -3.027875246338869175e+01
-3.293486411651566925e+01 -3.069949611462176975e+01
-1.403539508605693520e+01 -1.059493274521223150e+01
-8.816293330412504403e+00 -2.442553976509989866e+01
-3.205420025466855805e+01 -2.430682071797282973e+01
-1.919056225199610921e+01 -2.844149319896943595e+01
-3.314373513600646248e+01 -2.757413782260967139e+01
-2.751854762624485673e+01 -3.022938956662335386e+01
-3.342199507855449525e+01 -2.211954134966324759e+01
-1.518154600690087364e+01 -2.798512476157362627e+01
-2.576406687695777009e+01 -3.245537699226660777e+01
-2.566190304054423166e+01 -3.462565087921421991e+01
-3.384012714035339542e+01 -1.526944112482210159e+01
-3.704411803971417783e+01 -2.619726868820905707e+01
-9.373670694446506246e+00 -2.579075248179746183e+01
-3.167557852457962753e+01 -3.410263089944189829e+01
-4.043808655948689790e+01 -3.801193856582676744e+01
-3.266004422876903845e+01 -3.009960546010810134e+01
-3.121273491098835251e+01 -3.296122911098619568e+01
-2.931788533726389545e+01 -3.393378637573991341e+01
-1.017427075658878444e+01 -1.772454555668924314e+01
-2.318741688647252985e+01 -1.630546857536796068e+01
-3.698850364923630707e+01 -3.466189046464881329e+01
-3.735466841283292894e+01 -1.557386019549170619e+01
-3.886214687220741837e+01 -3.179272391746301452e+01
-3.017592237213873574e+01 -2.613944920996548760e+01
-3.258519786233345172e+01 -2.831639328256098764e+01
-3.568291602206036117e+01 -1.905233464997149539e+01
-3.183218122977397258e+01 -3.132232651790646472e+01
-2.395779831118004211e+01 -3.037953860254986793e+01
-2.137268214473548866e+01 -1.534600952630431614e+01
-3.338180725311114116e+01 -2.841540449864213258e+01
-3.528719466671570615e+01 -1.315830993102389534e+01
-2.912571668825514237e+01 -2.399803941941172170e+01
-2.609081047872731673e+01 -4.007563287031913291e+01
-3.667743514106739866e+01 -3.649020921295569764e+01
-2.686451262172864318e+01 -1.466298879443894165e+01
-3.594132302090173425e+01 -2.422851645296246659e+01
-3.916985335212697095e+01 -2.825226315395795140e+01
-2.986795508724172521e+01 -2.893613614666161382e+01
-3.952142297058696840e+01 -1.498137408916379343e+01
-3.728953853147181974e+01 -4.020771287704275210e+01
-3.934245494843597868e+01 -3.553032118638505210e+01
-2.506065166418380841e+01 -1.721812159113509111e+01
-3.155170272730742909e+01 -3.014467370355380282e+01
-3.829864326478705294e+01 -3.424278826402861853e+01
-3.819679943566909941e+01 -2.992189204259376467e+01
-3.299881962961759285e+01 -3.045061454237072240e+01
-2.882382851363296794e+01 -3.018977928785201925e+01
-3.291986475508043242e+01 -3.904770587370650503e+01
-2.613274702250226156e+01 -2.379324550092415436e+01
2.803348802103173831e+00 -1.202684633786991864e+00
-3.432139006296014827e+01 -3.503328712657184241e+01
-2.890809004019362050e+01 -4.230353745409252042e+01
-3.167287952417520103e+01 -3.227838302556046557e+01
-4.320476255036648183e+01 -1.970391323386603943e+01
-3.586040096081579520e+01 -2.896777331194821770e+01
-3.296779734032091369e+01 -1.913827482259184265e+01
-3.061968769591759809e+01 -2.009983419261407889e+01
-2.469415744154160919e+01 -2.734672082392515335e+01
-3.688142480584450311e+01 -2.569305955983831069e+01
-2.173744657815990067e+01 -1.585219855508196751e+01
-3.289897331692887406e+01 -1.400342774404046331e+01
-2.206530190772355837e+01 -2.755330956265198239e+01
-3.796492283817831748e+01 -2.618648075462096969e+01
-3.258235469913195459e+01 -2.622844181655145590e+01
-3.045707354788444121e+01 -1.807085289447728016e+01
-1.843581687836676863e+01 -2.527021935814888565e+01
-3.579449427256911775e+01 -2.983182087901558077e+01
-2.803487873662840357e+01 -2.705981152897485842e+01
-3.068049838269481455e+01 -2.794307561269386397e+01
-4.117926295675167836e+01 -2.936834356105659438e+01
-2.555491074182098288e+01 -1.912081839577128761e+01
-3.375568570594922591e+01 -3.856223737757404990e+01
-2.987064362934190243e+01 -3.154707535439106181e+01
-3.096885392928420444e+01 -2.286591642638379440e+01
-3.569974786451342652e+01 -3.034235862642859871e+01
-2.884022330787659172e+01 -3.840208851913704535e+01
-3.639221929653842125e+01 -3.036390262290375830e+01
-4.376798349591489767e+01 -2.492363700186572117e+01
-3.542581757705065826e+01 -3.511202520624046031e+01
-4.028622287078761843e+01 -3.485119843149369956e+01
-4.330554222107030427e+01 -2.754736991898744236e+01
-2.527046967804006172e+01 -1.673288391530910957e+01
