-5.391323431172594383e+01 4.674118977642140749e+01
-3.400727467557862127e+01 -3.047571470927951509e+01
-7.816878981466411247e+00 -2.766083192166474802e+01
-5.293194994607733861e+01 5.987030330426320290e+01
-5.409228736092619272e+01 2.363391927563348460e+01
3.488042125927681525e+01 7.352610824065264339e+00
-2.193832194753683495e+01 6.717426353143331141e+00
-1.646696928148628203e+01 -4.144682360277112565e+01
-6.551480439239222164e+01 2.842388338544186865e+01
-2.078493967017676880e+01 4.466939208893798252e+01
-3.367989809870746143e+01 -3.335702191449727394e+01
-2.909960262699342692e+01 -4.719690832475637876e+01
-2.729609044511975213e+01 1.947729908972863200e+01
-2.439201053211397152e+01 -1.163102121801317601e+01
-6.339996550779054019e+01 -3.580464475993156981e+01
2.951601542027125902e+01 -2.182889869565988405e+00
-3.264326703922895945e+01 4.976493009505020382e+01
-4.479078687230020250e+01 9.312949837202714320e+01
-1.715090628135669348e+01 2.270212273967095840e+01
-5.769483669199384224e+01 3.857898807414849784e+01
-1.194427155090313875e+01 5.699809673232611118e+01
-4.477299566304691325e+01 -3.676408558658393844e+01
-4.608183923626013723e+01 -3.040443349611394552e+01
-2.746475520674366422e+01 -3.175617580604533075e+01
-5.511778466905932561e+01 -4.263756756957976535e+01
-4.864260046527892456e+01 3.435832137868648317e+01
6.119230967870017857e+00 5.624380035776232489e+01
-1.051160015435409889e+01 6.170475722885652203e+01
-2.637184887582960613e+01 5.855209743977350456e+01
-2.618145247842403123e+01 2.416804955781799080e+01
-2.498988326163076223e+01 -1.442377523893756042e+01
1.838618117988694323e+01 1.772625522845093826e+01
-3.857471829637905358e+01 2.008626343991663177e+01
-4.405140515255760647e+01 8.224791304741515319e+00
-3.503121128344415247e+00 -1.025660251864180239e+01
2.845903444703106899e+01 5.488106186739751990e+01
-2.792719336444622336e+00 6.849759614385027362e+01
-6.342098100015584095e+01 5.953359493064279206e+01
-7.077965828667268511e+01 4.039715866224192808e+01
-2.109094304982629708e+01 2.266539259224216352e+01
-8.031125135214563215e+01 1.252581021122364113e+01
-6.095517251445583184e+01 3.727470035977217577e+01
-6.083837878783729280e+01 5.129149365148244932e+00
3.869311652169906779e+01 9.853778091308253551e+00
-4.255759169957757848e+01 -5.612096612739511770e+00
-7.632591484042434615e+01 -1.851218198799870152e+01
-7.540726394368789443e+01 5.189242157901702512e+01
3.219202970004761966e+00 7.006114283398459008e+01
-4.142742413264422652e+01 -9.251244033776169218e+00
-1.622921183556270019e+00 -3.206647565622605889e+00
8.919005276498744195e+00 6.128356806634740650e+01
-3.017480506068445578e+01 -2.355713869969610741e+00
4.876352188807140209e+01 2.676362916715695484e+00
-3.770038798448544526e+01 -3.182640585084911677e+01
2.202917878686058817e+00 6.897579173465797453e+01
1.940286693146017072e+01 4.555564891906385583e+01
1.024469856036521165e+01 2.785515300764419777e+01
-5.269201176790780750e+01 6.943897291034521402e+01
2.238300249275702924e+01 3.325138475225696055e+01
-6.223863166943272773e+01 -3.988625533406942480e+01
-4.910518249637878085e+01 -4.173869949104930299e+01
-4.318892930156282262e+01 1.652293855585610061e+01
-1.612102556599558767e+01 4.984192071658349477e+01
-5.015655991658686474e+01 -1.208408971457552639e+01
-2.552830389634935671e+01 -1.887120308856502504e+01
4.583197823353589939e+01 -4.629179842983262461e+00
2.345826655192491828e+01 8.814407527339550796e+00
-3.038443450461207362e+01 1.207741439423654661e+01
-7.041986446439000247e+01 9.453771599259164216e-01
-1.939072432547601821e+01 6.500766433331135374e+01
-7.768392774051690708e+01 -3.096628199466762865e+01
-4.696471313314665963e+01 -3.686831779274691456e+01
-3.655813723276457949e+01 5.917848516660198754e+01
2.789054840071305819e+01 1.209446255626276212e+01
-4.953994231438700524e+01 -2.966106745447615012e+01
-9.315963315855997351e+00 3.108474137224484224e+01
-4.469258914918231795e+01 1.046536080083773523e+00
-5.832785523987828213e+01 -7.970267072487064119e+00
-4.722138481484222439e+01 -1.526894991746777208e+01
-2.878615086186824001e+01 5.443272115464436922e+01
-4.868233431262894761e+00 -1.451430364094942860e+01
-2.946731466144365896e+01 -1.775469998005768346e+01
-1.118304787797196020e+01 -1.910319143698810151e+01
3.574413667442765341e+00 4.916236251533355528e+01
-5.847726633202239555e+01 -1.126767310332439465e+01
-5.918593797031515891e+01 -4.852267540834276360e+01
-5.682402279557197744e+01 -3.410265129108883286e+01
-6.894120211404474219e+01 -1.681573233037217818e+01
-4.728610571635073256e+01 -4.505723265047793547e+01
1.488351467238328674e+01 2.663284398499501293e+01
-5.061306149058487591e+01 -1.993157962844749775e+01
3.572197323476582653e+01 4.223242602807363255e+01
-5.256787081469381917e+01 -3.460957837694962791e+01
-9.010639705777099095e+01 3.067298175417088402e+01
-5.302709776387612095e+01 5.726684586812964106e+00
-5.587099534712727689e+01 1.402105636525981858e+01
-4.224325456734592876e+01 5.118456537903070824e+01
-6.211647239192667058e+01 1.251561845693155739e+01
-3.390155989475657350e+01 6.998845411483628709e+01
-3.278971981177528505e+01 -3.845183466032834474e+01
1.451246405892400304e+01 6.776024190868680819e+01
-1.398856851752293551e+01 6.254136589961991177e+01
-5.139468275877385395e+01 -7.824333342851929274e+00
-1.323802275539507711e+01 -2.659881769916956884e+01
-3.813433150995162180e+01 -1.007916883369334382e+00
-6.190666821710009771e+01 -2.830235126209385754e+01
-6.696351837187768297e+01 5.111507298637427965e+01
-3.714396282223817991e+01 -4.423360295770388007e+01
2.890812729036493778e+01 7.009637093149054010e+01
-8.836089668793809082e+00 -9.639908936715155363e+00
-6.185515947731697395e+01 -4.287892552449387296e+01
-4.237291168859645296e+01 6.197240503962107994e+01
-2.799693955605985352e+01 -2.614804089435465784e+01
5.175983692631837663e+00 2.410982865755978821e+01
-1.368920567259034726e+01 1.341755869521125533e+01
-5.906353627715346732e+01 -5.425377104829293984e+01
3.255852505374311701e+00 6.262176570691847743e+00
-6.015964581236410424e+01 7.887158286242978100e+00
8.798440376026245957e+00 6.533499712940477266e+00
-6.388432358025690405e+01 8.335803664624657472e+01
-1.783873573196668261e+01 3.326223881442905927e+00
2.411047729079892399e+00 -1.604360917287294797e+01
3.324156344446325306e+01 4.077449356884697806e+01
-6.132845290274526917e+01 2.451311866227423764e+01
-5.018888080354007997e+01 6.134970769563060422e+00
-7.013947253677366689e+01 -2.145106846509227339e+01
-1.190406919973843536e+01 7.224545419512404010e+01
-3.876366065308307896e+01 6.933123655367690219e+01
-5.051072622480884888e+01 5.233003155990953559e+01
-4.307886886003139892e+01 -4.073425155423584521e-01
-2.967813270191429709e+01 7.487762438292976386e-01
-2.290397348825491974e+01 4.965790950200752718e+01
-4.682205404711430674e+01 1.939467460193262482e+01
1.806524905059004027e+01 -1.217582188021729017e+01
-3.864753481352059339e+01 -3.841160879676876050e+01
-9.347833457889372255e+00 8.056548293800221927e+01
-1.692720524789205072e+01 -2.091591005132108094e+01
-3.707687348044970577e+01 2.985239753597074497e+01
5.403170812569580761e+00 -6.126403549016230521e+00
-1.194930730696241206e+01 3.927014158278770850e+01
-1.728800997819333674e+01 6.890004650922945473e+01
-3.927731876156182977e+01 -3.604225628117418267e+01
-7.729677891138576840e+00 5.449697963075258400e+01
-2.743824577364549810e+01 -7.916897662662594648e+00
1.828210013246894050e+01 -7.768366009479636070e+00
-1.581257752806745209e+01 -1.455695217132752894e+01
-2.632813643925704028e+01 3.420539600415088533e+00
-1.140321211791675005e-01 6.073196522986260959e+01
2.093611040200259055e+01 2.428947175742762710e+01
-2.666700580571118451e+01 4.763589009325121282e+01
6.892550465457399689e+00 6.394314908937670339e+01
-2.620257319076229940e+00 2.570987722186433544e+01
-5.163600815745552808e+01 2.444762513543743410e+00
-1.680241426056080734e+00 -2.366104329511747650e+01
-6.386392907319588375e+01 -2.753730152512530616e+00
-4.256655903473743052e+01 2.917753517450867307e+01
-2.860319730334940047e+01 6.101963108341483633e+01
-5.975589967831669469e+01 -3.363413886683833454e+01
-4.366182350003418833e+01 4.899639203218706029e+01
-2.421790730932607616e+01 1.770539022869105850e+01
1.216812179696494578e+00 -1.364221595287222577e+01
-2.554997250725109126e+01 3.278081314853767481e+01
3.746931608559432636e+00 -1.219199820421923697e+01
-3.000155011383757397e+01 -2.037715599840463199e+01
2.642082298806520679e+00 7.172865095636083765e+01
-6.359833600591809954e+01 -1.917281846330944717e+01
-3.372034775840734255e+01 -1.355726859104265269e+00
-1.798180936713793443e+01 3.611741314746936382e+01
-6.209550756558873985e+01 -9.025414249816053669e+00
-3.046612590754270400e+01 6.369569539061059515e+01
-5.109264490574679485e+01 2.755200257895969784e+01
-1.675914077704672067e+01 8.585608986085310335e+01
-1.615508766824643061e+00 3.790157358036895907e+00
5.605973078190123360e+00 6.925302633713636169e+01
1.897813995338782078e+01 -1.652840081261057037e+01
1.336421980804321841e+00 1.380050078096528487e+01
-2.600698301100788612e+01 7.258433847968802866e+01
-1.720956028440233609e+01 2.665330958737876799e+01
2.807416657975949636e+00 2.985105487498752908e+01
-1.401891431167615210e+01 8.169042181126567215e+00
-2.261063269325631708e+01 -2.840727667125905498e+01
-1.629649214608746677e+00 4.190904004215704504e+01
1.157878370654066913e+01 3.892291259192893449e+01
-3.448429373353018690e+01 2.294501844188610473e+00
2.732668094180499274e+00 2.124100243448508341e+00
1.059937243285245678e+01 -3.066725924274559389e+01
-3.913027234067413929e+01 -2.348415580149955773e+01
-1.696897186596895324e+01 1.454614704275304327e+01
2.997449198862311093e+00 1.005378492011018920e+01
-1.639726780857866473e+01 -3.402272661356037453e+00
-1.882290356619191130e+01 5.315364240812393604e+01
-1.325209159583014440e+01 -7.143707790785877698e+00
-5.211633677466834058e+01 -4.843159724844050373e+01
-5.806244374807533859e+01 -3.893031742654815019e+01
-8.936892990292482963e+00 -1.262315839586019894e+00
4.418555859461370527e-01 -6.009668292197305917e+00
-4.390803985170746415e+01 1.279205143321048865e+01
-5.352729513387853189e+01 -1.575761241850139172e+01
-4.901280656783178102e+01 6.230958323415287481e+01
3.184155914309052449e+01 3.872257817377972344e+01
-6.611039924570063420e+01 -2.416346239081187264e+01
3.115829802569564766e+00 5.704706000067349692e+01
-2.492629061203064467e+01 -2.224822989365833692e+01
-6.527875364838794781e+01 3.272391656727505449e+01
-8.073280398154585313e+00 -3.382816803650579374e+01
-6.794692194597084267e+01 6.664100705124400292e+01
1.520050701696264772e+00 3.777883706571017797e+01
2.244406871537387715e+01 -9.587279476457991056e-02
-1.247326694411186843e+01 -3.712822993675566607e+01
-5.082652357110413988e+01 4.579189386306671850e+01
-1.881610586759189019e+01 1.045196446834296466e+01
-6.196297045085653110e+01 9.768494373830704092e+01
-4.475921381886119832e+01 2.133856030506877488e+01
-5.011816957194437983e+00 -6.709246474681520134e+00
-2.057549514670926527e+01 -7.780861635436894019e+00
-4.255899320798585705e+01 -3.380746879426977358e+01
-3.898778831907635123e+01 6.466570697660345957e+01
-1.150651221163068172e+01 5.958575128382514663e+01
-5.048764810051414642e+00 6.624405557156362256e+00
1.357399207078424652e+00 -3.569645151302708541e+01
-3.241075435677787908e+01 5.856981735321863169e+01
-2.514326173425533284e+01 1.158698581520512683e+01
3.898970881457934468e+01 3.282693450341807306e+01
-5.564022264136150397e+01 9.748050789531236049e+00
-7.701548996210760833e-01 3.355922465535450527e+01
-5.762494113089532988e+01 2.551855094306836591e+01
8.787207277162940144e+00 3.655114385986867376e+01
-3.184463744983628075e+01 3.292754261941195892e+01
-3.777075135759650948e+01 4.279164736629108035e+01
8.133660264981706689e+00 4.500922045775742220e+01
-1.020818148002457626e+01 5.276802466145061210e+00
-3.872701437912583344e+01 -2.731733616730430114e+01
1.637521515614150758e+01 -1.185827033241147177e+01
-4.081919936463037857e+00 2.339966960682654218e+01
-6.310089476803286601e+01 3.585394037036880199e+00
4.056481643330180908e+00 7.422781697714002291e+01
-5.754136903878725917e+01 -4.138317915466610764e+00
-4.987335933800105536e+00 2.812097856491832459e+01
-2.197978209941300776e+01 3.087655482454259115e+01
-4.742602334009197307e+01 -3.410149049997564674e+01
2.845650668761419411e+01 -1.911380047814428806e+01
-3.148842736060994341e+01 -1.420480280006097651e+01
-5.041036613736903860e+01 1.182448679967041727e+01
2.830494556668242678e-01 2.703554002072801055e+01
-5.432962096208294867e+01 2.003742258265039311e+01
-3.324885008440532630e+01 -9.000035000368278304e+00
-3.684236380631082142e+01 5.468605565310005190e+00
-5.239444368802141128e+01 -3.918606964168358786e+01
-8.734253645901880247e+00 4.223558277119301607e+01
-5.740746087921549190e+01 -4.573400019959151308e+01
-3.451309763449005175e+01 -2.468917820455608947e+01
-4.218849233850002634e+01 3.368883309869585929e+01
-2.689155376329771130e+01 7.536970504694360784e+01
-5.721032049700210820e+01 5.205432705513187486e+00
-3.662294682269374846e+01 7.642025888426407221e+01
-3.739322236734380311e+01 3.438434943822428380e+01
-2.126147280681169249e+01 3.765246757338390893e+01
-3.678727754981254261e+00 8.472723726212468165e+00
1.493090525950738900e+01 7.859615617873280335e+00
1.386730810977018535e+01 2.228605266829416287e+00
8.005512636247894775e+00 1.402302593559631561e+01
-4.270108831947901962e+01 4.068713452214448267e+01
-3.018816499456628932e+01 4.232841380905679785e+01
-2.608068881306065023e+01 -4.296292862254226463e+00
-2.490525001472633093e+01 6.962197556676450461e+00
-6.426670053995820808e+01 2.189659603432896873e+01
-6.331759605057477103e+01 1.841158543576694839e+01
-1.209352940613358740e+01 5.156108055875678531e+01
-4.596571262770262933e+01 2.823917332349562770e+01
-5.591003295870197576e+01 4.379994557305019498e+01
-5.151496100455640104e+00 3.868341758886577963e+01
3.064659065982235120e+01 1.694858986169062476e+01
-1.257872473087175003e+01 3.415789323346575657e+01
5.566273116893957251e+01 4.897204215300380525e+01
-4.702772351254026972e+01 -9.371364494001927170e+00
-4.782921372847088293e+01 3.739443272441339872e+01
-4.446063380828645961e+01 5.633627777651987856e+01
3.522917585739707391e+01 3.403701192412339793e+01
-9.013159061564965668e+01 -9.227901280907362391e+00
-5.121244724501498524e+01 3.806827719030980717e+01
-6.145473382289623743e+01 5.753980628820430354e+01
-3.963515917184650306e+01 1.587954083177225151e+01
-4.096940913809660145e+01 5.431828487606344069e+00
-3.009561067241696009e+01 3.779592420943499320e+01
-5.194720607200612505e+01 8.531590455254948324e+01
9.153555546023930845e+00 1.978297679246449547e+01
-6.451569809215356166e+00 1.683567230499027545e+01
-5.668610495561726026e+01 2.924771235106224054e+01
5.069479065926706163e+00 6.235732738526093755e+01
-5.509732010828775373e+01 5.321619087087033506e+01
-5.746931147788152572e+01 5.854784809620024078e+01
-7.834829337566618790e+01 -3.951262388300589734e+00
-4.213657763630313013e+01 -1.535501036654744667e+01
-6.584630139164653428e+01 5.622068185126963158e+01
1.777291244773890355e+01 8.375676198004208572e+01
1.492180932919482217e+01 2.963101978972709105e+01
-4.331401856024069019e+01 5.687476054421356508e+01
-3.661496146630324944e+01 6.212002398277332560e+01
-2.332187616848936784e+01 2.785747152206395683e+01
1.092622669491962739e+01 6.252329208844992081e+01
-1.676601712613474238e+00 1.862437001429893257e+01
-5.730585675455579064e+01 -2.441260789047595026e+01
-6.389701387770995211e+01 4.710407689283455568e+01
3.246185784360157101e+01 1.986854942187916606e+01
1.660706993220369299e+01 6.113306977307901491e+01
-2.236137214611488133e+01 4.190214869193555103e+01
-5.828376743995541887e+01 2.054724786460537800e+01
-4.451833996839292951e+01 -2.367958794835011460e+01
-3.633425337527963705e+01 9.270335537377235369e+00
-1.599365123926684440e+01 5.634866624351443676e+01
-4.470603675147670941e+01 6.961193640584018283e+01
1.287134273407146701e+01 1.516336134751167641e+01
-2.099706283090589665e+01 6.110107788680464580e+01
-6.413696206019591450e+00 1.405735977367166711e+01
-2.507772314689755078e+01 5.392417071274591223e+01
2.714083140919330717e+01 4.385680352777948343e+01
-5.283891847668103736e+01 4.991094973310171667e+01
-8.764161086809245660e+00 4.679765585714818599e+01
3.290708935178138006e+01 3.020925534340488738e+01
1.294717513822776311e+01 5.358896040194954224e+01
-5.848964629024988682e+01 5.231881549256766073e-01
-8.587711355519232370e+01 -7.629598133256760839e+00
-2.469699521696987077e+01 6.482492240284271645e+01
-1.157529863609144449e+01 6.754717954336507546e+01
-4.129976415915817256e+01 3.645530801715296576e+01
-6.574282113981010411e+01 3.866833834827925642e+01
-8.248327744102616066e+01 3.086823223078530987e+01
-1.626140929450424366e+01 3.973179866666816196e+01
-8.881896575193843901e+00 4.958011994912859421e+01
-8.382521655505298597e+00 1.596509568359028641e+01
-4.853953795512066449e+01 2.663775759969367218e+00
-4.547553855832735081e+01 6.059476493749090054e+01
-6.136420954978007103e+01 -1.486459200796408098e+01
2.385724055371499475e+01 4.854040063699223850e+01
-8.228294401757555931e+01 -9.462128192665834048e-01
-4.860237865989304851e+01 6.548015810470843689e+01
-4.805379403325935783e+01 -3.804937174620585782e+00
-1.117771005486133618e+01 2.414398815246723018e+01
-6.965708794035683127e+01 -2.898061684916285330e+01
-4.250084730514871012e+01 2.421031371959262302e+01
-2.773879609174700178e+01 6.776946119474639829e+01
1.071521126040203953e+01 -2.871514101511396522e+00
7.927765902342192028e+00 -8.618252583832277658e-01
1.321915136216033959e+00 5.192714176530915893e+01
-5.864035052302212137e+01 4.510386024351846146e+01
-3.854976952760149800e+01 -1.458528384806620082e+01
-5.994888849775622930e+01 2.852152545976359121e+01
3.171563033626220118e+01 5.351391853050639469e+01
-3.122918350682690303e+01 4.703159851656112522e+01
4.218185799192070817e+00 3.203719419740981778e+01
-2.627797847939661935e+01 4.324392951507089577e+01
-3.283074511918161420e+01 6.679006380934569620e+01
-8.852040683813463318e+00 8.650280392611550795e+00
-3.427326597037372125e+01 2.125179901329441279e+01
-4.739845788136391747e+01 5.629195122042104771e+01
-2.231624663554010723e+01 -3.497978048219655411e-01
2.216014761931228705e+01 4.592480469519258435e+01
-6.895786472874779349e+01 1.294142203395572643e+01
-1.786958931112929605e+01 7.665368977932989480e+01
-5.619452796294130081e+01 4.073275945966177147e+01
-5.570934925952999350e+01 5.751300093664628577e+01
-6.216727653604250037e+01 1.449479192339765099e+01
-4.993251539566833230e+01 1.799194876690343037e+01
3.045783177426829980e+01 3.013305505785399419e+01
