6.775686146519996100e+01 1.465629429686749745e+02
-1.294095711019687656e+01 -2.305625792494953430e+01
7.670136117495299288e+01 2.385553901177822311e+01
-5.083409883521827766e+01 6.450303561406593644e+01
-1.781165042557446725e+02 -9.287679303444448919e+01
-1.108188228709029310e+01 -3.156347532773501552e+00
-3.253356107339193670e+01 1.120778126703183233e+02
1.251157411178033030e+01 8.006815986382423489e+01
9.165073009070079024e+01 3.839293987645954331e+01
5.279735955187435792e+01 1.687876565958321464e+02
-3.822016767933250492e+01 8.405318613853872023e+01
5.348556337861051446e+00 4.821092116533030492e+01
2.353739865139802490e+00 1.260675579680395231e+02
8.455577257982808703e+01 3.621628500225760661e+01
-4.380483238524671918e+01 1.408404635526239623e+01
1.128101007405922047e+02 1.115179625201679698e+02
-4.944920380278795591e+01 -8.973459477302469622e+01
3.376645723444744362e+01 -5.498812404064078407e+01
1.486101763590093050e+01 6.873560740372631983e+01
7.735290425511871604e+01 -1.957177272941514090e+01
-4.313160737730031968e+01 -1.233585569305723872e+01
-6.778454108508159948e+01 9.639447949217865741e+00
-3.663062984806110478e+01 9.631388210255371618e-01
2.877908920664062720e+01 3.752742528704465741e+01
-1.712736519000031876e+01 7.629096324664271833e+01
5.054683647427327742e+01 5.523343165610048544e+01
-5.477890706956264921e+01 -5.829485370258894683e+00
-1.152919892694375470e+01 -5.489143055437338603e+01
-3.885393976608655464e+01 1.670243834624091903e+02
-5.320238398511396127e+01 1.334683815397886804e+02
-1.889903391175677996e+02 -7.991179048477700064e+01
-8.256962575384747538e+01 -6.924239770053966403e+00
1.454344203836929061e+01 -3.001184443258530621e+01
6.295510850716844686e+01 2.712975554247169541e+01
5.120563067419075409e+00 -1.011800912149216742e+02
3.559654425926580501e+01 -4.025415472422604068e+01
4.521904199885767639e+01 -5.568282839377082638e+01
-2.714689950253903206e+01 3.859501261918585868e+01
-2.426499244348485007e+01 8.107379995828995334e+01
-2.734913570478329348e+01 9.743228808450663792e+01
4.392189108984348422e+01 -3.745747813432836804e+00
1.115711403167053417e+00 1.424162996322728247e+02
-1.295879596284161384e+00 -8.470951726577587237e+01
2.369244136649265897e+01 -9.923715394660979427e+01
8.988092207112109122e+01 5.584964776796212504e+01
8.418205885891210016e+01 -3.160157840271219953e+01
1.321363610440274172e+01 3.629972184219567133e+00
4.734757041500093244e+00 3.312980277560185982e+01
3.437192383368787318e+01 -6.537163894229134087e+01
-5.959125302859952455e+00 9.202594434964811398e+01
9.346282252792742895e+01 1.002611176025845623e+02
-8.474660340683894333e+01 6.661558134859095759e+00
-9.261591412662660616e+01 3.536084525484312024e+01
4.867399031167385459e+01 -8.485940700803922709e+00
4.634761650152345425e+01 3.742736875667417706e+01
5.530464527262790853e+01 2.343769119993451966e+01
-5.304803929780226213e+01 7.221771788343532705e+01
-8.628223516709644514e+01 5.257859758053301391e+01
4.620995913216179218e+01 8.622012591265762183e+01
2.483350748841257172e+00 2.631688284457670335e+01
6.801613471029864399e+01 8.517769178067194247e+00
8.478519642447595928e+00 5.735872477548918624e+01
9.585385990853535532e+01 1.930087816132597567e+01
-2.133183205259658877e+01 1.278136581765347586e+02
1.595726741122295493e+02 1.540467852344817459e+02
2.464581105624484891e+01 5.203019993067525917e+01
5.326790409779725621e+00 4.034758495758296704e+01
-1.087409922355685978e+02 1.994174519004104340e+01
7.673971424028866295e+01 9.070098658922709944e+01
7.104413413567449709e+00 -3.530965724349977819e+01
-6.464777699138848277e+01 4.861465001652202744e+01
-1.382649823332889127e+01 5.680097378364628469e+01
-2.857639270814850718e+01 6.964414446978490503e+01
-1.128427953264233885e+01 1.123478566413084678e+02
5.446751325180913028e+01 -1.745502671515698623e+01
1.481140017494998773e+01 -2.065391282165050413e+01
-8.098360875041347384e+00 7.840175806200402064e+01
2.378358573729783387e+01 -9.406632082685018048e+00
5.800335860402946508e+01 6.281224509750016693e+01
-3.655850800265542233e+01 -2.714539675238911798e+01
1.954257454910309733e+01 6.152268170136486702e+01
3.954980048656908309e+01 1.413324907276006037e+01
1.973241924675919279e+01 -6.322571558958343019e+01
-5.724191694639731764e+01 -7.811598581468840052e+01
-6.296973814120933355e+01 -3.462469897893439708e+01
-4.681081729940832048e+01 2.707388862966769949e+01
-1.580145065610788322e+02 -9.781428108722408865e+01
9.703861864004926474e+01 1.242125542024166265e+02
1.505007147425277196e+02 5.139333382530545435e+01
1.715900605384177169e+01 3.224852341530402100e+01
7.014143512131199998e+01 -3.221703997587994195e+01
-1.559559252773844307e+01 -9.807219679923216304e+00
4.458783657708858073e+01 5.573304502461545695e+01
-8.934290141660655138e+01 -9.011817120277682136e+01
-8.752637331455525782e+01 -4.211892319581503585e+01
1.151942591079069729e+02 -1.733135703643751668e+01
1.647393095983240130e+01 1.081358357130607430e+02
3.424352133800746145e+01 -1.899358926020271809e+01
2.440299641621720284e+01 2.286553069758670631e+01
-1.382769583657231216e+01 -3.560702439487682369e+01
-4.228309266714982328e+01 7.622137170112934257e+01
-7.285796496985763326e+01 -3.918483108226953249e+01
-1.968888584688535914e+01 -3.372595472050032583e+01
6.851731741366214123e+01 -2.328581999703507321e+01
8.740230865238126867e+00 1.248613992843093357e+01
-2.008894055458909644e+00 6.725976621903215857e+01
1.407712207417798567e+01 1.799585546899714927e+01
9.376949299793861314e+01 -6.039015628421108950e+00
2.631731755840335651e+01 5.711257726916473842e+01
-4.854897794273396272e+01 -6.895822964258381660e+01
-5.660211579010399419e+01 -2.924507661505366585e+01
-6.083913594241693801e+01 2.612717928633701447e+01
-4.508933566780068247e+01 -5.648015897131894114e+00
6.622387047498540369e+01 5.635984148832983465e+01
-1.126892253950564680e+02 -1.958168944444757642e+01
-3.355068026423307259e+01 5.521911919268680435e+01
2.356790406452475750e+01 4.429934139140045346e+01
6.645501216613561857e-01 -7.354887254677245778e+01
4.461616572687651683e+01 -1.673203897040458088e+01
-1.004724259936288178e+01 6.915039202713560940e+01
7.977918770291934436e+01 -1.154306648791820500e+01
-9.274269000094149362e+01 1.075222053499602026e+02
9.429356744752485042e+01 -3.150584917588168565e+01
-2.284772239903076141e+01 1.695446800118027753e+01
-3.381354762048218987e+01 -1.827892666054254178e+01
-6.297904153209066891e+01 -4.991660499341306689e+01
4.684230419308094362e+00 -8.089951068215312091e+01
-5.393297575715590852e+01 -3.966566164010320250e+01
-6.720662775667122446e+00 4.929707891717881374e+00
1.026715777421114382e+02 -2.543854368479080974e-01
1.832196143466505944e+01 5.089680468501009969e+00
8.686140019766379616e-01 -1.745129882192625459e+01
-7.559684916392640730e+01 -3.299003108498317260e+01
5.553080559954857875e+01 -1.913846212775408340e+00
2.371605938458988305e+01 -9.892904843853571606e+00
7.529529624606617233e+01 1.040397902722731089e+02
2.960847691220500977e+01 6.903996200715621967e+01
3.749835032707097326e+01 -9.523318821390235556e+00
5.400733354843249145e+01 -5.552109472551942559e+01
-7.091782998165511742e+01 6.762458960677889763e+01
5.984390848503672089e+01 -3.000282167954370394e+01
-1.212821623228919918e+02 1.138006928796717006e+02
7.109803728248112975e+01 -5.178398441491941639e+01
-1.117236024065636180e+01 4.894582789977523873e+01
5.804709680654319470e+01 2.557394383287401141e+01
8.135358264594165689e+01 1.699287154708064236e+02
8.639177809847880951e+01 8.229446531238748719e+01
-2.149701023658439425e+01 -2.875244884552736480e+01
-5.219202729756265313e+01 1.212091101097862236e+02
-1.259599144405203219e+02 -1.495855772157404999e+02
-1.507854923128361690e+01 1.942298324570879942e+01
8.903910375754560391e+01 -1.942549343982804899e+01
5.866691600043633770e+01 -2.112750612654211935e+01
4.345635341675525609e+01 -1.307936493661583484e+02
4.328621334307575808e+01 -3.679537263166252359e+01
-7.913691346990443520e-01 2.062648098916836048e+01
1.311554643063553272e+02 -5.527851512097326037e+01
3.537352916150777560e+01 -8.804820027012237915e+01
-3.813934825374697368e+01 6.336332769297925438e+01
-7.014120457087959437e+01 6.911460261232178937e+01
2.270273030914270684e+00 8.486614624833964626e+01
-5.230373822650443039e+00 -2.641163160501404406e+01
-1.751175413389281843e+01 -5.828225628750241327e+01
3.625233931822115352e+01 -6.960660662706423807e+01
2.539932394249812830e+01 1.450606660794132985e+01
-1.186910557951697882e+02 3.831896658186132498e+01
-1.709428998352109730e+01 -1.276497510836101696e+02
-1.109020632495423655e+02 5.184091414675743437e+01
-4.258296050586891113e+01 -1.770178698784409050e+02
2.708194406348584593e+01 -2.238587908952445460e+01
-1.750518681127160789e+02 -3.986826307254889912e+01
-8.428600257919339356e+01 2.114258596945862578e+01
1.555740555857993712e+01 -1.131624940877484704e+02
-1.099135235075067527e+02 1.236205629366105896e+00
-9.658543981480690377e+01 8.265962918708763141e+01
-4.661049706282577176e+01 5.775486324769656932e+01
6.420533751040143500e+01 -5.858849191346788388e+01
1.082059569808077271e+02 5.971093461811972247e+01
-5.814844081706221601e+01 -1.077414836181917366e+02
3.905577442393335730e+01 -7.330325779076653703e+01
4.155185757215727449e+01 -9.544125033405757108e+01
-1.010778801486181209e+02 -9.444897111974754011e+01
-7.707686238216046704e+00 -5.963217197271785608e+01
7.906764538910125850e+01 8.490316490527584747e+00
-9.935137305426741250e+01 -6.026722357032968347e+01
7.134525545925072265e+00 2.056715880896431869e+01
-1.857083087498593521e+00 3.839796350449521611e+01
6.143354466393420665e+01 3.055857252277789371e-01
-2.119332048616475817e+01 4.778117211231277395e+01
-3.894733949985503330e+01 2.440681987473930192e+01
-6.735088371618159897e+01 -7.566042586925997071e+00
-8.806508371755748499e+01 6.467046289024229111e+01
1.036254959749512352e+02 -2.689242310836556982e+01
1.349329138386070071e+01 9.209421848091521667e+01
-7.908484302300820445e+00 -1.889689098615027518e+01
-1.731264005564833042e+01 1.007449033538086667e+02
6.636351226915574841e+01 -7.269395264910851040e+01
2.104614224208613038e+01 -4.284106141584255312e+01
3.809612666030039918e+01 3.979148967348503163e+01
4.951709738226463031e+01 3.264794382610396006e+00
5.078109647344231803e+01 4.286741588788797941e+01
-2.963561834873471668e+01 -3.703200962088354231e+01
-8.269198607889133967e+00 1.142117443189159687e+01
4.463174773783890004e+01 -2.849222424263296460e+01
-5.911931151714595600e+00 2.836282716402802961e+01
3.106113391911294030e+01 -4.746272563341162254e+01
-3.128872555247085430e+01 -4.713583694937381097e+01
5.971884128466597552e+00 -1.416297081221443079e+02
1.146927932134992822e+01 -4.804671761925344242e+01
1.035396996812470576e+02 1.232743110245406370e+01
-1.286334306287946738e+01 -1.475765293820359325e+01
-2.785042423036505177e+00 1.430395006949461667e+01
-7.138409742683543868e+01 -1.035137528069971609e+02
3.961889924102231930e+01 9.935251829938887624e+01
-8.741566336919017743e+00 -3.297379234443576479e+01
3.037717521261884102e+00 2.012474576088532530e+00
-3.022886939244749627e+01 -6.754140860291447268e+01
-4.389786231389651050e+01 9.250727557202900186e+00
6.395944899701414244e+01 -1.176173986699610339e+02
-2.731695710849344039e+00 -4.818654508045268159e+01
9.729534813442191421e+01 -1.883044059878885435e+01
5.645501834941644148e+01 4.732534685888444415e+01
-1.526133226988830529e+02 6.620394773842075153e+01
-3.347519762623179673e+01 -6.290123359783752477e+01
-3.369866280293646810e+01 7.321739500789853139e+00
2.539404382264271476e+01 8.531487497997095204e+01
-1.135142983443194566e+02 -2.943372395521316687e+00
7.039264049531908540e+01 2.472926347007174641e+01
-4.620198411231415037e+01 -5.364250990883796533e+01
-2.655004657839033655e+01 -5.606167764778946605e+01
1.746116404246307141e+01 5.677066997619675703e+01
-1.170656559170842570e+01 -7.366495816033750543e+01
8.260480953684843541e+01 -8.521506932493694819e+01
-1.053909307088015623e+01 -9.229753136326678487e+01
-3.780361966153638509e+00 -3.322617594355413928e+01
3.841814194699254159e+01 7.619809821964842467e-01
-5.151087081080986252e+01 5.075794930452638454e+01
5.272960664724340063e+01 -3.507030699729683221e+01
4.384537466054133859e+01 -6.662025909245569721e+01
4.305837357238910101e+01 5.840261112608175864e+01
5.324137002303209698e+01 -1.112153929024905707e+01
-2.898021538934254515e+00 -8.090668531599282787e+00
-1.114393236315847133e+02 -7.754333693895796387e+01
-1.726031563248048073e+01 -6.893897417907096781e+01
-5.919714718955514599e+01 -9.388823465836249937e+00
2.965635656337711268e+01 -6.265480318653201763e+00
-3.744198439371761822e+01 -1.247160921519024726e+02
3.573979814410753875e+01 6.091919080461271285e+00
-5.155836595744267470e+01 1.817183567432009639e+01
-5.352010674862642503e+01 8.146867291078648066e+01
-1.346008708435502399e+02 -5.182117669423460171e+01
4.712167133321569423e+01 3.213606995397319821e+01
2.063371180416747563e+01 -3.386143913095241942e+01
4.632852317680021770e+01 2.364291825341779685e+01
6.071717454523596302e+01 1.668342725533885584e+01
4.633512973449941619e+00 7.433542073156705499e+01
4.585423437893182808e+01 1.658614199164414771e+01
-6.857878944470506610e+00 1.788462754859275350e+01
-5.820752673312847492e+01 3.936931868119585687e+01
2.483585320314339384e+01 -5.710556669357420390e+01
-1.896435860772998581e+02 -1.605641004255996052e+01
8.293953235715149219e+01 -1.404419312796378216e+00
-5.274055730091851757e+01 2.843060478571202054e+01
4.266218734634185950e+01 7.073021352209381973e+01
6.701566668474112021e+01 -5.740352091638989407e+00
-1.234156817527497907e+01 -1.086042163550538362e+02
5.244363980458757624e+01 -6.736548164166696040e+01
-5.683982452547482467e+01 -2.389739964669616157e+01
1.371609110674262721e+00 -1.106582699334628330e+02
-7.153444227786674503e+01 3.018339600643869147e+01
1.786409095817745651e+01 4.348059735142059168e+01
3.140584098841728533e+01 5.583313686617631788e+01
8.825032690464209395e+01 3.649195988532610180e+00
-2.476368913649356429e+01 -6.970853990363870878e+00
-3.773822999028404723e+01 -9.462008186080626615e+01
4.009102584748871578e+01 -8.267132663922289737e+01
7.873074525983429339e+01 1.400194819758348785e+02
5.234860981610908937e+01 1.158343490902947082e+01
-4.038016990151716357e+01 5.825149364138776065e+01
-3.563270134818725676e+00 4.741260698750089375e+01
-3.947072922945506690e+01 -4.784405344964739015e+01
-9.452937017717428603e+01 -2.169878142526213338e+01
-6.173397388700380617e+01 -4.711940537957461927e+00
2.226952754118343947e+01 8.000344571530195026e+01
5.807796163454366223e+01 7.859409716439409976e+01
-4.523564597916868379e+00 3.947987290927194692e+01
-1.981756775146578420e+01 3.115369566712995919e+01
-2.301913277561665794e+01 -2.537931788605074601e+01
-7.187835726187766738e+01 -2.180735552234447638e+01
1.369641824745415803e+01 2.665366529348558444e+01
-1.702905577842754070e+01 3.908183857083164270e+01
3.881887934900104753e+00 -5.191973670041612365e+01
9.586542059647416636e+01 -8.718152114125328467e+01
-8.275473248359858758e+01 -7.024474482319563151e+01
3.258052457566002857e+01 1.467011003336502029e+01
3.106077873792341038e+01 9.326232457707463652e+01
1.407980327455599223e+01 -1.412095505808497364e+02
-5.787577860004444741e-01 -4.244852557373548763e+01
-1.040329855904074119e+00 -6.678002196399815205e+01
3.712442891563070901e+01 -2.350101411170249150e+02
8.392161334783959603e+01 -5.758348774409108017e+01
4.688444991160456254e+01 4.874009941939699786e+01
-4.195804056141344773e+01 -4.072881354992373559e+01
-9.688048723393409389e+00 3.382097453014404209e+01
5.318026287550737408e+01 -7.492002626914661789e+01
-1.648306666784390373e+01 -4.904470140643221043e+01
4.029252738285262581e+01 -4.869544934622213361e+01
