3.375361863352654979e+00 -8.906706878157827134e+01
1.551559354308525052e+01 -2.470400482763946215e+01
-5.724124763981204289e+00 1.598129542358107891e+01
-1.034275272185334700e+02 1.589082547577926796e+01
-5.625639392518553450e+01 4.320614697476214872e+01
-2.122596646008320320e+01 -1.222021162288864460e+01
2.541138041446211560e+01 6.182260463575097731e+01
2.277512217172544240e+01 4.173074711682360061e+01
4.950062055327804700e+01 1.606839785556259415e+01
-6.040970993404545197e+01 5.045776550082498346e+01
-1.043332064534425996e+02 -1.330585641080647861e+02
1.227874086502012716e+02 -1.901127558804450501e+01
-1.390794236439055531e+01 -1.059027887415107472e+02
-4.497540371884822008e+01 -5.028777507611314235e+01
-5.597760967573497481e+01 5.583032355999586116e+01
-6.187264817005750217e+01 -2.342268941357506762e+01
-3.419626835206106819e+01 2.254684088801032615e+01
1.348171675991066998e+01 -7.324578947338780210e+01
1.438856766398755926e+00 6.876468994322689809e+01
-3.259287911545197858e+01 -3.662862391400270479e+00
2.617830457061640814e+01 6.950250171483590123e+01
-5.590740929989597419e+01 1.580014923421438944e+01
-6.567107450006955105e+01 2.153847451994687390e+01
-7.798024807864840113e+01 -1.035550143282534208e+02
9.829105248040288245e+01 1.642308786027924405e+00
1.827604462712288935e+01 -7.894869557866245202e+01
-9.893245070429593113e+01 7.255267827941935366e+01
-4.970979294760164890e+01 -4.340776015768901885e+01
-5.959725393422534978e+01 2.983736794116771307e+01
-5.026744094594890555e+01 -2.504458189499341625e+00
7.148901408362499410e+01 6.956436279790358945e+00
-6.041710987429357971e+01 1.067748482005514143e-01
-5.067384253122280313e+01 -5.712893590061028704e+01
-4.360016246200612677e+00 7.864702880754792069e+00
4.686839257024707450e+01 2.865371490711107327e+01
6.375047664332465303e+01 2.836174380742334122e+01
-6.208838862034640727e+01 1.259219091285545211e+01
1.399113577307110177e+02 6.286944142672298064e+00
-2.609869535928318740e+01 -4.100241407130582161e+01
-6.871053346374259263e+01 -1.286288345152691370e+01
1.512986536576688401e+01 5.910578099687256071e+01
-4.155459520975696819e+01 -5.932308932791996448e+00
2.927515774098405998e+01 -3.539448395260989599e+01
2.925177837734592146e+01 -2.040706454401835117e+02
-8.551242926771632114e+00 2.793559345991625165e+01
-2.642596187020814114e+01 -1.313493161623383969e+02
-6.463827354996506358e+01 -1.295200924824762581e+02
6.520115427184640566e+01 7.185318486211201616e+01
-6.798772749751904598e+01 4.248714091911369195e+01
-5.828496582516953595e+01 -5.127915608374668466e+01
-4.142670115946783937e+01 7.198649767887793871e+01
-1.427089958540613601e+01 4.180978858892499517e+01
-1.159280441631650049e+01 -6.497878821933039717e+01
-3.142229687396669391e+01 -8.304364709205029271e+01
4.111158491843160334e+01 2.989668737524937114e+01
-7.769703563254068968e+01 -6.734431675272716689e+01
-5.987396323245678786e+01 -4.014880480715650890e+01
-8.534688974184194876e+01 1.629721388105101454e+01
-3.161563744697826550e+01 4.148560358948256521e+01
3.076944398475438192e+01 8.543945756448657392e+00
3.036222126721929726e+01 -4.715997219946692098e+01
6.674081344031446861e+01 -1.062997719192115937e+02
-1.230326591394049984e+01 2.846089525268942211e+01
3.669496864959302940e+01 4.095770298746495541e+01
4.123964220658591984e+01 6.039568736017187689e+01
-7.884785005501471744e+01 3.703227768407967346e+01
-1.303340532246665084e+01 -3.146911097127990331e+01
-6.916125173978188378e+00 -9.170360415461497894e+01
5.580877115755456863e+00 1.486520025782932066e+02
3.541498264001505447e+01 -1.035522122991769294e+02
-4.688392139854167340e+01 -3.367740424512828668e+01
-6.142016521670129947e+01 6.402672790449044271e+01
-5.760646599594969786e+01 -1.072574119019096450e+01
-1.239325573069617192e+01 -4.813682946176137989e+01
6.360494935032706820e+01 2.120360268535177966e+02
3.718137078452696187e+01 -2.900849557694432690e+01
2.195912137929873964e+01 -6.447025911910672846e+01
-6.963320694498011676e+01 -4.293906798564460559e+01
1.099406259052490924e+02 -1.098921562135963796e+02
3.766423236581568545e+01 -8.086632975121298728e+01
3.320874151944000374e+01 9.857239305768599991e+01
6.543656258731023456e+01 -2.207659687349315902e+01
-8.235889059661742806e+01 -1.416614311571300178e+01
-4.714460381478280482e+01 2.134717173543782920e+01
1.098116320737914435e+02 2.371778176518870396e+01
-1.113898024761828225e+02 3.125024826176868586e+01
-3.604891144850734008e+01 -6.053303455909755115e+01
-2.058813291392786482e+01 7.132164432268865539e+01
3.359872237518957405e+01 5.731445949032797671e+01
-1.181633591044898992e+02 -4.775295967237406813e+01
2.323631082805729520e+01 -7.280654762734197050e+01
9.430032927874213655e+00 -7.980962317571668052e+01
4.669467207291645394e+01 -3.821401146796701198e+01
4.999465511335399270e+01 -8.021905362156921626e+01
6.917934751664853366e+01 -1.282057164040366892e+01
-1.642571818828733754e+01 -9.480461162866657787e+01
-8.971788037451015896e+01 -5.067403488564915648e+01
-3.111656631442410159e+01 7.265142429796680013e+00
-1.367926087986116102e+01 -3.992413801303762000e+01
9.327177480313555424e-01 -5.873451807364826749e+01
-4.457736514442061804e+01 -6.969346973970007753e+01
1.671264827546340470e+01 3.431777057523945729e+01
-3.133897428728743506e+01 -1.019070958481337641e+02
4.851326185085149234e+01 3.366781638950830047e+00
5.768670382158995125e+01 -1.736507648879624810e+01
-1.761105093662877508e+01 1.934512445087750265e+01
3.624643928101058776e+01 8.304498864114087553e+01
-5.991053792056802507e+01 9.827327469391431691e+01
7.515320773501830587e+00 -9.785604507521463802e+01
-9.747825693314418061e+01 -4.678791438484156018e+00
8.227175250765421310e+01 -4.312402331343999862e+01
-3.768298911548999541e+01 -1.849781263484167582e+01
-5.473677240047951642e+01 -6.186301931521676778e+01
3.714866013556876823e+01 7.086935143608562271e+01
-4.301201302616370725e+01 3.126856346198045244e+01
-4.924987030107043040e+01 5.928030563681875265e+01
-3.182095479066158639e+00 -7.538733335604956842e+00
-9.306516283786334043e+01 -1.484738887706070365e+01
2.643739037080698751e+01 -5.542723573365906020e+01
1.982282633064323463e+01 -4.395066324262435842e+01
2.638474522376543163e+01 -8.470058079883061453e+01
4.746376756830770205e+01 9.122277173783641047e+01
-3.696994471724025288e+01 -7.662738666186592695e+01
3.036205920139840231e+01 2.607047680390309807e+01
7.367843935784605947e+01 5.198557744576270068e+01
1.554998454545084918e+01 2.003175979382433880e+01
-4.396678364806344774e+01 -1.401618651161443836e+02
1.122902271695909349e+01 6.281920949430509182e+01
4.554825901803559063e+00 1.125531180990770785e+01
-8.554647228912509149e+01 -2.787070860436807251e+01
-1.972810013341940660e+01 -6.682516535035308891e+01
1.269558539257140772e+01 -4.614183173926720727e+00
6.285767885013078171e+01 -4.825290773156627466e+01
6.783890446796051243e+00 3.991347272521385037e+01
-8.707874617294554298e+01 -3.245481148485937695e+01
-3.170951129974371341e+01 -5.012005096114123148e+01
8.506186091948650940e+00 7.784138060033411932e+01
2.046992671500445127e+01 1.111749465013790825e+02
-7.335023997883789093e+01 1.566252120436604933e+01
-7.491497962262449128e+00 1.116653848172426962e+02
7.531672444027435631e+01 1.676634732743888989e+01
5.996762654647051960e+01 5.574523227684306192e+00
-1.197148730728145551e+02 -9.431578449054114799e+01
-1.404364770019491360e+01 8.950151813520273336e+00
-7.288186934754601332e+00 6.114323818504965402e+01
-3.816381619781073908e+01 -4.430051647207736210e+01
3.583185585996294975e+01 -6.748030804831779506e+01
-2.892187011526458562e+01 5.806880181488550363e+01
-7.843112417464485020e+01 -1.885777961152845350e+01
3.371476972656514448e+01 6.733626248307328366e-01
-3.510622046178557554e+01 -2.722292390437794296e+01
4.486498733434729758e+01 -2.421271631392928469e+01
1.205515108519002965e+01 -4.695542848240056344e+01
-4.224718734629298211e+01 3.331921271210664948e+00
-4.903606218915542492e+00 -2.076631526188883825e+01
-7.004359718912454014e+01 -1.088705980617266533e+00
-5.334910884820531862e+01 4.905606600344081869e+01
-1.211016539689990346e+01 -7.466375641540452079e+01
-7.877296598270741868e+01 6.346731294289730840e+01
-2.268921281029557591e+00 -2.947327983385432049e+01
5.675939153786636382e+00 -6.976150856543073075e+01
-8.593052339347922342e+00 -5.767676991756005833e+01
-6.971274510654494350e+01 -7.568155528129460663e+01
2.140410200096529891e+01 6.592782203243828576e+01
2.541305652702115481e+01 3.275980822502474155e+01
1.632394537246182722e+02 5.638247870627869673e+01
-4.757514425637506861e+01 2.720666333759438871e+01
-1.239252317673065873e+00 -1.174886032988131177e+02
5.955001559382827736e+01 1.717405199310758590e+01
-4.974138245615855425e+01 -1.543800644459402172e+01
5.029680714802598374e+01 -1.315479128651555030e+01
-1.444897159434762379e+01 -1.203006882462392326e+02
-6.667501959675087164e+01 -3.131995631053992213e+01
-3.543856059501280242e+01 -1.138525589752816671e+02
7.558679544646831516e+01 -2.280155128536413045e+01
-4.631320648510487104e+01 -9.743786025155301900e+01
5.225389744321878993e+01 -3.694287768216748979e+00
-1.648060404968072845e+01 -2.241323677843708495e+01
3.015361676644606703e+01 3.525938779118858690e+01
5.407450940693486530e+01 1.802688100611537152e+02
-3.475395738269657642e+00 -6.853906085352102195e+01
3.845969216442522765e+01 1.544842924791569416e+01
1.820422861144963633e+01 -1.107935233145334024e+02
-2.567484930299690404e+01 2.678180439015432768e+01
-7.760730790487723141e+01 -3.031542989249508580e+01
-5.983573611039491880e+01 -7.389964599339208462e+01
1.103791285008939305e+01 5.648521655042222811e+00
-4.170402748900604450e+01 -6.113907527638146178e+01
3.678763710272114196e+01 -4.085365515888013732e+01
-3.969302529086446896e+01 -3.453845609578443288e+01
-5.477267940501653243e+01 -1.869422567105096888e+01
-3.385749308001605584e+01 -3.216401849958513992e+01
-3.710384773314948426e+00 -7.962020833353717819e+01
-3.801575175320829558e+00 -4.476199724916811107e+01
7.384971192708944443e+01 3.504878646977709167e+01
5.428363195074209102e+01 6.202691612506485797e+01
2.206440958660422780e+01 5.087332249768683567e+01
-3.499503666025814308e+00 -3.806337848864702522e+01
-1.593115928236854373e+01 -5.805256672103755733e+01
-1.632306554277362309e+01 5.572486089451392388e+01
1.023877674722663045e+01 -6.049815148859177327e+01
6.577905622768863481e+00 -1.920646375662495942e+01
3.123891077275874295e+01 -7.580961373068663356e+00
3.205750784847696622e+01 -7.210123430694203250e+01
-2.187866387431467174e+01 -4.764457089812785284e+01
-2.612747174776526649e+01 -5.771453588228086318e+01
-7.524157583609141220e+00 4.548115954045507436e+01
4.228318771425742284e+01 -6.162728034409944655e+00
-7.629631006169054785e+01 -8.664156790056080126e+01
2.771734114313558095e+00 -1.514632912515773100e+01
1.056826446144738583e+02 -1.475734778441062360e+02
-4.759996452474759110e+01 5.147085389434475644e+01
5.283567562989430755e+00 -4.116342957222971677e+01
-4.159934268872713403e+01 -8.732565420078037732e+01
9.648037859062002042e+01 -1.239082835277618777e+01
1.196847885589293892e+00 -2.784526570525256428e+00
8.949378661322239248e-01 5.224648922569136289e+01
1.199573893609389188e+02 7.938973103897534145e+01
7.813023805996972726e+01 -5.309441175528593249e+01
-5.156070428189632082e+01 6.564391020189292547e+00
1.301554773219271510e+01 4.205510708133314068e+01
-3.825266554885057957e+01 5.634133163769545405e+01
5.749528877368251045e+01 -5.653515998329820036e+01
5.349024708350692769e+00 2.133184592652344591e+01
-8.203513461974827692e+01 -4.179988992121717217e+01
2.374473046796331488e+01 -1.962002001860964029e+01
2.064302875649954316e+01 -4.920750679885520285e+00
1.368055654465272397e+01 -3.564449216421397182e+01
-1.839707208056439214e+01 -8.285469011422884478e+01
-2.523103460524956887e+01 7.575243235480718340e+01
5.192764691300411783e+01 -9.688470297652301610e+01
-2.417505565870365203e+01 -2.458688997013306121e+01
-2.156305269628689913e+01 6.489516882993592617e+01
-2.577963368640663333e+01 1.186492277163734599e+01
7.664639107168382282e+01 -4.467345840136284885e+00
1.503207423059298797e+01 -1.580800133550860131e+01
-1.196449569418997072e+02 -1.293139561147857286e+01
2.355131681332090565e+01 1.471046007115562304e+01
9.801387775755115683e+01 1.693123039106985317e+01
8.974557248665178122e+01 -7.581893799806421441e+01
4.678965933129924792e+01 5.035522246481068720e+01
-7.755386612966360360e+01 2.663382895260454930e+01
-5.509408861413265157e+01 -3.122682961234267651e+01
5.276594807805250298e+01 -5.783096360813870263e+01
-1.707929894555929096e+01 -6.917189854285282768e-02
1.664681306332128585e+01 -9.140210779607650693e+01
6.570254180204481997e+01 9.149459988521333287e+01
-2.941305697798141594e+01 9.892798221075707943e+01
7.690288567601275815e+01 -8.378173873329811272e+01
-7.519575560840742412e+01 -5.702646077969049543e+01
4.403970640503541034e+00 -5.040016852218361265e+01
-2.176595692634750989e+01 3.742095267040727435e+01
5.751797853421737727e+01 -7.003016710163905145e+01
-5.074072116059159043e+01 -8.212329861307557621e+01
2.491724509214393990e+01 8.638084506762784542e+01
4.438465710184527069e+01 3.986011416995090428e+01
2.102870957044530442e+01 2.896964076403961030e+00
-1.111609755135448196e+01 -1.342898135659208592e+01
-5.270084371156070979e+00 -9.830382871206190032e+01
-8.819655801824705321e+00 -2.497728669044858574e+00
5.701777826800058335e+01 -4.992483517204713195e+01
1.862393204237388389e+01 -5.510179038886467140e+01
-2.776734542449249687e+01 2.177576508198235672e+02
6.965719345219766545e+00 -3.177157243968853706e+01
3.616337997018109984e+00 -1.071415872657024266e+02
-7.528743114815920023e+01 -4.983008642383393294e+01
-3.533343303738654839e+01 3.276666179432486281e+00
-3.800638797271765412e+01 1.292086836883470902e+01
3.706897616256645733e+01 5.144735946517883463e+01
-3.178141551253899877e+01 -1.107771844177839604e+01
-9.380629203769089486e+00 6.594428771427868696e+01
5.979107537327922017e+01 4.892935742735679838e+01
-2.400308225726348610e+01 -1.631602674149057464e+02
3.148543590179671980e+01 4.783533580494157889e+01
-1.815734372774795879e+00 3.615196832059046272e+01
6.021893823401274659e+01 -3.534914804156768753e+01
9.659159383434307244e+01 4.939111976828859696e+01
-9.609435133500213055e+01 -4.109573659398408552e+01
5.432212877261166994e+01 -3.386219680162873402e+01
-1.228677815101850967e+02 4.685254162529024313e+01
5.707436689510333849e+01 4.022279423448213009e+01
-4.355248719487684639e+01 -2.374824686029066712e+01
3.173417881565239185e+01 -1.745261637320832193e+01
6.358298661673551777e+01 -4.904230056376814417e+00
1.615588743187022658e+01 -9.452644741826789598e+00
-3.272057527092827200e+01 -7.142122505307067115e+01
-1.609588579395363084e+01 1.072424667905594902e+02
-2.631010041427245838e+01 -2.162421235499253580e+00
-2.428696451346591090e+01 -7.716456205020935499e+01
-2.269471432986521009e+01 -3.060975834940519746e+01
3.616191816254369940e+01 -5.842480650947621967e+01
2.093227449288223951e+01 -3.261880629941337872e+01
-7.380445747922790645e+01 6.312072099943474512e+00
1.024005634834347376e+02 1.764584703418718732e+02
-8.491409628458825409e+01 1.922475997678451343e+00
6.655766969930742505e+01 -6.164167279910742536e+01
4.017277940673803016e+01 -1.892765127222179800e+01
-6.629665121457979637e+01 -6.105921721970118199e+01
1.122769598362638632e+01 4.874118880730756587e+01
4.342967326998623889e+01 -4.888765381649151465e+01
-2.843303438138188355e+01 6.665544179411519110e+01
