2.047409712689685435e+01 -2.132927919605102147e+02
1.419524896221266488e+02 -9.162882734469067714e+01
-9.849519730738936119e+01 -1.452496823537412940e+00
-1.591221523362059997e+02 -2.552701417324282147e+02
-1.092813440255660424e+02 -1.273207970256747927e+02
-8.440496727838009861e+01 2.337764201575791674e+02
-1.006899772543167337e+01 8.593781379220203576e+01
1.043922427223086515e+02 1.826336819307158521e+01
6.897696928934772131e+01 1.601356224298266682e+02
1.864936211479929966e+02 9.006158299001199907e+01
1.139633780435179347e+02 3.782826792453148528e+02
-1.169743115227650208e+02 1.204148560235113337e+02
1.086784956393542956e+01 -1.119928394888776921e+02
-2.061991112368648373e+02 -1.440739774692387520e+01
1.378146925138078700e+02 -2.390445764486767928e+02
6.311856118416609540e+00 -1.695683738722980749e+01
