1.020898288739624959e+01 8.015247184650867496e+00
3.151010136971794040e+01 2.354418598982967836e+01
5.206263403486428132e+01 1.140077716399346741e+01
4.522894928649771629e+01 2.159162868164219518e+01
4.781111177463949247e+01 9.904235694622743225e+00
1.927812859574951432e+01 1.408385257774304122e+01
6.376595397233624851e+01 -1.254785851210734471e+01
3.070975776168229032e+01 1.258990171697004179e+01
3.121274561690618654e+01 6.398872593522932917e-01
3.262925802214152782e+01 3.885312823544502692e+01
4.602742304787987138e+01 6.385876242920874191e+00
3.364893666256090654e+01 3.825981442125456056e+01
3.791019938006979118e+01 -3.030511476282110905e+01
3.701454739040224950e+01 1.631345485436823495e+01
7.129111000296781242e+01 1.726801086941014773e+01
4.220608743654496209e+01 3.789222263306402283e+01
1.384099816296481400e+01 4.809344088657543637e+01
3.586811056419654875e+01 -7.056413445540005158e-02
2.774596512120495007e+01 4.884741676310091663e+01
5.832234826284520324e+01 2.984546034890415456e+01
4.210636934277056298e+01 1.751228589501688049e+01
3.122302708429290519e+01 1.351420378078790385e+01
2.768569727920569434e+01 7.635217040420227974e+00
4.352031459609662534e+01 3.841487889129047062e+01
9.892946167709535388e+00 -2.118962401446097488e+00
5.124914224914349603e+01 3.549763967885037630e+01
4.765679810521815796e+01 2.882027983621281564e+01
3.323559059897495160e+01 1.839104247557244065e+01
5.490814846669125870e+01 2.656326005829721382e+01
3.300903300199745161e+01 -4.709923780772781399e+00
2.878852199585181282e+01 1.556298520675286312e+01
2.314284641550030841e+01 4.591851524327588407e+01
4.614452416049451244e+01 1.261206479975398809e+00
4.776007585515593235e+01 1.343624507065677420e+01
2.603411388848823904e+01 5.356858921884870739e+01
4.371440198132400212e+01 -3.064380402355782707e+01
4.230253975959196566e+01 -1.841651116116900022e+00
5.271486176765318277e+01 3.162179098389251308e+01
5.278524412676381417e+01 1.746219028692960151e+01
4.796094245359449815e+01 1.943120462697072881e+01
4.979032598590611514e+01 -3.612657094105486522e+00
6.079143338005813746e+01 4.127551345918933023e+00
4.250767191575742743e+01 1.983983140499653786e+01
5.749958152108914078e+01 1.425879890768567826e+01
3.172020381753904417e+01 4.659151715268659899e+01
5.202560547855013340e+01 2.059926269116564157e+01
4.252974242534133253e+01 1.441169380722329763e+01
4.061028958669625410e+01 3.015328763138446888e+00
4.558732619397262908e+01 5.654616798312109616e+00
3.970545344206669114e+01 -2.369760493885972963e+01
5.086112421187678478e+01 1.413951040677430271e+00
2.594508133680377426e+01 5.716027646822617925e+01
2.921229468392510142e+01 3.555303871867290866e+01
4.922503783218347451e+01 -5.139838330700111158e+01
4.195121838233241363e+01 3.695428143013167244e+01
3.796477972933399059e+01 -2.012540628754290495e+01
4.039841547004200351e+01 2.681395704837674288e+01
5.689187862848429234e+01 3.250920651159925967e+01
5.394231257481633435e+01 1.349980652023684691e+01
5.055208363852455022e+01 3.382804993192176646e+00
3.313722970895418740e+01 -5.678047277981468355e-02
2.388332492116887806e+01 4.900112514228389671e+01
4.137733554580405837e+01 2.060365861256619979e+01
3.422413926988865285e+01 1.012603050613491895e+01
5.464298177991555860e+01 2.553679304957967133e+01
2.828833740531390717e+01 4.439283440218758869e+01
5.123498272049944546e+01 3.119913043476041281e+01
4.951691419778850189e+01 1.175687195380869632e+01
5.516318038761792053e+01 2.936945991910346976e+01
5.871123059439698721e+01 2.670034987009653094e+01
2.360451394825563654e+01 5.087308189450820350e+01
1.623499754539447792e+01 4.448154194021588381e+01
-2.009492525609230995e+01 1.582095094683657877e+01
1.377969569457701127e+01 5.979871045485979364e-01
1.177549874883701975e+01 1.274456978098247006e+01
2.337556267802419896e+01 -1.269871405490850647e+00
-2.036204617293100938e+01 -6.107358260806872607e+00
-1.813111995587582470e+01 -2.682657607383630793e+00
1.024870855732634212e+01 4.167329265189174237e+01
-1.984402922579744200e+01 1.519933955932647152e+01
5.656447349128842284e+00 2.007344429614673231e+01
-8.014319026213613029e+00 1.132911917871222940e+01
8.730585852598768071e+00 2.230604320142174046e+01
-4.013987670546087116e+01 -4.392850979711386827e+01
-1.217195488215765486e+01 1.501490905939907350e+01
-9.255145893385428035e-01 3.929899852641415947e+01
4.953552099651280827e+01 4.946457654580158447e+01
4.720476143285412718e+01 -1.969046043034936133e+01
-7.012738375442950201e+00 -2.191452713881221115e+01
3.769611528155867575e+01 3.306894993695991936e+00
4.595252175611661727e+01 5.077368459516838683e+00
1.402322675768965432e+01 -1.669853589461364152e+01
1.501388268163697504e+01 -9.959767735279877243e+00
-1.438458115305557428e+01 -2.387604846326421182e+01
-8.302564765422012272e+00 3.287019715307896917e+01
1.817631980257174007e+01 1.532874994408565783e+01
-4.163357460275491206e+01 -4.630554272541454353e+00
2.451202682799430121e+01 -2.066637971163856236e+01
-8.757826989137321050e+00 1.668920643340761245e+01
-2.545970525466818657e+01 -2.377550718790462625e+01
-2.264267534156704542e+01 -1.306365926172033198e+01
-1.711516229401258116e+01 3.281242788232796670e+01
4.211893584496068144e+01 3.031576645661030867e+01
2.717340465959145490e+01 3.328512616202328900e+01
-6.555730453683104919e+00 -5.395143558273590934e+00
3.537410417394317363e+01 2.587951022963851955e+01
3.606600865936012212e+01 -4.364967759069897824e+01
-8.906144773520381364e+00 -2.245430472525980381e+00
-1.748612292171571436e+00 3.065754101300619894e+01
6.072266701864725036e+01 -1.907795270947655553e+01
3.717946541675938477e+01 -5.549503706334595776e+00
3.700743029564586895e+00 2.240367603838730304e+01
3.442961627835480698e+01 -3.767613361860860977e+01
3.496647977966917953e+00 5.154090338769975688e+01
-3.490824552944191694e-01 -4.195585936767326984e+01
-2.306723352735820853e+01 -5.359756789997180704e+01
-2.134964521578643826e+01 1.940713218230246184e+01
6.623792127686973785e+00 -1.157987930487598405e+01
5.520779222985542134e+01 -9.306994755844090861e+00
1.606611417297777678e+01 2.240600056810588114e+01
3.548573022399300214e+01 3.077542024456475289e+01
-3.261598979217897920e+01 2.784123164492637770e+01
7.639404718779521097e+00 -1.408273210346873938e+01
7.558473909768000709e+00 -4.473180789750906428e+01
-4.962022488593547997e+00 2.997380665090254581e+00
-1.858781355351213449e+01 2.155953847222241393e+01
-2.214668433329160635e+01 9.315249734238316037e+00
-5.651529600425296174e+00 2.310436408383247198e+01
-2.496080853864197202e+00 -9.618170600968898754e+00
-1.914974146924715726e+01 -1.466169699562700046e+01
-2.070474478278830333e+01 2.284667092462782279e+01
2.073455120136600982e+01 -1.388812968037511197e+01
-2.319712652147335064e+01 -1.767398186126904847e+01
1.344362814830069830e+01 2.892685338923388194e+00
7.032820371246880420e+00 5.188045237346361915e+01
-2.642257294225825248e+01 1.089577460317506663e+01
5.235220561972120379e-01 3.475366847651536517e+01
1.560875951494238079e+00 3.754115772583266164e+01
-2.044367172565408808e+01 2.908455391734288398e+01
-1.108896743125609774e+01 1.346703964807448628e+01
2.054100416853895084e+01 -1.215720673674993613e+01
3.233377166227541455e+00 -6.653871671738853522e-02
7.324507211559110331e+00 -1.394799310104645151e+01
2.539749976400074161e-01 2.704672426818321096e+00
7.717263639274348996e+00 4.085452574060182940e+01
1.538899731836841944e+01 -4.537968550891483233e+01
-3.217128366223906966e+01 2.292245511784577694e+00
4.209078910977453347e+01 4.610259056533614341e+01
6.001957058958399926e+01 1.222935654926949667e+01
4.175468868480480822e-01 3.205135699426090223e+00
4.331869379744976101e+01 3.329984793967115309e+01
-8.374812444981557746e+00 4.674564469236697217e-01
1.318043839662366601e+00 3.480554826049786499e+01
1.886573017303995670e+01 -5.047474015329507679e+00
2.829641341437321245e+01 -1.065843693786447943e+01
7.600847889275330616e+00 3.754727955207905410e+01
-1.880755461202866385e+01 8.168404138521333735e+00
1.075994405831990264e+01 8.367403735726004044e+00
2.846421007837283135e+00 8.827325311011467335e+00
2.497048338962988367e+01 3.272694828334454087e+01
1.656582606768146704e+01 2.380489457041889079e+00
3.014136525196954608e+01 -4.536100176030153364e+01
3.934427834648405309e+01 4.061635451957641152e+01
-9.010754392557128511e+00 2.825297882189741827e+01
2.714569041314513242e+01 1.149880960891769988e+01
1.482649193521555198e+01 -3.059566423348646680e+01
-4.457963626573723026e+00 3.220576291974056460e+01
2.101999215933753362e+01 5.228710583374669429e-01
8.069246552819910878e-01 5.564935424034885614e+00
-4.706957571230742587e+01 -1.934879277605873682e+01
8.436359401177124795e+00 1.797217248240535525e+01
1.077166062050089934e+01 9.078161138460551172e+00
9.503786841813248287e+00 4.440550209849455854e+01
5.082927620753995512e+00 -4.600787752023543398e+00
6.702203828567353305e+00 -2.705706898721909059e+00
-3.505711122912423150e+01 -2.472665310989831866e+01
-1.762684432465001549e+01 -3.733689687127780843e+01
-2.355408968580204387e+01 -1.850121880455507295e+00
2.693422382691461792e+01 3.079191509614034317e+00
3.361842322079763790e+01 -1.129947037775805008e+01
4.895834750255274059e+01 4.118634330974946067e+01
2.172128405933399620e+01 2.110217880362272780e+01
-1.596538590798600410e+01 -1.475710468284473276e+00
-1.527547785007789827e+01 2.052144829736732135e+01
1.542418942573964813e+01 2.880268805489816941e+01
1.498224440252756473e+01 1.183613972640785583e+01
-1.981991763465002876e+01 -9.610300311189659439e+00
1.650722588031293725e+01 1.567218626832614348e+01
4.908154976370898481e+01 -1.863807973806053297e+01
-3.415594751745602231e+00 3.575734881842222279e+01
3.521073735646236003e+01 -1.929771997446878373e+01
-1.552743796205431259e+01 -3.753471080118459202e+00
2.506137099425140846e+00 1.552924056766791061e+01
-5.964376246763302802e+00 2.939706595005111467e+01
1.950255639485673242e+01 -1.589025794561950100e+01
6.614278000547262337e+00 -8.047194380462933339e+00
-1.355400748174011483e+01 9.864225121375319816e+00
3.906724897899835725e+01 -1.288805130240180219e+01
5.464377220488659503e+01 5.595757221690190741e-01
-1.277931132961791327e+01 -8.485512793494871531e+00
-1.193858245379904304e+01 -1.922607058600955554e+01
-2.586888115941842514e+01 -2.313652361231178034e+01
1.591317715451480375e+01 -4.268347120180146703e+01
5.864261450393386355e+01 -1.033146577655162091e+01
-2.445395619268711584e+01 -1.184502533347190401e+01
-1.988148533148331154e+01 4.350290524854410279e+01
1.056758846813420938e+01 7.989415013298865276e+00
-1.019207253294306170e+01 -2.561125400518947615e+01
3.690730940746383482e+01 -9.645284613146618113e+00
3.688803893520024957e+01 -1.456104879400269603e+01
6.585339787708859660e+01 6.228437078057939225e+00
-3.257528646625146518e+00 1.299397335457085845e+01
-3.274365951068290315e+00 -1.754093789701700956e+01
3.575472732198988979e+01 1.138478262158998611e+01
5.122403504933865293e+01 -1.556818180082707670e+01
2.101611419840761386e+01 -2.381191120196939437e+01
1.248663274767318754e+01 -4.003122485698487765e+01
3.292107068656508773e+01 2.571840015155804693e+01
2.066990474798203081e+01 2.015059559391659505e+01
1.110021190363360688e+01 3.498384777782006694e+01
3.711765172755784192e+01 3.018146155122708407e+01
1.694977997847897910e+01 -4.789315067155600403e+00
7.139433126751043801e+01 3.357289326733101653e-01
1.877001623320951751e+01 -1.987723409457313739e+00
4.178861461528300936e+01 1.671043018045363482e+01
9.589540749838947775e+00 2.236110925636005575e+01
6.260941230591419604e+00 3.652259290465300978e+01
2.144081419276435696e+01 9.800071036294564664e+00
-2.096933644198118785e+00 -5.611228787125531525e+00
6.722830170228141355e+01 -1.730862809173314787e+01
2.308277418523374891e+01 6.307487132006099451e+00
-2.602410896756768466e+01 1.514481970143895140e+01
1.881340023126621830e+01 3.440148189016387903e+01
-2.325929676559587378e+01 3.572753762002194300e+00
4.512024723980850638e+00 2.874235568954839692e+01
8.057427297140137057e+00 3.212541499331467776e+01
1.105156345538180673e+01 -4.670830903545706292e+00
5.625717661521829172e+00 1.755721988917542831e+01
-1.501004316031935915e+01 -2.146368893426577529e+01
2.722617082604380201e+01 -2.635551621943232803e+01
1.682284498089147462e+01 -2.665937614051457061e+01
1.369626870287853393e+01 -2.632670870145074815e+01
4.659407508548928689e+01 -7.617784888672293420e+00
3.332097200012182725e+01 -2.418728439097827021e+01
4.430702904795662533e+01 2.367972611473615885e+01
-9.659698173404893673e-01 8.759294317273496944e+00
2.015531691647181844e+01 2.947325376117031936e+01
3.496018303263896954e+00 1.714210549919740600e+01
-1.510922882391768418e+01 -4.584412856429806737e+01
5.128397598600260920e+01 -2.261031680017434198e+01
-8.985024348222925283e+00 7.515813830340000834e+00
2.322494036290455455e+01 2.595909340984761116e+01
2.129766327099773804e+01 1.143992739420972704e+01
3.026498488668296005e+01 -1.814417288875487699e+01
-5.184357245098849098e+00 1.778150042169174228e+01
-4.749169368623403109e+00 -1.732534347788478613e+01
-2.043198678656780132e+01 -2.725031256966133952e+01
-2.243007503374521860e+01 -3.065645559328644509e+01
2.884828965218583718e+01 -2.841046401549607481e+01
2.554398194184593862e+01 -4.135596343293100574e+01
-1.986839306893736179e+01 -3.996202451015279422e+01
1.335909876035481503e+00 -2.122307249027500120e+01
-5.773217595086479470e+00 -2.377826030925339040e+01
-4.062862733309151153e+00 -5.245850928634929744e+01
2.100262192092656832e+01 -2.074099047309516664e+01
-4.120418199562028150e+01 -1.432971143347156051e+01
-3.189233638761595913e+01 -1.617898888948444380e+01
-1.043494999527540301e+01 -4.389722966094214485e+01
-1.171084525750099248e+00 -3.532882557199868501e+01
2.235949827563085357e+00 -1.864491481258213312e+01
-1.815678412917922868e+00 -4.496946510771386407e+00
2.107225136579627289e+00 -3.584478096446240869e+01
2.277404016798916331e+01 -4.164270185359193732e+01
3.975599652556928731e+01 -3.938345018681765453e+01
-3.969740101895924411e-01 -6.868198269846890192e+00
-1.313837632625763696e+01 -3.152257278291664377e+01
-1.687996976403047356e+01 -2.795048676871483906e+01
4.064807612696797889e+01 1.384159530759963275e+01
7.233566316992765977e+00 -2.620157040503966783e+01
4.621155804412926393e+00 -5.289425891071257269e+01
1.141095325292149276e+01 -4.507427225880887534e+01
9.397322392292037918e+00 -6.475001095135459650e+01
3.504183320641800048e+00 -3.293560815746926096e+01
1.704992733116734982e+01 -4.019581356954381590e+01
1.672238479834964764e+01 -1.864677863613298925e+01
-8.411380607941710608e+00 -2.924580542542245354e+01
2.106638788578953836e+01 -4.614615386478338621e+01
5.576639025974767350e+00 -2.452742913543988124e+01
1.883352739433527034e+01 -2.028652853670071465e+01
2.007659075497370438e+01 -4.827163126446982488e+01
-3.018370832799843129e+01 -2.367015478234513992e+01
-2.941343805048306592e+01 -3.618022932183006901e+01
-5.289597545194988371e+00 -4.505381206868933219e+01
-1.096984811180436381e+01 -5.181690577332724423e+00
-6.149250864289452778e-01 4.001760327301869147e+00
1.856140573283590278e+00 -2.492791927725319567e+01
-3.657035247489254459e+01 -9.914638065602488837e+00
-1.217605379142027822e+00 -4.459811356120219727e+01
7.642888280749407848e+00 -3.278042308481487055e+01
-8.782583739703882841e+00 -4.707538027641979284e+01
-2.048656113133746715e+01 -3.704629211267854316e+01
-2.710405103884432343e+00 -1.409706668667905660e+01
-2.784777482469809229e+01 -4.051829676912352340e+01
2.013594105144601443e+01 -3.083543850650635321e+01
-1.194868519520173678e+01 -1.081867912707659585e+00
2.098578581066743709e+01 3.403725075981328008e+00
-3.449651400379408983e+01 1.338510518682424077e+01
-1.350336876371308037e+01 -1.417098505884637127e+01
-8.367196629121665952e-01 -5.565154760897478781e+01
4.518172171274596138e+01 -1.101900142416235795e+01
-2.891826787494138529e+01 2.918289875884481521e+00
2.269418166568000572e+01 9.899305834977159435e+00
-1.089006325385738272e+01 -3.586858739098097715e+01
2.789105954977274315e+00 8.773721233429304434e+00
8.364786807875972841e+00 -3.626288559578571125e+01
-1.030881364582894477e+01 -4.009897123752427461e+01
5.199743842985154352e+00 -1.567025761915828674e+01
4.334194026928668286e+00 -4.026151513296336759e+01
-2.755693048240306098e+01 -1.467816294496270935e+01
2.167774176659376195e+01 -3.790220162904314805e+01
-3.769185813692644871e+01 -5.033405410642794209e+01
1.276432745826044091e+01 -3.733480603306169598e+01
2.791906893297113168e+00 -5.713023513174671564e+01
-6.126015900935802172e+00 -1.167828348889930545e+01
2.866156137461545939e+01 -5.079626339926774037e+00
-5.913908943138552310e+00 -3.379383740576985673e+01
3.539123960029854743e+01 -5.009557407643125515e+01
1.048687191484450221e+00 -3.022301787286635033e+01
-1.174581046851318789e+01 -3.972970853210595266e+01
-1.286353072320558866e+01 -2.838728388212648923e+01
-2.301284462458388802e+00 -1.308032932521170899e+01
1.559803704343591413e+01 -3.583012467466017625e+01
-1.872655689627593389e+01 -3.370687207332656499e+01
-3.659064497492492762e+01 -3.181163215940789968e+01
-9.249716992608838506e-01 -2.279865071561128431e+01
-3.084981111334675319e+01 -3.244667942826607288e+01
3.754474457797159204e+01 -1.399128205432989525e+01
2.223936958040795275e+01 -1.132877246380468073e+01
-1.811922700758572802e+01 -4.824329660102158357e+01
2.416881522533115145e+01 -2.320837686429506164e+00
-2.268284232801785549e+01 -1.757878408848126739e+01
3.778351431724001230e+00 -5.442673903355338894e+01
-1.470456254444106747e+01 -5.363047685177242130e+01
1.049447873141201448e+01 -2.281941197560248114e+01
8.536828196773129207e+00 -4.935358938057133571e+01
-1.113926704869754403e+01 -5.947402396779538236e+01
7.606944316217642665e+00 -1.916869406712464396e+01
1.820450750898690462e+00 -2.248832909017772153e+01
