-9.567274590925546818e+01 5.444436232176276746e+01
3.493968404961353258e+01 -4.400782507043414427e+01
8.953222034404899432e+01 9.798872251471461681e+00
4.283507848382558336e+02 -8.125180705179808172e+01
6.533789913427376916e+01 -1.012896696642759906e+02
4.109606382806861191e+00 -1.374035499256540618e+02
2.710596415962637806e+01 5.453014638111255152e+01
-9.158870904053807749e+01 1.403542502985750140e+01
1.284835922441850187e+02 1.594423144817261004e+02
-3.947679505864381611e+01 -1.024052036329410100e+02
-1.451614318049009569e+02 3.330441573760606389e+01
-1.008209213759917944e+01 1.362722755335324507e+02
1.460761049401289711e+02 -3.750436976392244048e+01
9.516140934040096511e+01 8.288481779460593657e+01
-4.175177700969692296e+02 1.125502412572540401e+01
-1.425034621301546345e+01 -2.128626808765579881e+01
-5.067667518511989755e+01 -1.770819831687659107e+00
-1.606205375877965764e+02 8.014963587289726377e+01
2.367209446008719169e+02 -1.193309649558884615e+02
8.900179837241427094e+01 -4.024828249535586622e+01
-5.205824689781787384e+01 4.317198790408516373e+01
1.736180852871733009e+02 -9.238307894365139816e+01
1.093870026225790681e+01 -8.093492160190663753e+01
-5.331697972183209089e+01 -5.487928860795876318e+01
-5.050511071300741150e+01 9.329125939437402337e+01
-8.038345025904927610e+00 -6.374980418331980303e+01
-8.928722104637215295e+01 -2.551552049872559280e+01
-2.131566224641471052e+00 2.122097002954954803e+01
-9.103319536341606977e+01 -1.094934090489485072e+02
6.999923872487050858e+01 1.234472515353658082e+02
-3.018185413336354941e+02 1.384519175375212967e+02
1.357704739741508604e+02 5.561823123160002780e+01
-1.455477951826576088e+02 -8.732837135135291362e+01
1.368909922491346549e+02 -5.182014589773955748e+01
4.655315102628163260e+01 -3.920689009358954369e+00
1.214266229948208462e+02 -1.389954808178607379e+02
-1.072532846636802049e+02 1.046164665871810655e+02
-1.028701352578040940e+02 -6.654641278504480795e+01
-1.380652919296792334e+02 -1.642132264829624333e+01
2.642129640197137519e+02 -7.811916284717442593e+00
2.865206177329104165e+01 1.002248857352351479e+02
-1.470230847281752240e+01 6.732909077951032373e+01
6.572330000199828248e+01 4.440997986346116022e+01
-2.657893257121310739e+02 8.473280077217673067e+00
