-5.055629577859020429e+01 -4.469352733084328833e+01
-1.055222904818735401e+02 -1.288281824205009762e+01
-7.618297666946254321e-01 3.104024427554700338e+01
5.362957477624200209e+01 -7.835983031391087650e+01
5.323478230327201288e+01 1.723453846894390651e+01
3.853917719359783689e+01 -3.923164064799964024e+01
4.625672158454514715e+01 -3.317902515199983071e+01
1.318339242814830925e+01 -4.934679640210258356e+01
-4.252121365219747418e+01 -2.871117117440952526e+01
7.391064811827764913e+01 3.068702448433209717e+00
-3.077724757410140910e+01 4.945908061384401577e+01
-1.386703542263949451e+01 3.117369901625925976e+01
-1.037068966140924431e+02 3.780182432460851061e+01
1.226070469378770511e+01 -2.988480443762947658e+01
6.913643960969426416e+01 3.937547030219316468e+01
-6.666789456521408397e+01 3.516535287392849796e+01
5.912498060150165990e+00 -2.457326114155326646e+00
1.108987575436325272e+02 -8.542121225862233302e+01
-5.963462509511248300e+01 1.038113326158043570e+01
-5.915183621545250503e+01 -4.899823018266697261e+01
4.655774687676711210e+01 -4.430534000673033290e+01
-3.038156282427280175e+01 -1.779138968309371194e+01
-7.569021547106655134e+01 -3.048148788581057644e+01
2.658312758590672686e+01 3.358722044114795580e+01
3.601437491549597070e+01 3.536124375852462087e+00
-6.751839607615156069e+01 -1.340894907019865556e+01
2.660484382416860694e+00 -3.936511929649581987e+01
-3.716485857002580673e+01 5.740260850784905777e+00
-5.884281053213837254e+01 -5.380536998791482617e+00
-6.881405779906747000e+01 -4.655476924437154906e+01
-5.487443023720430801e+01 -3.485586117090554836e+01
-3.471844606535719180e+01 2.754367175016735914e+01
-1.121207102701349640e+02 6.971632200425029957e+00
-4.155748928626905325e+01 5.400894146962137654e+01
2.617482667753139935e+01 -4.651535243639478523e+01
4.173335066399801008e+01 -5.624549486684785649e+01
-2.773380466035368386e+01 -1.119094700559267430e+01
2.209176282837603367e+01 1.185068349859600119e+02
-1.203081876785794151e+02 -2.435547971751309859e+01
-4.867449394559771036e+01 8.183445119946243906e+00
5.864066782258173305e+01 -3.032865376451028538e+01
-8.245441787520935861e+01 -1.262110892423223163e+02
-1.090843047155064909e+02 1.047104741255010936e+02
-1.179507764288197649e+02 5.357057984362935343e+01
-3.239797662523952404e+00 1.720573925100093504e+01
6.853019648761885207e+01 -1.302492534642540178e+01
5.239928758803064568e+01 4.082847239078864732e+01
2.114990330693548160e+01 4.047447500389798591e+01
5.540285051377891534e+01 5.231194076248789315e+01
4.971746602826344841e+00 -2.147397207080949144e+01
6.052625734117667378e+01 6.767374923678282528e+01
-2.066331585458021891e+01 -1.018237956787325089e+02
-6.328632077107721443e+01 -4.060733450046446791e+01
-1.592871105443252873e+02 2.827231058299472721e+01
2.970980005466584473e+01 -4.228015502609535758e+01
-1.302294984519254797e+02 -7.266989773869096325e+01
-7.595416431828354575e+01 -4.411727153708884686e+01
-1.420418968470133869e+01 2.426059756715448046e+01
-4.502185024665251944e+01 -5.146810369732512669e+01
-4.815583512727987880e+01 -8.368745858883823274e+00
-2.131295760815373441e+01 3.820479156770317530e+01
-1.189927751629840031e+02 5.100986037504176807e+01
-4.948961293685509588e+01 4.654161445062589308e+01
3.452772928402820440e+01 -3.197764233666726597e+01
2.860785856661297544e+01 -2.959238634808743384e+01
-8.225792664619844174e+01 -6.835639181976442558e+01
6.837835710117533949e+01 -7.748216777443194303e+01
-1.774744029047237959e+01 6.443026577097784013e+01
3.028648833267145690e+01 2.188585354469540079e+01
-7.402122687876308760e+01 8.464074754979899140e+00
-3.633878940031696203e+01 -9.839786154986371969e+01
3.950743213078567351e+01 9.272965109629524250e+01
-6.821831685810815316e+01 3.419800183628636603e+01
2.301126519994687314e+01 -7.127677272811637010e+01
8.421452504539436745e+01 -8.397908097100786051e+01
-9.876839905822270893e+00 4.794933675135398232e+01
-9.275391476587147110e+01 -6.793296780358763165e+00
-1.325095159232090758e+01 -1.461093897921991136e+01
-1.240529077324644014e+01 -8.597974590624097857e+01
-1.010440389144184934e+02 -4.240795217831604447e+01
5.079944867321432156e+01 -2.347882221927816815e+01
-8.367794179349634476e+01 1.654114053413226770e+01
-4.268223512064789560e+00 -3.064111700227627111e+01
-3.922221353808089361e+01 -7.082039122139258325e+01
-2.963357095692099819e+01 4.127937883295976462e+01
-2.377241126825581929e+01 9.160409229247899532e+01
-1.227150685280942923e+02 -3.911336797872918769e+00
5.178271780094819476e+00 5.677190484174372642e+01
9.530280254911724569e+01 -5.226323060665377795e+01
3.070588004614691169e+00 6.686192992260218126e+00
-7.446038050516712303e+01 -9.293110188387704795e+01
-5.215676875656922107e+01 -6.682262014147141826e+01
-9.258758819589290567e+01 5.947574648043323720e+01
-3.404501201201409755e-01 -9.789073440404301607e+00
-6.711675588432211725e+01 4.606158097829260356e+01
-1.318012460006988249e+02 4.057776219033903686e+01
-1.784832490400838623e+01 3.701350568046990031e+00
-1.514696452167108909e+01 -7.737322721729603359e+01
1.125198625164462207e+01 -4.010673146877433481e+01
-5.562281133703276481e+00 -2.002316156494994814e+01
-2.332984961136850899e+01 -2.459308361371605400e+01
1.071594186339676753e+02 -2.457186382096785593e+01
-2.667274648219279598e+01 -7.952750376695672685e+01
-8.415308622923588189e+01 3.183559713508047295e+01
1.307594135712157311e+02 7.845708084013787698e+01
1.872609788506606421e+01 -7.875898026177577549e+01
-8.083826798426686366e+01 -1.967896454474786481e+02
9.080829347670400864e+01 1.682339208409360243e+00
8.587828557635451432e+01 1.192567281945178337e+01
-6.847656809767744335e+01 -2.938808442603816218e+01
-4.687716825889051364e+00 5.978044408124406317e+01
1.300825870010035246e+01 -7.585055945712323222e+00
3.737714005354132496e+01 4.191450545493628255e+01
-3.876439181486701813e+01 1.066443724389563386e+02
-1.159080769526672228e+01 -3.480378907295898472e+01
6.180367140404919724e+01 1.696053889104614854e+01
9.483502250955278612e+01 -1.827548039758784171e+01
3.059791141552936367e+01 -9.160970680997183990e+01
7.605033424184388657e+00 -1.401171932800463082e+01
-3.407969384892398423e+00 -4.379324604124042963e+01
-7.185076765856271663e+01 -3.783462039371661945e+01
3.298022274216689453e+01 5.342793317848348522e+01
1.025274167373528229e+02 -2.311017669657360329e+00
-1.194124093708034096e+01 1.480426171655441010e+02
7.037159998667975458e+01 2.128014238842717276e+01
7.895221004208642057e+01 6.154859252676550341e+01
7.624138182074609915e+01 -6.559516854726533097e+01
6.474042347734346947e+01 -3.195816273974492105e+01
-8.192831675059419183e+01 4.171274098170980693e+01
-1.937138807381463224e+01 1.760169926567040122e+01
-6.538834874972566524e+01 -5.785986000582133215e+01
5.389074816503667265e+00 2.910378481540976026e+01
3.439339817044847081e+01 1.817714289550082185e+01
6.075482157140944395e+01 -5.175144740407074551e+01
1.109216520935984995e+01 9.058362693145880939e+01
-3.783360308923253967e+01 -6.895871532818378391e+00
-3.472629764865252611e+01 1.478755851556451084e+01
3.045706152845390591e+01 5.542407363345128068e+00
-1.846678396568709601e+01 -9.051625473262619792e+00
8.495196190540323755e+01 -7.947997406173879398e+00
-7.835787211921618223e+01 1.635201760926717185e+01
-1.402772092448794865e+02 5.793574549871411250e+01
2.111010982979703599e+01 -4.974538619175868348e+01
-9.540461268662336636e+01 4.897584722645083843e+01
3.191637636427027402e+01 6.104822022020052685e+01
4.335337530383694826e+01 -7.306051965378154023e+01
-1.064825189837056207e+01 -3.551160612336418332e+00
1.127598713667592811e+01 3.002057789113872133e+01
-2.230610985365957255e+00 -3.531453840715484915e+01
-3.878072444837033572e+01 -1.789866130209849970e+01
-2.625005413398987031e+01 -3.419921323526116907e+01
-7.118483835816357441e+01 -5.540689779265202120e-01
3.710454985395855942e+01 -8.862154270226341168e+00
-4.538682405358778027e+01 -3.858404085993270627e+01
-4.723522383558670867e+01 3.257524643443928625e+01
6.038063470273826994e+01 2.576402991416568611e+01
6.806251881074572907e+01 4.738730125874027266e+01
9.973449945027931918e+00 -8.729755768359989077e+01
7.823157007658506856e+00 7.390778184067204393e+01
3.644020182577081357e+01 -7.552773893111985615e+01
-5.371754417713523821e+01 2.591704228136932642e+01
-6.468613126644861211e+01 -3.628918737120464755e+01
-5.592301824520949083e+01 -9.363811667134064010e+01
4.777928285094434102e+01 -3.873809641626736777e+01
2.350636142983880461e+01 -1.478875761665463173e+01
-9.511699586051385324e+01 -1.561329066554277212e+01
-1.572402216890528166e+02 -1.908422705367757715e+02
-6.955695634585807419e+00 2.320955640361527017e+01
-8.291985338042746889e+01 -5.481763027352123174e+01
1.361554557459007242e+02 -1.719911304828675611e+02
-8.425617732120178971e+01 8.309707475504326624e+01
-6.527821198393388613e+01 1.632105259593455671e+01
-6.285952769726059586e+01 -2.256920948557747408e+01
-6.977256552858042937e+01 -6.190336291376259403e+00
-4.213955900361819573e+01 4.004983567843400749e+01
5.891986033969863712e+01 -3.965232099935013110e+01
-5.612221715122559829e+01 3.559063939311063507e+01
-1.183360146120984524e+01 7.464947116095962087e+01
4.907969019512901809e+01 -5.730728932455348534e+00
2.487739708369039704e+01 4.811152822679987651e+01
6.126034200598231649e+01 4.514141718511253565e+00
8.530981687797850554e+01 3.558385283815920452e+00
-3.932344155464472379e+01 8.388156917043158955e+01
-2.673291695522349798e+01 2.896007815691273279e+01
4.213465690692439125e+01 -1.975604357660623478e+00
-5.982487160060335540e+00 -8.213304883268362744e+01
5.029174655940322225e+01 -5.380754902202821199e+01
-1.066571247823265622e+00 5.931810274279319950e-01
-1.360022049909719328e+02 -1.705270181925401829e+01
2.261472057812674308e+01 -9.410993790971959871e-01
-7.670688874178962635e+01 -5.077766583602297601e+01
-2.049989143643893641e+01 1.109068396404119881e+02
1.477677279469251026e+01 -1.570048160033065621e+01
-2.644299746723186573e+01 -1.031254806260037737e+00
2.866792245971552333e+01 -7.932087454169433727e+01
-4.922061843624214816e+01 6.140894167800388459e+01
7.345890831722387304e+01 1.085037833396734541e+01
-9.754619192698521957e+00 -6.284246653818720318e+01
-3.309759431315448097e+01 -8.649598706012474736e+01
5.444339659157846967e+01 3.180033245090028871e+01
-7.610038641512791457e+01 5.336452539584605148e+01
-1.464295219879501531e+02 4.661296773426625606e+01
2.599473474355086822e+01 -5.796239785870942285e+01
1.187109712532752503e+01 -1.149640893340505841e+02
-1.884881270115714003e+01 -4.135208481678128578e+01
-5.747614419745436010e+01 6.464665024155675610e+01
5.004762412282974537e+01 -8.940061713249697561e+01
-8.473024308533635462e+01 2.270070072772700343e+01
1.331214779786527025e+01 5.249365221078265087e+00
-2.945031430289046526e+01 -7.045719125140102790e+01
7.816701217531837642e+01 -9.797190850736839707e+01
-3.248380381878121881e+01 -6.071469788992026650e+01
-7.817384549850351050e+01 -3.465571975486709366e+00
5.165676695944064534e+01 -6.271189693916137031e+01
3.558119394056664220e+01 -5.340828952059639079e+01
-5.430401244323844878e+01 -5.558279625616928143e+01
1.508687397110975041e+02 -1.104937870375226936e+02
-2.710221164348470424e+01 9.729741057017996297e+01
8.632384210623536092e+01 -5.762316952764160050e+01
-1.654304130147188090e+01 -6.956152512267902921e+01
-2.219817944325503944e+01 -5.991089010300937190e+01
1.727996667610666393e+01 7.859023768895522721e+01
-6.058125094044090986e+01 -6.437088900509746736e+01
-3.349182598472839345e+01 6.142616492133082318e+01
1.015226364940997001e+02 -3.827465292871085012e+01
7.729365429917130825e+01 -3.154098221179879502e+01
-8.790864343022768423e+00 1.038166290697922811e+01
-2.750529484703388050e+01 9.419738298673030030e+00
9.155289684675386752e+01 -4.603392191492204688e+00
2.348717191255853365e+01 2.046734137972699585e+01
-4.503676028218620786e+01 -1.410010656047026301e-01
1.449518644721445959e+01 1.500167514807259650e+01
-3.578836050216771536e-01 8.157125781660720065e+01
-1.584069008365059616e+01 -1.010298107960386176e+02
4.309261404268094964e+01 6.826242574381019779e+01
-7.336280826476203742e+01 -6.844758754170928228e+01
-9.075508527732689856e+01 -5.836054524336376659e+01
1.640059704622858661e+01 6.390135372146944803e+01
5.978526069719615066e+01 -1.934440675668110643e+01
4.409251035468547286e+01 2.524286809475201210e+01
6.808543099748062843e+01 -2.644473224386126375e+01
1.535798044071411539e+01 -8.570866199349302406e+01
-5.643022078038469402e+01 5.357222571210638051e+01
6.461696257863549420e+01 -9.092215740786289757e+01
-3.329062860586849126e+01 7.672645026762852183e+01
-2.611277190078229182e+01 -5.212531548393771175e+01
-1.176150068918177141e+02 -3.880718205012344413e+01
-4.025453252310715868e+01 2.256293212702155060e+01
-7.522943283909611978e+00 -5.408842137181800780e+01
-8.349533095775115044e+01 3.674548261762351942e+00
-5.214450424724419975e+01 -1.631107194340012256e+01
-1.410246888508972241e+01 -4.828557019891763957e+01
-7.950907179556378424e+01 1.412865134413548063e+01
-3.314405468213535499e+01 -3.956408834954197573e+01
-7.285931972827747849e+00 1.015536567805878150e+02
-2.422817538148900329e+00 -7.121264470528157631e+01
1.692178208916048021e+01 5.249158457988672666e+01
-6.618526878959093551e+01 -7.834266812480224473e+01
-2.781741196991609755e+01 6.940423368888971822e+01
-5.519455349419106227e+01 1.682434741693461433e+01
3.802779580581848506e+01 1.450926191236568030e+01
-4.566156286874897319e+01 7.110272045377004702e+01
-9.342496161534995736e+00 -8.321562788968189750e+01
-1.813153055431444614e+02 -1.724916598567110171e+01
3.935854336277768795e+01 -1.686165234891544173e+01
-8.613094567462609064e+01 -3.113876429553446101e+01
-4.663578562724529064e+01 -7.537475437171637793e+01
-4.714837529594483101e+01 1.759592971285133700e+01
2.943523130515401576e+01 -2.240852232717071502e+01
-3.795777677769533653e+01 -3.475976638933689600e+01
3.016146881035169969e+01 8.231118712414733807e+01
-5.748927294935977983e+01 -9.554452034270079608e+00
-3.983500965527466064e+01 6.585056920814615466e+01
-1.396773922195072082e+01 -2.577783588535976733e+01
7.404793723907320668e+01 2.484155765142856254e+01
-6.241820758508232103e+01 -6.698721549302574374e+01
-8.511124676967884284e+01 -1.949959916572809249e+01
4.960463361417646766e+00 -2.922643471525289272e+01
-7.266400012009356146e+01 -1.928007418494907199e+01
4.637776266485714416e+01 5.207658823932708181e+00
5.654588608526384519e+01 -1.199464411901665351e+01
-5.655084828712448797e+01 -7.984112968102074603e+01
-2.273017794606177517e+02 -2.576922198333118885e+01
-1.897369237975510714e+01 5.210985856059369326e+01
1.511709278382954480e+01 -6.406188865794804599e+01
6.761755605972111027e+01 3.104459026364912688e+01
4.441677716338062964e+01 -2.391861415108323285e+01
-2.210643321141870565e+00 9.787004277647281469e+01
3.592914532885752266e+01 3.134030074538816635e+01
7.740596158169405605e+00 1.787756276449868409e+01
-7.811149270266247413e+01 7.318037063790086449e+01
-2.456156374418054611e+01 6.077262206094095376e+01
-2.164299101975621298e+01 7.175574378294774647e+01
2.816318178975639963e+00 -5.983247755631592213e+01
-4.575877985450843966e+01 -2.225396903119280623e+01
-6.992120461947054366e+01 5.928944519395514590e+01
-5.504931277067426354e-02 4.021449599392293806e+01
3.401160020536673301e+01 -6.456781437554396064e+01
3.200199348734142291e+01 -1.489252586375942400e+01
-5.458873624828231641e+01 5.527591579583343240e+00
8.507775708214674637e+01 4.431707986489077200e+01
