9.370857020619640210e+00 -6.796947172694559924e+01
6.346160194271946331e+00 1.245607186499334418e+01
1.620261853766929505e+01 -6.898312342421546361e+01
1.676765619981269140e+01 -4.845506897261542179e+01
-3.383946338843411894e+01 -9.486148112118080178e+00
2.444219769197739822e+01 1.160283498996336071e+01
3.850538648685712495e+00 -3.623500552762082094e+01
8.094936161075402481e+00 -7.818975115923539931e+01
-8.749387897176351458e+00 -2.115399675064705676e+01
-9.655511835609834392e+00 -4.083318592106028433e+01
-1.533118527148679888e+01 2.367503422014918968e+01
-1.168937892444480831e+01 2.346578601042245182e+01
-1.831864330200264135e+01 -4.157554892455235773e+01
-3.383491438679968155e+01 2.930747127398170804e+01
8.840742036299664264e+00 3.018803742203014906e+01
1.665743351308926279e+01 1.682809583283055588e+01
-5.053017728009723442e+01 -1.769994567337413116e+01
-7.460555666284474796e+01 2.116403697742867518e+00
-3.753287790623415532e+01 -1.572367869833323795e+01
-5.788631486354211830e+01 -5.752751929378472084e+01
-3.298468659155430061e+01 -5.633000709303905751e+01
-4.124438844241164048e+01 5.654883058609231483e+01
1.597767790001223887e+01 3.493561841298550519e+01
-3.860967862390600658e+01 2.059455230498991085e+01
3.684387348665570716e+00 4.160571776268015753e+01
-5.865289291558442031e+00 -4.221214666470882548e+01
1.208465050732983137e+01 -3.124428500913793538e+00
4.679782126456030866e+00 -5.042297090710655993e+01
5.766042063641165782e+01 -6.776338491215292947e+01
5.935359672954212407e-01 -1.046565354301917097e+02
-3.130627330806636266e+01 3.170076168252874282e+01
1.952199407177014479e+01 -8.408544361269358447e+00
-4.476907594354855036e+01 -2.287267212056285004e+01
-4.584831676800382638e+01 -1.619431896315834862e+01
-5.666859040394391656e+01 -1.654323779586464127e+01
4.017736234099071169e+01 -7.744534214218041335e+00
-1.651882070946407266e+00 1.631309400981300328e+01
-2.925206433104036918e+01 -4.085792719848179644e+01
2.642899820302617542e+01 -3.002112014098322135e+01
-4.279545257420969051e+01 -5.011455997315059818e+01
-4.611439166177996185e+01 2.532907914555380202e+01
1.291323001361257283e+01 -3.953543393321233879e+01
-2.744382693966001341e+01 3.717511199425481294e+01
2.479863775082909783e+01 1.783763249042693388e+01
-3.964426949544682799e+01 2.385526979566638417e+01
-5.744265784819008758e+01 1.767415334448507958e+00
-5.853946990358621427e+00 -6.746003479985482443e+01
1.278500732583329480e+01 7.479136311413542515e+00
-4.199652968961699884e+01 2.209713520651368057e+01
1.474167085923841292e+01 -5.271983446098189319e+01
3.590120389126843037e+01 -1.147817712820059377e+01
-4.169200980304871962e+01 -2.924296787867809044e+01
4.197372074287802235e+01 4.701628519441205611e+01
-1.903441062637964620e+01 2.845556642676188730e+01
9.275196379793225532e+00 7.648447367905672145e+00
4.118203765546448381e+01 2.071975665129706101e+01
2.175592696995310149e+01 -3.642622654643825619e-01
1.512591940979797300e+01 -3.110229181438923973e+01
9.404710335798053933e+00 -9.418221924402642387e+00
-4.291361700104108223e+00 3.689138559769727266e+01
1.268241226687377754e+01 3.326371482864741580e+01
-5.199849887841379115e+01 -1.380374033379745402e-01
1.626445508905310255e+00 9.751043596704523253e+00
-3.999145341091835348e+01 -4.810147357281559621e+00
-4.085985451089298692e+01 1.198016355711853720e+01
3.114454057073852766e+01 1.488682027655575979e+01
-1.212591219503272910e+01 -1.811157955165036171e+01
-5.115246284433182922e+01 -5.142979894556594544e+00
-5.572146455038958379e+01 2.156272796966237948e+01
-6.144179251983295842e+01 -4.214627100078934774e+01
1.348135369780071713e+01 4.691954570860261242e+01
-1.061013731994653853e+01 1.866852997667605507e+01
-8.601821002566655494e+00 -4.601947199729030302e+01
2.254749292797853855e+01 1.576990892207989958e+01
1.540571925963426381e+01 3.686923142426326194e+01
-4.562438573384351770e+01 -2.014002094200307980e+01
-6.120484936914861862e+01 4.273457929311774706e-02
-3.485940182307246005e+01 2.433761088188568422e+01
-4.754159088980765802e+01 1.675378080611613285e+01
5.630343783302757643e+00 -3.612869004065200329e+01
2.210466608203124039e+01 -5.546771088114287807e+01
-3.024327823923653114e+01 2.775359519362284999e+01
-3.866048559361605186e+01 3.000157899436864284e+01
-4.876082230394882799e+01 -3.850420091904524611e+01
4.023489870287423997e+00 2.765774236391362706e+01
1.152921734895399908e+01 3.865216193120738808e+01
2.195321227944143416e+01 4.380126614628334636e+01
-2.495622755910795121e+01 4.782696467804601781e+00
-6.960584429684774754e+00 3.535033171480054648e+01
-4.726375867787776031e+01 -4.650478529566476738e+01
-3.621849877976072918e+01 1.380268298108360980e+01
5.236926563853930361e+01 -2.145864397658559497e+01
-1.207965624479733213e+00 3.561414411581623085e+01
-1.386305231501556889e+01 -7.217589121768412497e+01
-3.090300450669026588e+01 2.751200383223881119e+01
-2.221411538323513923e+01 1.126649193692323969e+01
-4.436144385309732030e+01 1.858620810764818998e+01
-6.061394881039922922e+01 1.359209996213250093e+01
3.459795991275247928e+01 -3.495640240270429189e+01
-5.273424041258599537e+00 2.098211920259708307e+01
-2.177975874932241318e+00 7.215856338735345155e+00
-4.086441081796877484e+00 -2.921993357686967485e+01
-3.001038486151750107e+01 1.215457738049098424e+01
1.383507402165265532e+01 -6.371416614406584955e+01
-3.574922758586738780e+01 3.448934954885176207e+00
-6.175598763023278259e+00 5.110407153401952485e+01
-1.694761613701007263e+01 -4.446820113503814298e+01
-1.420599014754333389e+01 4.857363128527154572e+01
1.148483423528961112e+01 1.255286866676668112e+01
-2.732753218302689646e+01 1.802663240416223500e+00
9.011921880176609889e+00 4.140667155905911301e+01
5.648496776909789574e+00 -2.113412958226374272e+01
-1.701425346018216800e+01 1.253664376312256046e+01
-3.358526100677890014e+01 -1.953508574137444498e+01
8.483050983659637723e+00 -4.639342491959085635e+01
2.950577592359758139e+00 3.462859544389387167e+01
-2.082812785653128174e+01 -5.850632688214761146e+01
-2.860600630507091324e+01 3.482727814244277198e+01
1.583893867631403118e+01 -1.480417637647932594e+01
-1.950001901482173849e+01 -8.852625246501713718e+01
-3.451715286791385751e+01 -3.921629255018167015e+01
6.176570653293286739e+01 -2.568867264053147181e+01
4.045564521143094794e+01 -2.591315697375141980e+01
-3.247728781807323628e+01 -5.170744642459802698e+00
-6.097177889247846139e+01 6.365034590576128082e+00
-1.752633418077418526e+01 2.697832018877083726e+01
-3.058408215448358902e+01 -3.286186930319262700e+01
-5.080974080624520894e+01 1.196907782205024162e+01
-4.710000143268633366e+01 -7.790965357276256498e+01
-5.415634642414262601e+01 -1.816453308398225985e+01
-6.306925102687547025e+01 1.093425984926746075e+01
5.089216960148291946e+00 -3.264236373075995346e+01
-6.177211042690909437e+01 4.128841780322539456e+00
1.544426099532019414e+01 -2.757617489491034135e+00
-1.755317843405233447e+01 4.512494497809606031e+01
-8.920961812024650328e+00 -6.182950885540335406e+01
-3.563358667962809534e+01 -1.831001391347055085e+00
-5.163097239287028373e+01 -3.654968737332646356e+01
-9.994568914599751608e+00 -3.070465736449011551e+00
-2.485556906881861394e+01 -3.851755825234268116e+01
-1.166528484816390332e+01 -6.754220453650255251e+01
2.484334526439026192e+00 4.767478165304309812e+01
7.130061836036281520e+00 1.049337382122375395e+01
-4.539548484028507858e+01 3.184678223221182769e+00
2.369995249620085431e+01 -6.645962184093055392e+00
-2.608860663824787807e+01 2.463146522902003710e+01
-4.409924736430890846e+01 -4.390598146021012127e+01
9.538947158515615143e+00 7.382199626192209152e+00
1.789133677508191411e+01 2.752684808858010701e+00
-4.797527996197696609e+01 -3.499802498201857759e+01
-3.528581481464689418e+00 2.926728636920496740e+01
8.193589676076248551e+00 -1.169037467872677460e+01
-4.453699767853905200e+01 -5.980440494826016362e+00
-1.814257593195775087e+01 -6.307453613364789646e+01
-5.793673552204063881e+00 1.177870784438128560e+01
-3.447680040667012946e+01 -2.500553283776333302e+01
-4.858731270738546826e+00 -5.407545397396845743e+01
6.566309492848932727e+00 3.443003444791955303e+01
-3.138986809551412094e+01 -7.042563874615515829e+01
-4.805127539615934751e+01 -3.219020946937895644e+01
3.364484404538930562e+01 -1.718448789232815344e+01
-3.999799136270571864e+01 -5.681317641370611682e+01
-5.367086729157877656e+00 -1.039836966915352079e+01
-2.070378201978821053e+01 4.137331109311234911e+01
9.189441434862130720e+00 3.230268174717770613e+00
-1.415063824300307616e+01 3.749970039631064367e+01
-4.051654844917796083e+01 -8.201002232333520325e+00
-3.638038965695919558e+01 -4.675440317565153237e+01
9.208001966420518158e+00 2.826780118247026863e+01
-1.895766321784520514e+01 -7.518417353754088595e+01
-3.897320613467948114e+00 -5.066514790309900818e+00
-3.385813438992610713e+01 -5.075521183452987373e+01
-4.016342037518672470e+01 -1.001045580448581607e+00
1.265401434226950528e+01 -5.785801734298878785e-03
2.808800280265446503e+01 -1.097686302447211304e+01
1.396854151842009983e+01 -1.617804403563690130e+01
-1.541355592158956433e+01 -8.000476443225335288e+01
1.457924381531489821e+01 -2.254667293646818038e+01
-2.639801279485926244e+01 -4.501509060671579476e+01
8.059243563308063685e+00 -1.774116952107403122e+01
-6.474782747040862318e+00 -5.808614472434812370e+01
2.627041490171827931e+01 -4.887142820746097982e+01
2.167188395658586941e+01 -2.087650050869666885e+01
-5.311669651009134441e+01 1.977336690687230103e+01
-2.931781278310011629e+01 -2.869571861738423024e+01
1.823460379482437688e+01 -7.415252188790941545e+01
-2.233709076119897929e+01 1.984851848278040265e+01
-3.681601572956632396e+01 -5.458414733802762697e+01
-4.823552299074981420e+01 -6.707042915394924876e+01
-8.651875172625763000e+00 -1.577397147309634562e+01
1.805691364730845683e+00 -6.047948122445153984e+01
6.977465451397022456e+00 -3.590256634126402169e+00
1.687786993972895999e+01 3.044059901659031553e+01
6.911496705193004964e+00 4.423846596648147766e+01
-3.849114909402003093e+01 -6.755804062663872855e+01
2.278241376995812573e+01 -4.919726614257601227e+01
-5.813868268639513559e+01 -2.828024455006734428e+01
-5.251089507575818516e+01 6.928305507171626410e+00
-2.281411211594668487e+01 -6.537896106459275813e+01
3.727111873257486963e+01 -3.438311736467451141e+01
-5.506084486746484430e+01 -7.998340685619297119e+00
-1.683677274626611720e+01 -2.355512646458609183e+01
-1.848054362365522962e+01 3.589802948836885665e+00
2.834035200935153753e+01 -4.372441456927469972e+01
2.389306186449459091e+01 -7.089376340826501632e+01
-3.605761940884159245e+00 -4.965727198911731866e-01
-4.415672388208781030e+01 -5.345655698409002810e+01
-4.134248070342784409e+00 -1.064688742117217686e+02
-4.405559451710482222e+01 -3.303124383995776014e+01
2.456204120418391668e+01 -2.561961784953059151e+01
-6.964231242739036709e+00 -2.428466929947126829e+01
-1.785320617281969646e+01 -6.732369891645949167e+01
5.651357204641872300e+00 -1.246694859063776306e+01
1.968813625927206346e+01 -5.337555496443920333e+01
-2.788445134412650361e+01 -3.160352499078582955e+00
-3.977352372719953166e+01 1.633133104797853719e+01
3.149460747338117983e+01 -3.759011796977856079e+01
-1.197308676397945248e+01 -5.778159606973026285e+01
1.535181240742134801e+00 -2.548109289269095612e+01
1.248296778470971446e+01 -7.393185793082419366e+01
3.490908382156887590e+00 -4.138671135839401671e+01
-2.131064880354808366e+01 -5.080877466975628920e+01
3.339428158393669577e+01 -1.904702766911017875e+01
-5.443270924302170855e+00 5.586674436457537141e+00
-3.923253720994276250e+01 -3.044408841765797291e+01
-2.650149510288317956e+01 -8.128144036708999209e+00
2.093235182449857490e+01 -1.820689909568199383e+01
-3.563405088949480159e+01 -3.468433610828223834e+01
-2.389798603674351085e+01 -7.879692865841080618e+01
-8.446048140260998593e+01 -5.509290724241550663e+01
-3.207231890778706429e+01 6.348611154733730721e+00
-2.550588224728528974e+00 -1.453732122683827122e+01
3.473527750744278819e+01 -1.181160774356755638e+01
-1.354492810933622504e+00 -6.488022017044401935e+01
-2.441262286400037596e+01 3.797525256928141602e+01
1.484189670922762794e+01 6.466323180155706396e+00
-9.693983667789284553e+00 3.942921919391144314e+01
1.833488977178656043e+01 -2.380858054225299014e+01
3.695143784058848979e+01 -6.657175652727403303e+01
-3.048593600017857064e+00 3.940397681483413805e+01
3.440296071525728649e+01 -6.385250695716225167e+00
-3.269969085126285790e+01 2.024559572975232768e+01
-3.496124054782333701e+01 8.549270944530794836e+00
-2.348250985566623328e+01 -2.900724369076862885e+01
-3.210876931967196413e+01 -1.235391619922140549e+01
-4.001648026382517997e+01 -2.448181382682430751e+01
-4.855831684357080746e+01 -1.185585430182039346e+01
-1.096410784405654226e+01 3.247945541371073830e+01
-3.843102131411705358e+01 -5.000901882014486688e+01
-1.328288015652013265e-01 4.382055925813204311e+01
-1.738834794315189924e+01 1.822433397825685475e+01
6.764613334647394893e+00 -4.474166318937878373e+01
1.716946570941932393e+01 -8.740192295139613066e+01
1.178223352765987464e+01 -4.231916728012680551e+01
-5.007028631177976585e+00 -5.006719052509018297e+01
-4.299050978645413323e+01 -1.028624927561298463e+01
-4.072480279501598233e+01 -4.729190119928264835e+01
-3.843861902472518466e+00 -1.991398703856366836e+01
-1.242128165235735437e+01 4.435306465732783465e+01
-1.643946731645021231e+01 -6.876038876129178412e+00
-5.648187522792831317e+01 -4.004595202769302631e+01
-4.995116792072408884e+01 -2.750931319436261191e+01
-3.545000672856047430e+01 6.027725136465011246e+01
-4.303773072030581659e+01 6.782898075138616534e+00
-2.801040028198665155e+01 -8.958478644378960354e+00
-3.592286077720858373e+01 -6.794624985230267811e+00
-4.077170114015392244e+01 -1.980757527322460732e+01
-3.102345251662506342e+01 -3.527232311761791550e+01
-1.380568718937492712e+01 -3.506285537103046579e+01
1.231898719764268790e+01 -3.600195128899274266e+01
-5.201636121193878637e+01 -5.195510936673770885e+01
2.537302425166217290e+01 2.096856061876450994e+01
-1.568455205416212905e+01 -6.805827394933481855e+01
-3.060074562762572370e+01 -4.467194883610773104e+01
-4.874291594606931710e+01 3.202546895907732249e+01
-8.038399096392334187e+00 -2.536640752906528462e+01
-1.818721740863285063e+01 -5.240644574046618942e+01
1.230100754980324496e+01 -7.491578867340464853e+00
-2.169293204524511154e+01 5.849535546968172461e+00
2.064269898357004607e+01 -3.820768083628584577e+01
7.975536789965508078e+00 -5.231882887205215837e+01
-5.737783235925536474e+01 -9.710817826370716332e+00
-5.779384311047031986e+01 -1.280151682155149118e+01
-2.034992361570870756e+01 -4.696835376984977017e+01
-2.649193065476072562e+01 -3.228646946326117728e+01
-1.582521139319619330e+01 -2.810546583542468824e+01
-8.698660849783496474e+01 -2.922049142355749041e+01
-2.307876258697558569e+01 -2.171352238793912814e+00
3.428069094382467341e+01 -3.370761712183685699e+00
7.808507550775646955e+00 -4.031712688636893915e+01
1.356406554141288723e+01 -4.644136456666296908e+01
-5.090417314790862946e+01 -2.254259572879101370e+01
-6.468911209701411735e+01 6.527221489280797151e+00
-1.450680858661729467e+00 -2.297977327753984866e+01
-8.809253062185629091e+00 5.680343932662125894e+00
-1.088566996044699842e+01 -6.476206761512715104e+01
2.058720447625558059e+00 -5.549487042728428321e+01
1.164591087434980032e+01 -1.307963283575355717e+01
-1.210245029130661720e+01 -2.687627311036552413e+01
2.090257219221883034e+01 1.521695570290574340e-01
-2.778792091612548631e+01 -2.266979127464786004e+01
6.049485184879761945e+00 3.817588383969808774e+01
-1.721647704001547652e+01 -3.321140564543603801e+01
2.553221151432877178e+01 2.374908773429126541e+01
3.923130996738828369e+00 5.874939061160597831e+00
-1.578079229101613690e+00 -5.406239247873484288e+01
-3.040304896834976844e+01 -2.225509076908680939e+00
-2.869615636646103596e+01 1.631795087767281061e+01
-1.993794725645489052e+01 -2.765942921759411277e+01
-1.942354616112898569e+01 -1.605784539356132612e+01
7.944793246162232592e+00 -5.938356262927228357e+01
1.554422929466402437e+01 -4.185523881231275567e+01
-3.428285606453299827e+00 -7.191027655355424031e+01
6.965419601694991414e+00 -9.871470268728225506e+01
2.219105743640418282e+01 -3.255135093677185409e+01
-1.334194185655315223e+01 -4.645795170396907281e+01
1.332582533747034326e+01 -3.495332877951440054e+01
-9.398067704185605109e+00 -3.235044840919506726e+01
-2.211566239768335151e+01 -3.352051258307979964e+01
3.606673155648136486e+01 -2.841275051688076303e+01
-1.401886205859162082e+01 -1.353610082832027572e+01
-1.928050285426522947e+01 8.338065819763755826e+00
1.953288028891444483e+01 -6.105848151109373134e+01
-3.504328336807717648e+01 -2.885880843427737830e+01
-4.697629868189730473e+01 -4.151750842723467372e+01
2.678426354553178257e+01 -3.326919898530682218e+01
4.424563666065247247e+01 -4.790021144848404333e+01
-4.015581062586871042e+01 -4.013246090555370671e+01
-3.637730614920886296e+01 -6.176171898238843738e+01
-1.048892212197586993e+00 -1.698623488746476085e+01
-5.331535049028821760e+01 -1.373319636131102683e+01
2.971704534813940057e+01 -4.031231097239712113e+01
-1.131159474069578685e+01 1.168618441094787919e+01
4.418693244660902053e+01 -2.615355883297135087e+00
-3.300898851410327950e+01 1.149498261081691552e+01
3.788987913895294213e-01 -4.954006254529399200e+01
-3.892764189643011008e+01 1.306593986036264887e+01
-1.967864719280830599e+01 -6.724347245520237770e+00
-4.659647531489094519e+01 8.477775499383655156e-01
2.609269289457796859e+01 -5.911540205642515389e+01
-1.872147377539031510e+01 -5.642407858866407366e+01
-2.615010669799661258e+01 -4.278933499758252879e+01
1.592527458827341569e+01 1.885569303068176339e+01
-2.867892648619356777e+01 -4.804813245504338681e+01
2.817595661434594945e+01 -2.471830705910822701e+01
-2.666309247047243147e+01 1.938693434963443707e+01
-2.839821271921261214e+01 -2.543757244062706491e+01
4.573921713194413030e+01 -9.086247833930574558e+00
-2.991446466057862708e+01 -6.691416968346335636e+01
1.459549672407966980e+01 -1.033827234825663943e+01
-1.451453107980845658e+01 -4.019110779346498674e+01
1.654927029067127009e+01 -3.697560164660711024e+01
-2.970351914214830913e+01 5.524700270833779570e+00
-2.543051022476291578e+01 -1.234927188427923639e+01
-4.998022629395091343e-01 -3.366359818293042139e+01
-1.999238616665173396e+01 -2.445137931825601285e+01
4.459006296568890093e+01 7.063374146166814249e-01
-6.555583335512802989e+01 -2.324119661273377879e+00
-2.816104417675766669e+01 -5.100018068528897430e+01
2.148071295212724507e+01 -4.384731166396306179e+01
1.024548400377489088e+01 -5.025455943115537849e+01
-2.850776643255377607e+01 -1.983407041349003208e+01
-6.012198816440071170e+01 -4.677181166326228379e+00
-1.716656879696591176e+01 -1.026261832568009069e+00
