-2.290818622580495045e+01 1.045221512012188469e+01
-3.056474746928746100e+01 2.926035037249022253e+00
-2.692107660172477779e+01 8.969906690346629574e+00
-2.916076852667974251e+01 1.083956357774695611e+01
-2.515183084330678653e+01 9.954807751062024757e-01
-2.772988530509377725e+01 1.447690172595492264e+00
-2.971887994180121950e+01 -1.277032025498334633e+01
-3.095008344705551906e+01 6.611870773498215392e+00
-2.419759456832257172e+01 1.208261834236051513e+01
-2.334386148905233327e+01 8.841800798718631782e+00
-1.574915861148561724e+01 9.692353481582957286e+00
-2.704325797810529863e+01 1.079383187500133623e+01
-2.888166546186085881e+01 -4.461140635019821055e+00
-1.625964755832107400e+01 1.022348823005358120e+01
-1.859277725260010072e+01 1.074783465854917175e+01
-2.879203842096760724e+01 1.046425864989301324e+01
-3.005910815201345088e+01 1.065946088490670718e+01
-1.579777310192903883e+01 1.226065415248243795e+01
-3.147202226771512201e+01 1.900120277573513983e+00
-3.086750728691003332e+01 3.744692070436248521e+00
-2.378856558135904464e+01 1.601959790325854271e+01
-1.828949141057991312e+01 1.269808722087361375e+01
-2.689244983150163648e+01 7.856736253637508938e+00
-2.614760313866422337e+01 5.040172301603141669e+00
-1.936346078650559122e+01 3.577589476536724433e-01
-2.332175155839807701e+01 -6.364978026976553238e+00
-2.244455690780980461e+01 1.262412400989222583e+01
-4.414705708257705474e+00 2.903410735988321445e+00
-2.732877620000648378e+01 3.787094219243394733e+00
-2.693485864421867504e+01 4.166598769803320224e+00
-2.934826162170588404e+01 2.225290783922019067e+00
-1.651473483029412037e+01 1.216721283041330359e+01
-2.671132764296200790e+01 1.073745957454536493e+00
-2.122002696580395309e+01 6.123488991959320060e+00
-1.879172169649624990e+01 1.194128216461777825e+01
-2.180063240835428928e+01 1.304087435539018358e+01
-1.908359591675702660e+01 1.309906587357515306e+01
-5.866388927961780908e+00 -7.047988074117721879e+00
-1.800942832831530538e+01 -1.703854674168954197e+00
-2.041100683300431839e+01 1.157638904980150407e+01
-2.481372434420377004e+01 6.030291092697372513e+00
-2.949093457861172496e+01 3.272470217499253486e+00
-2.314899254130393302e+01 1.539149481922881790e+01
-1.864038911079216732e+01 8.959871113422931188e+00
-3.026017382332059569e+01 8.154138927789803759e+00
-3.311363256029662239e+01 -7.332387681312552807e+00
-3.469544119895781265e+00 2.900002450558358813e+00
-2.725823448146860528e+01 6.661020075200847046e+00
-2.471690828869122925e+01 1.577880742326087216e+01
-3.611734640332646507e+01 5.864525115567404079e+00
-2.792096794603495802e+00 -7.884988276576781807e+00
-2.679875942388900967e+01 1.482845699496011527e+01
-1.826511458988850123e+01 1.177709339047968307e+01
-2.341457093028415670e+01 6.435511482678661466e+00
-2.598915446276480523e+01 1.091108603103267782e+01
-3.225604039748567686e+01 -5.867540092179858391e+00
-2.674201125286133518e+01 -6.698401666236974972e-02
-2.631203244067556923e+01 -4.637298164710029980e+00
-2.379189911933196555e+01 -4.859858234318908288e+00
-2.718417988721381207e+01 1.248467425248673912e+01
-2.585771852307328800e+01 8.260325195429416567e+00
-2.282232613552363887e+01 5.975267430146836034e+00
-2.424932062053562021e+01 7.872084340884636156e+00
-2.203181150137039079e+00 -8.860171176319624919e+00
-2.914901581832927135e+01 6.749492339589701295e+00
-2.679737695007374043e+01 1.669432505906323172e+01
-2.432506355710872370e+01 1.077340110401665996e+01
-2.699354839092219294e+01 6.157967886762417464e+00
-2.181260479770971017e+01 4.992395672643256788e+00
-2.838459893947999646e+01 9.474042630632371953e+00
-2.568118063678001661e+01 -3.648912973683430039e+00
-3.551754430797678452e+01 -1.694501764614852135e+01
-3.089831759790150301e+01 1.063023749650531258e+01
-2.650948958681196288e+01 1.609756665169737389e+01
-2.444314950988518476e+00 -9.467268186629935300e+00
-1.724521697356174954e+01 1.083859273218993913e+01
-2.617111159901672579e+01 2.977959849114688584e+00
-3.588736202970309819e+01 5.939883203038034409e+00
-1.557679406663578625e+01 1.238273975395136084e+01
-3.546288834975997872e+01 -1.724814752398872386e+01
-2.499793485140150651e+01 4.014225252286649059e+00
-2.119895047762440043e+01 1.023121989585223446e+01
-2.885706068683012404e+01 7.010795565312971434e+00
-2.755035195710618012e+01 1.039560870909442869e+01
-2.490601978433630492e+01 1.144093158314205994e+01
-2.151948347182965193e+01 7.612138983266143910e+00
-2.818191604181937038e+01 -9.868115715224338169e-01
-2.103409588035345834e+01 1.357114416416475322e+01
-2.404972074444798125e+01 1.615731609551945169e+01
-2.779960099314522814e+00 -1.940532281066397857e+01
-3.029155386056175203e+01 5.696487233998069222e+00
-2.868905225148106197e+01 -4.166854629736322924e-01
-1.725627129084973177e+01 8.077608933963288607e+00
-2.369635697282733844e+01 9.317032519885135144e+00
-2.952345804840117793e+01 -5.855374826086176654e+00
-3.082479157949512327e+01 2.992352993656809623e+00
-3.418365741017487380e+01 -1.355938795159738675e+01
-1.862776599005968237e+01 1.154468597099836913e+01
-2.596633864830753069e+01 6.982090736518843599e+00
-2.004859772045914212e+01 9.877956994166254390e+00
-2.084519825005619964e+01 1.082191392753378878e+01
-2.320315507890836315e+01 1.441256131794482265e+01
-2.931455348365999214e+01 2.323372875436372276e+00
1.743235685116402323e+01 3.717083819855188764e+00
-1.354725950765502063e+01 -8.843690346192538243e+00
-1.770297051506851460e+01 -1.165553865286559088e+01
-1.172124318452087621e+01 -7.464820835169812874e+00
-2.592928859338909220e+01 1.712233919162724938e+00
-1.166239340526322898e+01 -7.552417049721329434e+00
-8.101527577033753147e+00 2.939994100246945852e+00
-1.900500218129872820e+01 -2.216269023418736772e+00
1.724652512344831123e+01 1.958270937515038668e+00
-1.528321161256259586e+01 -1.929852066692479795e+01
-1.569000212726368559e+01 4.273684185793384493e+00
-3.125720126534117682e+01 1.114031643975032626e+00
-2.583925141127991765e+01 -2.203810622334520186e+00
-3.013460246979398605e+01 -1.170679164652338855e+01
-2.114092589321809612e+01 3.278959003189711119e+00
-1.983116065485361545e+01 -9.526357950667152519e-01
-2.501627400777416810e+01 -6.618387068754054248e+00
-3.177451294798861881e+01 -8.565062795639803994e+00
-2.692227238276538426e+00 -3.550852567051347108e+00
-2.915365567313313022e+01 -9.255101655410015837e+00
-2.637143653782561969e+01 -1.435491788420031867e+01
-1.841602004176216667e+01 5.912165659486069202e+00
-2.900589221532873907e+01 7.972901645054863984e+00
-2.599208458935655131e+01 -1.428858630857202350e+01
7.783795188734381476e-01 -6.386750971119303344e+00
-2.753944427206299039e+01 -2.262743906589496135e+01
-2.095998388966359016e+01 -5.171392213544125482e+00
-1.324462691835850592e+01 -1.994270992027803047e+01
-1.721792483096071180e+01 2.838219388809704036e+00
-1.170258161591208435e+01 -4.348571527937862946e+00
-1.504324901675356507e+01 -1.272962805264013397e+01
-2.431204185630964076e+01 -1.279634231843212433e+01
-1.343310078299646548e+00 -6.207854121112177381e+00
-7.737536013861749495e+00 -4.505770860130004607e+00
-2.391202047117765517e+01 -4.726392206671672369e+00
-3.161608585539633509e+01 -1.772568721608942965e+01
-2.561290023575493535e+01 -1.266799345190254122e+01
-3.025512398834943184e+01 -9.476896484367532736e+00
1.961369833341600710e+01 1.721599000433669424e+00
-1.139487509322990633e+01 2.785899733254047828e+00
-1.506719060538920552e+01 -9.171956298408563413e+00
-1.648388312814691758e+01 -1.308082289527992259e+01
-2.104372742122925644e+01 -1.195759047806367770e+00
-2.481382034579829465e+01 -2.212649537599136096e+01
-1.010156148162681866e+01 -1.479431511434328428e+01
-2.287399608041457455e+01 -9.377095064298547555e+00
2.780209074461048502e+01 4.609942464837974541e+00
-3.663119635705933064e+01 -8.675212558654145312e+00
-1.828105456192136558e+01 -7.150308947586975883e+00
-1.913393041449371168e+01 -1.871046493003350975e+01
-2.049998439814294926e+01 -1.212615127390454184e+00
-3.377045049665807142e+01 -2.519638363490908617e+01
-1.592100240606549022e+01 -1.443958782854485534e+01
1.836613122571380075e+01 3.219823956495832640e+00
-1.423838506485296840e+01 -1.371696592255214142e+01
-1.549623572933790427e+01 6.622641506330620764e+00
-2.065887996845036056e+01 4.404834518891625805e+00
-1.166101531715301398e+01 2.442121814089824650e+00
-1.514144944602158382e+01 -1.100914172812786873e+01
-3.017538178849154207e+01 -3.692677129087224230e+00
-2.585006181763596800e+01 -6.818390482133309227e+00
-2.343500581380074266e+01 -2.197759083024216764e+01
-9.171665352590418152e+00 1.731343648524386047e-01
-3.634702743972803063e+01 -2.407802509145258085e+01
-2.861740216868563635e+01 -1.305624819764756062e+01
1.968373123481534392e+01 2.226122260803697017e+00
1.610052622754788132e+01 4.723748769490882182e+00
-1.253578886316333740e+00 -6.568719561862477185e+00
-2.960533307932148261e+01 -7.844003485520723018e+00
-1.569212629406490400e+01 -3.627043667516460346e+00
-1.754423816697316241e+01 -1.915223437005395013e+01
-2.425403925401741745e+01 -1.589979290685384150e+01
1.861453331791252097e+01 3.009643875956977688e+00
-1.997411295055066205e+01 3.806027603001177262e+00
-5.868796567440418555e-01 -6.115854567347240867e+00
-2.655033695041072406e+01 -6.199879008719286766e+00
-3.501219098942542729e+01 -2.439516760860541922e+01
-1.622117244366396349e+01 -7.375300441249756034e+00
-3.865354451955904658e+00 -1.030406201154328727e+01
-1.875505230026167780e+01 -4.693400208420271724e+00
-2.511517842636441245e+01 -7.032896844153184723e+00
-1.249256578772036264e+01 -1.046452930921486946e+01
-3.071205402057169565e+01 5.756482808043672517e-01
-2.035706264970159651e+01 -1.793995417099413237e+00
1.711193875066443582e+01 3.674722221117650012e-01
1.713781791134596943e+01 2.795490022425280774e+00
-3.136598215998350980e+01 -2.491197636563601492e+00
-1.691347036781334268e+01 -4.658144962955082846e+00
-1.560719005721854380e+01 -2.220830842743142242e+00
-2.763725920367111044e+01 2.682936448685608877e+00
-2.000046562398268435e+01 -1.726986246111587775e+01
-2.492430822945077651e+01 -1.886505666678539139e+00
-1.369406519536949496e+01 -2.656397805712245930e+00
-2.648159773389064497e+01 -1.615135228679478629e+01
-1.849946070929543396e+01 -1.578001433487747462e+01
-2.637774173334368299e+01 -8.586467424675104709e+00
-2.861278642692811047e+01 -3.747404917012556957e+00
-2.222347115436402021e+01 -6.238939243028514881e+00
-3.196367726296795553e+01 -7.825364926683892719e+00
-3.067454195575642117e+01 -1.824968100271105342e+01
-6.637979164759593154e+00 -1.047465555644572355e+01
-2.218293937725264087e+01 4.610585902883633125e+00
-1.921688873477130954e+01 6.533189997734639709e-01
-1.276417694146778103e+01 -1.362438203110206381e+01
-2.123022128647711071e+01 3.233641884555642498e-01
-1.857941541513164907e+01 3.838171433406735389e+00
-8.072732871253295528e+00 -7.980387529489698650e+00
-1.755049200650087293e-01 -6.464940059574630915e+00
-1.367574974558471901e+01 -2.335438379671187725e+00
-1.980843679118847334e+01 -8.048198559310661082e+00
-2.033965104791302991e+01 -1.739029184178986442e+00
1.664470523428372317e+01 5.401828522281148182e+00
-1.678606056362227861e+01 1.112501503520791246e+00
-1.301901034536211732e+01 6.017125001218714964e+00
-2.005447541023358582e+01 -2.084919784579532731e+01
-6.203605868635569953e-01 -6.632295960219420472e+00
-1.394771348832943580e+01 1.015588741753603585e+01
-1.430314848914217229e+01 -2.366378686115958985e+01
-1.178675028635642263e+01 -1.532649179744628043e+01
-1.468758536095527090e+00 2.848410685617404070e-01
-2.467986424686844060e+01 2.527476603338604022e+00
-1.948259759275270397e+01 -2.757115368693622059e+01
-1.599017145433233189e+01 -3.956923237508208846e+00
-2.598263405861843012e+01 -1.748569672603593261e+01
-2.972049065351368569e+01 -6.954780916941232682e+00
-2.779456780004670335e+01 -2.333614359142376138e+00
-2.654451175652953410e+01 -2.494470893756988517e+01
-2.235408164557866684e+01 -7.379206479782078887e+00
-2.394578206715526036e+01 -5.761026413187829043e+00
-3.633981695134364998e+01 -1.098076158558578541e+01
-2.576578463923465989e+01 -1.083273345119775577e+01
-1.483358988932483058e+01 5.092376021838700417e+00
-1.028314167891272746e+01 -2.569164042913408608e+00
-2.529469201847934201e+01 -9.358993184180355307e-01
-2.004813066846488212e+01 -1.169935301731992361e+01
-1.428704984964597990e+01 2.227082779314323968e+00
-3.017782836191391027e+01 -1.829940260278809205e+01
-2.959945361295785915e+01 -2.767762828749362569e+01
-2.940629920209986281e+01 -1.658972308889233194e+00
-2.197373439743438794e+01 -1.084781400147238628e+01
-2.180985195280821287e+01 3.716428044449282098e+00
-3.514267816486641749e+01 -1.156628802920737797e+01
-2.415955029226536155e+01 1.106554789624145663e-01
-3.025633656978038033e+01 -7.452758876198145366e+00
-1.653166630542125404e+01 -2.308599443660662498e+00
-3.153337233039098209e+01 -1.511880866754468045e+01
1.842248828062338362e+01 2.295886429212980584e+00
-2.651568512575256165e+01 8.360521361405044871e+00
-1.555015302126941990e+01 6.576999003608815508e-01
-2.402720390500253345e+01 -1.061204918221810978e+01
-1.472884415304357297e+01 -7.662003550494924653e+00
2.780277500744866614e+01 4.610515083732058095e+00
-2.056735535606081200e+01 -3.872656083676575545e+00
-3.918495230090892623e+00 -1.952972598831739148e+01
-2.755524739642471133e+01 -6.144828210947504310e+00
-8.785739951176596563e+00 5.978034257285026243e+00
-1.062058532265441357e+01 -1.027566019953631127e+01
-8.129786353254024434e+00 -4.611069365136915899e+00
-2.979691282647251027e-01 -8.156685291524199855e+00
-1.521053180953100714e+01 -8.784185931331835562e+00
-9.074154342109412852e-01 1.608270798439012994e+00
-2.349785576813014387e+01 -7.195267845908315252e+00
-2.405236680629635870e+01 2.963325121710907339e+00
-2.007733042282791303e+01 -6.285898398252389718e+00
-2.426473308833508113e+01 -7.889314967104438026e+00
-2.843095766791837065e+01 -5.525264514994938203e+00
-1.333420282398292400e+01 6.934736130373305940e+00
-3.040400755058447047e+01 -5.360464623246809168e+00
-2.825871738114573262e+01 -4.228372447729332073e+00
-1.598542917325141488e+01 -1.679191847651518898e+01
-9.425795434149083718e+00 -1.505945943997241265e+01
-2.754344771495384947e+01 -7.316113805094902389e+00
-3.314167918876449903e+01 -1.304197226158431810e+01
-1.613767590877917257e+01 -2.128475477680258621e+01
-9.919014592203659220e+00 -9.894166791408755657e+00
-2.772745022205049636e+01 4.329801610110070698e+00
-2.569381391761421440e+01 -1.098794493079771328e+01
-2.152626429344736536e+01 -2.746323344404472788e+00
-2.216199151190259187e+01 1.409630994019912098e+00
-3.007440345021429984e+00 -2.003624448908312772e+01
-2.944220236570074700e+00 -2.031863324419808592e+01
-2.170093160288075751e+01 -1.699111651529010203e+01
-2.660171362900988257e+01 -1.287961656074506678e+01
-2.860643722620997664e+01 -2.098043259490127710e+01
-3.365117403413363917e+01 -5.883138742707591184e+00
-2.289833506656629325e+01 -2.504138465954030224e+00
-1.647885183541370324e+01 -7.412748752863724810e+00
-3.002266795891848261e+01 1.253839343012361329e+00
-2.905268880044558344e+01 -2.414402186953176610e+01
-3.309303776199972447e+01 -9.963996211390471203e+00
-4.087328507971579761e+00 -4.187427383926489277e+00
-2.346424236498643978e+01 -6.061446662892049808e+00
-2.659894110965490555e+01 -9.038090802517046995e+00
-1.898497625532776922e+01 -2.149342388248666325e+01
-2.232778283488289617e+01 -2.889899452255488832e-01
-3.054923523297258825e+01 -5.056832038126298556e+00
-2.750874069102247788e+01 -1.017335369488107411e+01
-1.474498855321136759e+01 -2.007162792623876868e+00
-3.003634032410925769e+01 -2.729274419443839861e+00
-2.490688126933422453e+01 -4.496201666336920866e+00
-1.178215206196863818e+01 3.757171269730137819e+00
-1.346954202890773367e+01 -1.695816150022432822e+01
-2.494941641756780015e+01 2.383254519181470799e-01
-1.725386317129406066e+01 -1.112120282375848035e+01
-2.707260165442735200e+01 -7.146931258607510884e+00
-3.037899022220462797e+01 -1.018986010429038203e+01
-1.614864997614542474e+01 -1.281148069443720727e+00
-2.378384104357051054e+00 -7.226381692164419057e+00
-1.415114595252444296e+01 1.349026297231073812e+00
-1.257563685608630522e+01 -1.803308362893062178e+00
-1.388846483139584009e+01 -5.194704115272652523e+00
-2.360169293522925216e+01 -1.814066040075029207e+01
-2.128791244178491482e+01 1.987164168649048657e+00
-2.811314790689842269e+01 -8.369305993716883663e+00
2.934658002563730772e+00 -6.011207412901559133e-01
-1.996623910887330666e+01 7.939682474713674054e-01
3.131130176519135055e+00 -8.233112806147525609e-01
-1.344489294733508444e+01 9.188803759967724138e-01
-1.245674680802155265e+01 2.925644968162826487e+00
-2.066762280964850262e+01 -3.577346316971385942e+00
-3.241896372771180523e+01 -3.962422532819995347e+00
-3.398079406717802442e+01 -1.545530242570037416e+01
-2.388385031402925662e+01 -1.706049700926725521e+01
-2.829179138677350025e+01 -7.511085004951942423e+00
-3.330876324250558440e+01 -3.794692994628710458e+00
-1.136967318536147609e+01 -1.223933276968666028e+01
-1.894639066296240770e+01 -6.288114720208392683e+00
-7.879973355601483043e+00 -1.232656497950716989e+01
-2.399951238131607667e+01 -1.963289539160209785e+01
-2.628903832962858189e+01 -8.377058482455821409e-01
-3.419780386884858814e+01 -2.853985986090050719e+00
-1.429985455955353935e+01 -1.424291144765062356e+00
-1.439614165648475286e+01 -1.311018193653834096e+01
-2.094420271221385832e+01 1.963659541399936481e+00
-2.631280538076950037e+01 9.544195174245921010e+00
-2.830183965945278857e+01 -1.672066684771019140e+01
-2.148946165899291572e+01 -2.360009943331408877e+01
-2.224824881545350053e+01 -1.189491703452331706e+01
-1.494954080505516103e+01 -3.159612569070438415e+00
-2.510011456894159210e+01 -2.143396547868897883e+00
-2.390034210440903095e+01 -3.393291732371838343e+00
-2.228214674273760210e+01 -7.615660139937171280e+00
-3.337665746323633442e+01 -1.123249277741569330e+01
-9.906243652345038342e+00 -5.907480763576553606e+00
-2.426464445043460572e+01 -6.390605087233760528e+00
-2.274384563885127619e+01 -1.434591239021038334e+01
-3.135722271781125414e+01 -2.030778924920283757e+01
-3.535819514442901124e+01 -2.096047069929839779e+01
-3.156029974971966467e+01 -1.546425491942742525e+01
-2.560287252121186441e+01 -1.874979344858216734e+01
-3.850974612260500862e+01 -2.478657332902741928e+01
-3.838844489733315157e+01 -1.990491631505151204e+01
-3.302473147198274717e+01 -2.090325848299276856e+01
-1.962734976502482098e+01 -1.491073653618626516e+01
-3.439922062865333885e+01 -1.878274806748322945e+01
-2.449935510666431782e+01 -2.695620568531576922e+01
-1.960088619954196432e+01 -1.694877251994346423e+01
-3.818753849451200466e+01 -1.658051980851707086e+01
-2.188262610368447625e+01 -1.759555943380883747e+01
-2.520543968586823524e+01 -2.996998474393966916e+01
-3.261628304442881188e+01 -2.494550814147724793e+01
-3.414338631938049673e+01 -2.044195138172040771e+01
-2.741653535155462151e+01 -1.910284650769601811e+01
-3.675398162368486510e+01 -1.357247805888715853e+01
-3.405637255972229838e+01 -2.698563891005389692e+01
-2.830346154613812715e+01 -2.622134405257465417e+01
-2.429646416911956308e+01 -2.460322565858604094e+01
-3.498698795558122043e+01 -2.120820805550636834e+01
-2.923540185658870527e+01 -2.491923555343070262e+01
-3.326535256912515592e+01 -2.481550580589451016e+01
-2.947342912284413785e+01 -2.292788829594097066e+01
-3.010476348498290378e+01 -2.362065644058635883e+01
-3.036470009104872858e+01 -1.156914366770537717e+00
-4.896984532822804326e+00 -1.935773524222205211e+01
-2.256330704437152690e+01 -2.823164412405531110e+01
-3.425032277137897552e+01 -2.950585480451435316e+01
-3.114179947265415471e+00 -1.880423264543857087e+01
-3.645640484553430127e+01 -2.777872345398029097e+01
-2.843296506345359376e+01 -3.287477381021056289e+01
-3.304908730825615493e+01 -2.758178712836643953e+01
-3.149865909228687499e+01 -1.255269868101479069e+01
-3.140339155902861279e+01 -2.853474531249047530e+01
-2.946785897884718608e+01 -1.433623680112662235e+01
-2.497090282459882360e+01 -1.935729119429145229e+01
-3.071333932827930369e+01 -1.862319066615148699e+01
-3.263711029236835515e+01 -1.860557515841011877e+01
-2.119587121846128852e+01 -2.596707511718505756e+01
-3.298929118854736231e+01 -2.502178739567411370e+01
-1.849878478972044604e+01 -9.494451987610887045e+00
-9.625927204573338614e+00 -2.216300711701873638e+01
-2.919594805896970513e+01 -1.776481009963660540e+01
-1.902876620270323826e+01 -2.546717177035755952e+01
-3.223700158308594155e+01 -2.126199879912177693e+01
-2.607758305665448617e+01 -2.343415022916713042e+01
-3.183416793869260530e+01 -1.308335282529400168e+01
-1.461364965870153476e+01 -2.373691252945905106e+01
-2.681341864309377243e+01 -2.690269332347590492e+01
-3.652813676536523957e+01 -2.009981643165080101e+01
-2.621651061170629049e+01 -9.922206095967709416e+00
-3.645734235286589353e+01 -1.542313179211849494e+01
-8.187732814095475931e+00 -1.871388894064270048e+01
-3.076655696783284810e+01 -1.993818578324030710e+01
-3.773505964132108659e+01 -2.955677986909111965e+01
-3.287025214279033491e+01 -2.175555027259685659e+01
-3.227967406298756714e+01 -2.633551982506192246e+01
-3.116612630714417165e+01 -2.507748498856975772e+01
-1.173351027111219835e+01 -1.645056925878463616e+01
-2.072718312368029103e+01 -1.424301674046864541e+01
-3.590261269310137493e+01 -2.309043822050766437e+01
-3.132169436596604228e+01 -1.105051712912853112e+01
-3.381243397996485811e+01 -2.396463741337003484e+01
-2.897777543475706707e+01 -2.250810154701895272e+01
-3.306741051527259856e+01 -2.080938232679367772e+01
-2.982007536082907606e+01 -1.407688162198802040e+01
-2.850872045309212766e+01 -2.389248310768924455e+01
-2.295502294958230038e+01 -2.402684710203336138e+01
-1.754222636473934926e+01 -1.273352021978119275e+01
-3.119783031340403667e+01 -2.309463757342980728e+01
-3.096815640742810061e+01 -8.730464327738934216e+00
-2.556088906648319181e+01 -2.019411452544995456e+01
-3.519330894987127323e+01 -2.931737613014282218e+01
-4.149125897752888648e+01 -2.376976352659168157e+01
-2.683189169416599640e+01 -1.374584073164432318e+01
-3.266161539116254175e+01 -2.005487433443648371e+01
-3.458097128262765807e+01 -2.305171997539031636e+01
-3.271993075890743796e+01 -1.653870119352405510e+01
-2.842219467298403401e+01 -1.147484876994250058e+01
-2.773017890624722170e+01 -3.117492381929296386e+01
-2.951189492707366213e+01 -2.960511908098964184e+01
-2.129635757982309130e+01 -1.862128032981999581e+01
-3.092119481982057749e+01 -2.674729352423961615e+01
-3.455622201910012592e+01 -2.608998969602681939e+01
-3.306033217224722165e+01 -2.164967725028876089e+01
-3.083329954844695919e+01 -2.271965845850234444e+01
-2.681262245917706366e+01 -2.270777118839063391e+01
-2.405585896841252591e+01 -3.023275038614845656e+01
-2.695201462088630961e+01 -1.858575941516656727e+01
-1.485160107747214298e+00 1.216459057585282721e+00
-3.162971227201862945e+01 -2.684299829683191163e+01
-3.639297035836385419e+01 -3.066687679547660750e+01
-2.987180671393585740e+01 -2.642893987138269196e+01
-3.589452222676613502e+01 -9.965329380532102377e+00
-3.470807807049357052e+01 -2.360217951114679380e+01
-3.014692307107861424e+01 -1.753321350641439835e+01
-2.798932464989819735e+01 -1.482630827277585261e+01
-2.181604104846061176e+01 -2.106145401558055141e+01
-3.534140964615574632e+01 -1.946522828500546964e+01
-1.804942031606625363e+01 -1.311870113518695291e+01
-2.927365856761952756e+01 -9.393882444268358611e+00
-2.028587481051005881e+01 -2.259233980123268282e+01
-3.750697650707057562e+01 -2.101010259237574473e+01
-3.039998765327394281e+01 -1.971725543137572245e+01
-2.741599703520925146e+01 -1.489223580348701681e+01
-1.875859182232261446e+01 -2.351634336750577603e+01
-3.571321998828688038e+01 -2.522309686652899785e+01
-2.675562067976078495e+01 -2.084851538343257360e+01
-2.796816652773082268e+01 -1.942445302818122599e+01
-3.795112607566613150e+01 -2.291373843761147810e+01
-2.026969722904140880e+01 -1.405291470362436357e+01
-2.485156619848017812e+01 -3.000111787339749014e+01
-2.814330531781269684e+01 -2.510376864259879781e+01
-2.890335960424684814e+01 -1.695857619045256826e+01
-3.135574895178979915e+01 -2.380436013107410886e+01
-3.390437056797118487e+01 -3.309463862174993665e+01
-3.418653454836994143e+01 -2.092196150998300297e+01
-4.023394645365098654e+01 -1.940551424684635151e+01
-3.019276612778969948e+01 -2.603917097205306774e+01
-3.185756989574551312e+01 -2.316142344907109063e+01
-3.985738576946861400e+01 -1.917012325646981807e+01
-2.042164736161075567e+01 -1.310963542681195904e+01
