7.414404237061897618e+01 -2.353724720042737673e+01
7.507240596652999898e+01 -2.355499340002309623e+02
6.960383818353179777e+02 2.107786491106641051e+02
9.788366861818225573e+01 9.817575731364266289e+01
5.153160289840946007e+01 -1.411574061913457285e+02
-2.208242965563013982e+01 -6.092842683604856546e+01
8.826320485142232997e+00 8.607639845710738769e+01
-3.093677510265689889e+01 8.168850103122981920e+01
8.946125199463659783e+01 -6.445751267677408691e+01
4.740416001267129786e+01 1.967761399164483578e+02
-1.441833399887947849e+02 3.627246042811659521e+01
-6.569352647319900029e+01 1.964354194829469122e+02
-3.182093322284994130e+01 -1.399539113092492641e+02
-8.160393178859239427e+00 1.986181469596436955e+02
2.931573171245780074e+01 -1.228075165437891947e+01
1.294417953942371753e+02 4.549172818943836205e+01
-5.781070030337147614e+01 -4.804197813051808197e+01
1.034590042114819752e+01 -4.168110190909173696e+01
4.790869198953492969e+01 2.233972055278843172e+01
3.871994120797497629e+01 1.127687019329795106e+02
4.695781638131568769e+01 -5.728534750573255963e+01
-9.764522907964263254e+01 -2.035652593196246016e+02
-6.689996754902023213e+01 -9.731238036784679934e+01
-7.382308165698940172e+01 1.257848451044877436e+02
-3.493073762195331255e+01 3.766169820022113868e+01
-5.797155560558336695e+00 1.238704923762714216e+01
1.401702790326915533e+02 -1.391111077824578324e+01
1.267223428027657945e+02 -6.814042690242966671e+01
1.375606509234206776e+01 -8.479311720777678829e+01
5.502845485603941000e+01 6.204566453721297847e+01
-9.781551330999177196e+01 -2.113570429744246582e+01
1.169215974370609068e+01 -1.224669543005927181e+02
1.031868725647466256e+01 4.619941420052529679e+01
-2.915432461198663461e+01 1.380668735584444846e+02
-8.727206636239955628e+01 2.611021537678076143e+01
8.949103893445503388e+01 1.659703215514851493e+01
5.795711183806241706e+01 -9.834731237282241523e+01
-1.107723469594317976e+03 -1.750230626560802705e+02
-7.528089643993415336e+01 6.736195659943798830e+01
-5.953332172044469672e+01 4.074366356249101151e-01
-2.532474354095156244e+01 -1.923854328637428068e+01
-1.027027064270161816e+02 -7.331984489204251076e+01
-1.464108059365480869e+02 -3.117054583919324529e+01
-2.674158121560281387e+01 -9.794554423041815028e+01
