4.314822241771252465e+01 2.930400814978063906e+01
3.501060243931851801e+01 -3.675063503827355049e+01
3.266785000189332777e+01 4.017014617135764354e+01
-2.038560140765001449e+01 -2.798833728364173545e+00
4.073847082107594275e+01 2.237560946631153769e+01
4.371092775229196548e+01 3.664645121559784258e+01
1.776227336497550624e+01 3.257255210754638597e+01
-3.310082246010119889e+01 1.004721713074748912e+01
4.170261360139355844e+01 3.104233748456576691e+01
1.698058835519818999e+01 -1.958034257935145561e+01
-1.726033684332792717e+01 2.943692405956074509e+01
3.400959762900992445e+01 8.323378642652354387e+00
4.153887048360049761e+01 -1.317793692749446777e+01
-2.217845608363921883e+01 -7.507591594713594496e+00
-1.345621447747700827e+01 3.904480696611418722e+01
4.374969924411428934e+01 7.390142115341487017e-01
5.008357575873365874e+01 -2.956763682338124255e+01
1.276425831480483808e+01 -3.486953477850055094e+01
2.127957377097861524e+01 5.505074879706776869e+01
6.180695046040433738e+01 2.047614672608618402e+00
-5.797588745292103773e+00 1.927943936750606113e+01
4.099390483589159828e+01 -3.040096074609314769e+01
4.656233819846693223e+01 -3.665833028644405545e+01
4.246810720009783324e+01 3.043084177871804297e+00
1.561480962780035497e+01 2.825536222931475550e+01
6.714106169638817789e+01 -2.646229308312347328e+01
2.415754029664896407e+01 -3.050696514477161969e+01
-2.326682194302214057e+01 1.427146149388779683e+01
3.800175739548181042e+01 7.588965476173028080e+00
5.100141191345282721e+01 1.904038010259156977e+01
-1.495689526635701760e+00 1.925032424746746429e+01
2.825587266041576129e+01 -2.359735579332926747e+01
-3.709879014249696461e+00 5.699915133894423036e+01
-1.401785442610663246e+01 -2.395138012524042992e+01
9.022228636028152948e+00 2.007006813174957571e+01
7.323944979551638035e+00 5.457495495245881045e+01
-4.304488607142248213e+01 2.806043043896750788e+01
-4.222618720731701814e+01 -2.043071406056497707e+01
-2.859466835110838190e+01 -7.507349404083774047e+00
4.880347074341172231e+01 -1.156030273186403967e+01
-3.570470890813742670e+01 -6.001331962948388998e+00
3.159901477414153703e+01 4.521257260173495496e+01
4.291725176887137394e+01 3.976676151734229592e+01
-6.280831190386619411e+00 2.934082534354251237e+01
6.236447763202042083e+00 3.337574086171805732e+01
-8.722575899683722156e-01 2.909790758755706719e+01
-3.695454363337807280e+01 1.262837479849097022e+01
2.066182456244431620e+01 5.716638527072445441e+01
1.952762336477405380e+00 3.896024534397282935e+01
-2.042497330221964802e+01 2.265144456015412189e+01
-6.113060952467549214e+00 4.204889120860366702e-01
2.004078399334493099e+01 3.224886122686365297e+01
-4.045348759716374332e+01 2.222698669524450210e+01
7.582687090607349489e+01 5.279501693086809411e+01
2.077312020616605537e+01 5.914006706178687267e+01
-2.150122312124135959e+01 -1.289942291309674616e+01
3.269563561844336164e+01 1.032777506505935960e+01
-4.094567327983411076e+01 2.691410635542843366e+01
4.070890095334647896e+01 1.075811291230116540e-02
-4.512512666102461623e+01 2.331254925365048791e+01
-1.382133616675750787e+01 3.445095003722227744e+01
4.964968507581391322e+01 1.535127558509500645e+01
-1.371779582284935017e+01 4.624667351241070890e+01
4.346361179936920394e+01 3.276403898834811201e+01
-8.121946965553016540e+00 -2.431104009017384016e+01
-3.140114735026630299e+01 -2.988876835696513368e+01
-2.118193184852528610e+00 3.385661799356894619e+01
2.637195044820071743e+01 1.288752055678785347e+01
4.342005213885035175e+01 2.101746103368571994e+01
1.850209258435334547e+01 -3.147748323447216734e+01
3.846069057489380327e+01 -1.266815187705457824e+01
-2.166236516215049424e+00 4.061719183232250430e+01
4.887300880023141048e+01 1.036055490294821091e+01
5.267658021276921687e+01 9.725446537712880257e+00
1.737129936146796894e+01 5.971747560407914790e+01
2.839561016958142758e+01 -2.671607470861554035e+01
5.042646179026935904e+00 -1.484147214738028886e+01
5.867523664083895696e+00 6.624227284744772071e+00
1.276375257150393772e+01 1.271775105326018718e+01
-6.937870841850106274e+00 2.410716642042602942e+01
-3.299146394563367579e+01 -8.818639887176086489e+00
3.848161504754365581e+01 1.416197618704198824e+01
3.804958822214177872e+01 -8.020441129474118469e+00
4.708866003741712802e+01 1.906153078583599125e+01
2.547964471116206653e+01 -4.067227209290779655e+01
3.092915266891869663e+01 2.459009496770455172e+01
3.090294455916171401e+01 -2.533481539272925431e+01
4.677959416229708012e+01 -3.078844333179289627e+00
1.435383606465757822e+01 2.454288300118693655e+01
3.086607053004729195e+01 -4.621234673639339263e+01
1.814698085398035587e+01 -2.187314033643146871e+01
-5.234018370055529346e+01 -3.117172511362219733e+00
4.909784157996716658e+01 2.551330753335840029e+01
2.281323269447080637e+00 5.088135309777220527e+01
1.115954340049857940e+01 3.731968169582727768e+01
-1.417630247946817512e+01 3.394681612945318250e+01
-5.068379391312517157e+01 5.467313950465437777e+00
4.600640547741565456e+01 7.507119606415670887e+00
4.944811078119563774e+00 -1.912036761236517890e+01
3.728891041047375410e+01 5.446757217422155861e+01
2.440825075166998204e+01 3.074058448308565872e+01
1.512336976483601347e+01 -2.205394856097584011e+00
3.391533516787397673e+01 2.985969916497904819e+01
-3.777169071341138107e+01 1.009617366644669900e+01
6.721912832517063840e+00 2.204905463763873641e+00
1.020485643317034175e+01 3.489902354035525889e+01
-3.848534590192197413e+01 -1.790836968985811950e+01
-1.697051111582466731e+01 -3.011255306570494028e+01
4.636499568783365532e+01 -3.249849782583252278e+01
1.890266122972149132e+00 7.446310387710675105e-01
2.620096415685836533e+01 -4.997109850547032384e-02
3.156710899986086716e+01 -4.889484054099133914e+01
-2.002143137409925799e+01 -5.489931797605704489e+00
4.898378082199689487e+01 6.637811554567385031e+00
2.668300774072070425e+01 -7.321081503590914252e+00
-5.227814134394359513e+01 1.010340296639339819e+01
-7.923375102854647523e+00 2.079955461516323112e+01
-1.597768275661538784e+00 1.584020092019073545e+01
1.511227383903803556e+01 5.797534430155869778e+00
6.467818130022693346e+00 -1.000335566604563198e+01
1.933069886946424631e+01 4.100190765188335718e+01
-8.659085359251021075e+00 -1.959445566836923724e+00
-1.016936749591489431e+01 -3.201158674260590686e+01
1.774236518665954065e+01 1.005566405082097958e+01
-1.018608563899978137e+01 -1.235325849709643009e+01
1.873189343910081561e+01 2.152966677115747629e+01
3.173534037257923757e+01 -2.290672924382517550e+01
5.036077429126054028e+01 -1.393750917709231274e+01
1.201821788188282447e+01 2.804248393570052400e+01
-6.384421123342630899e+00 -4.747841991870895839e+01
-1.297361902947542500e+00 2.364251733675560985e+01
9.047787749297080850e+00 -4.983129688645416877e+01
3.393516649691630249e+01 3.397633301270078476e+01
-4.141992450992330532e+01 1.722544102524735976e+01
-9.026268400586484830e+00 4.497053208472986086e+01
1.397949391640878858e+01 6.869501610014117077e+00
5.114474233149570637e+01 2.233098850246431866e+01
-7.347956253053546050e+00 -3.177201313139617866e+01
-1.266775473480345404e+01 2.729392369470529545e+01
-4.409520782320780086e+01 4.793616789559778546e+00
3.094545367517153878e+01 1.406368650637560336e+01
-4.004478111914455241e+00 4.297108348171735770e+01
-3.822362279749339820e+01 1.237754564895422460e+00
-2.657941116107192769e+01 3.625109132204156026e+01
6.502006727426490329e+01 3.152507237941186702e+01
3.479509318697168396e+01 -3.255220943509316811e+01
2.502396683615646467e+01 -3.569245904795683799e+01
3.600882892095147980e+01 -2.052884794356781839e+01
1.036094703486227253e+01 -2.557939509561464320e+00
-4.182818880453256227e+00 3.534495754110608345e+01
-4.949456705832813164e+00 1.677920282179875500e+01
9.460300476086837662e+00 6.997386178224285658e+00
5.323895818711108063e+01 4.556874487953719211e+01
-1.686480789887649578e+01 2.518560232168165314e+01
2.721074674295168450e+01 3.745858251611091561e+01
-2.803870842664046847e+01 4.883790902088779085e+00
3.516059048840751444e+01 1.443164522086067603e+00
-1.153682515276969056e+01 6.330456589431248560e+00
1.203029564994521472e+01 2.558934371104577110e+01
4.189822417516636932e+01 -4.109881055215253554e+01
-2.904055425972101201e+00 -9.058293407623899895e+00
3.692658723636703400e+01 -3.165089661709717106e+01
1.455263677886534701e+01 3.069945998110862817e+01
3.645578855209809888e+01 1.342203066824220770e+01
-4.280224655359587160e+01 8.006259592063672770e+00
-1.872050417843031767e+01 2.814552350934073743e+01
4.313836226139320473e+01 1.414982336064075774e+01
3.144453029197811489e+01 -3.040106198162908413e+01
5.443127951475524640e+00 -2.091985938893117947e+01
5.047950980699572909e+01 -5.161305847509689571e+00
2.630406616287725896e+01 1.325883369559944214e+01
-5.502241716827560580e+00 3.078182024232673797e+01
-2.078525766735807423e+01 3.373148058281127071e+00
3.260748269790730092e+01 2.364177412909692677e+01
5.297750021431077982e+01 4.160863345911997691e+00
-6.552447460932078194e+00 -1.602750873621257899e+00
8.502660888278116502e+00 2.930027795707804472e+01
3.722905346526945181e+01 4.023127395307300702e+01
-2.724738392885387128e+01 3.164342933974925387e+01
1.461373309763117945e+01 5.230483214595327723e+01
2.953292603348516288e-01 -2.738215016753946074e+01
4.577210015662716813e+01 3.754053246606528660e+01
2.874754489466265639e+01 -1.031434956958977800e+00
3.876829445710447430e+01 1.890938344209574140e+01
-2.192536154429058115e+01 2.729876863538419940e+01
3.562294618835712612e+01 -1.695396353629561048e+01
-4.798838448986284533e+00 1.074331310145337959e+01
3.108445707555674176e+01 -9.489084787063251980e+00
6.143491402607909890e+01 1.280076546035687102e+00
-2.491431907673704771e+01 3.222311568021391537e+01
-2.487024558596397483e+01 -3.308242262548793722e+00
-1.930263246981058600e+01 8.859584518016063726e+00
-1.247012764637652893e+01 3.127151321288428676e+01
1.071942760585868015e+00 1.864392296798446580e+01
8.844731105557540829e+00 -4.617416814371734546e+01
-2.595309791198314286e+01 3.840587896669058665e+01
5.483273011766824823e+01 -2.042137899844014726e+01
-3.659372990194893305e+01 -1.670845962324753842e+01
3.391756041002258826e+01 4.402795699328665080e+01
-4.924619776620875200e+01 6.078345685057083614e+00
5.096286856625278006e+01 1.675574543929409188e+01
-1.583987433919955379e+01 1.143420210494981504e+01
3.089343781463504257e+01 2.137254119824634913e+01
2.285550272249581383e+01 -1.178521129150299807e+01
1.279214066562030716e+01 -7.953098935356258892e+00
6.146500808577215480e-02 2.687604829938199202e+01
4.536097363074561351e+00 2.377047849982840688e+01
4.514052691835835418e+01 1.645213003704928667e+01
5.309565508544949353e+01 -2.873703470051592213e+00
2.196427426307707265e+01 2.698066510121350703e+01
2.947744778362670015e+00 -7.562505798871711704e+00
2.672873766848128341e+01 -1.342426638933845773e+01
-1.720777443069032486e+01 8.943032418693073637e+00
-2.066403498271909811e+01 -1.835753402791198496e+01
-1.342445471921203115e+01 -1.196727330761745911e+01
1.638379487394378486e+01 -3.800997406519464761e+01
5.743931980951635552e+01 1.148671569405348514e+01
2.348673106637057373e+01 -1.890092332651878237e+01
5.128870327402349716e+01 -1.987187648281579655e+01
7.911402158554804664e+00 1.190431701049750046e+01
1.632640015776470577e+01 -1.727181131725140517e+01
-1.161999301892734593e+00 3.325782186309475463e+01
2.736737239996810800e+01 -3.370544255965351255e+01
2.210722418612001761e+01 1.611200375640457594e+01
2.468334033656751814e+01 4.454582198881573873e+01
-5.457122028116257439e+01 1.929988762433836413e+01
1.524769561575823218e+00 5.959173737125678372e+01
1.958711687030098147e+01 -1.036320128837014565e+01
7.241917945791695388e+01 -3.463864160438601658e+01
-2.369203206002345397e+01 4.244372059900966576e+01
5.150610274223955898e+00 2.811386351809663608e+01
3.281686094096944117e+01 -1.935895010604205524e+01
2.090927751882395569e+01 6.710877754293161246e+00
5.025420025024254045e+01 -9.097399139219763953e+00
8.941264829284367721e+00 -2.690659444457632610e+00
-1.346488215256232834e+01 1.866962402608867677e+01
-3.771327967235517065e+01 5.420525293221293950e+00
1.172554098803518841e+01 -2.344591982779722628e+01
-8.395214192472572279e+00 1.420045766254569131e+01
1.629115762939265633e+00 6.731401699173371611e+00
5.115221512104864843e+01 -1.631892662704881314e-01
3.139666667334094186e+01 -3.048435191767981323e+01
-7.553275724115142253e+00 3.589668161591846030e+01
-1.521635576051955319e+01 -1.905228301538443603e+01
4.260820981266950724e+01 -1.169052715391732811e+01
3.454983677761534011e+01 3.031309428657626626e+01
3.897144887901813348e+01 -3.521929764697193654e+00
3.766202621539256512e+01 -3.436249490534931539e+01
4.659408803529717602e+01 3.044963050909766711e+00
-1.981880273379807633e+01 -1.603699308938729473e+01
4.581863585357416468e+01 2.901187052269367328e+01
-3.555593414417337783e+01 1.794612612563685516e+01
8.172525771748071932e+00 1.903509624879981876e+00
-2.172820006429640927e+01 6.256554568781869108e+00
6.373992974704406400e+00 -9.961958436377713610e+00
3.175726140611953952e+01 -3.739450161558603547e+00
-1.422583650907121644e+01 2.949350169886265860e+01
4.732823180966832410e+01 -1.652760973801978039e+01
4.098760185254833033e+01 -2.403811408572736497e+01
3.034301167938551202e+01 4.483286087110594309e+01
2.725054514168942887e+01 3.265975578892946096e+00
-1.340272803809201818e+01 8.726673811029989736e+00
5.542330707926304711e+01 2.420018534417206624e+01
-2.928818141003054976e+01 2.905184373530223496e+01
5.469352850183415171e+01 -1.126981621565049174e+01
-4.045153989531445227e+00 2.320833230689865445e+01
-2.671497999817069413e+01 -1.409515016801263698e+01
4.743439437810397408e+01 2.683698562247301567e+01
3.310742060591997493e+00 3.679186802075138729e+01
1.631254949549376665e-01 1.512785460716920660e+01
2.954162716219175699e+00 -7.733224875809288079e-01
4.235657197274807118e+01 -1.553447934348532122e+01
4.257666692740002645e+01 3.430112106666422278e+01
1.242557703035553907e+01 2.110333362717143046e+01
8.792624669073429544e+00 3.929981699303162657e+01
2.423571649599530176e+01 -1.373048441905417860e+01
2.159949258233602620e+01 2.099867783485410033e+00
-9.248524061567831467e+00 -1.709217645750778658e+01
1.451591067515483324e+01 3.544420700850065664e+00
-2.274707346447713263e+01 -3.713344968157232984e+01
4.534409456744059952e+01 2.372030072587752514e+01
1.532393097602247778e+01 4.262447766568938334e+01
1.176233522714556301e+01 4.059186444652751646e+01
4.112472708125909548e+01 4.503702472470623164e+00
-3.310343017574754754e+01 -2.804932577522701198e+00
-3.818780339484062836e+01 -1.204832043404910458e+01
1.606477750410417826e+01 3.626319849721566868e+01
-1.270970204106633616e+01 6.174568647634872676e+00
-2.423041698773069186e+01 2.934421551537722905e+01
3.632550213893880908e+01 2.060521141889378072e+01
-5.172576414438916359e+00 -1.154291615682871530e+01
-3.777210628691477012e+01 4.024128211657967569e+01
-6.527372549723584605e+00 -1.531969721333600987e+01
2.204287687236556081e+01 4.821985792249294178e+01
5.613483921958489020e+01 1.948552919928704341e+01
-3.114480229345211981e+01 8.872899762828440728e+00
2.587638610503875114e+01 2.709706385204805912e+01
3.344918290936226413e+01 5.349922110427193900e+00
4.176645365957584843e+00 1.114211076984098447e+01
1.208117572796088979e+01 1.126508917056004577e+01
-4.191007661526985828e+01 1.343662440919241163e+01
5.325003828062544464e-01 -5.315923093266899002e+01
-3.983006522888207002e+01 -5.956676080606786883e+00
-2.728991503206254876e+01 3.018879690581091424e+01
8.041887644406990887e+00 -2.359805058793016386e+01
-3.515082549079571095e+01 -1.012291615056371441e+00
3.497806695734706040e+01 2.640075263988634902e+01
1.317544997022827502e+01 5.946183879351693236e+01
-4.506533259274451808e+01 1.430103799519202568e+01
-2.122140772043093904e+01 1.423659056077587337e+01
5.514315592152001955e+01 1.525390187680510756e+01
-1.944502973252187772e+01 -1.975191715558688998e-01
2.095753877240218443e-01 7.684860892697431112e+00
1.282764005221017989e+01 4.675874478101044218e+01
3.937390509413002349e+01 -3.577182827946153054e+01
-1.264211056661635268e+01 4.103768983111801560e+01
1.929142185894085060e+01 -1.186392680816815703e+00
3.582646200599986486e+01 1.671056585400099692e+01
-1.629322549173021883e+01 2.293355510165002897e+01
1.986934232108387732e+01 -5.338119134953734246e+00
1.666427284608079873e+01 1.495065209806533169e+01
-2.646597436918484192e+01 -1.618391532826176160e+01
4.155895473116629546e+01 -7.335216700844163107e+00
5.749821694222009683e+01 -5.624512775057812775e+00
-3.467119442386102435e+01 2.970821203662932319e+01
-2.290126211221021535e+01 1.106238005215545428e+01
-1.796345246732287393e+01 4.058811811726246077e+01
1.955322316879124278e+00 4.378672154571599151e+01
-2.141704058872504035e+00 4.677211807117625852e+01
-2.858653441558105968e+01 2.361133490059885176e+01
2.189104515991532551e+01 5.128100948990707053e+01
-1.552267719020336045e+01 -8.203903359241975224e-01
-1.586850680171448147e+01 -1.568826113000401357e+01
3.363985164708569187e+01 -1.397547178988699201e+01
3.325868261567315187e+01 2.188869074057672393e+01
-1.497909425023179253e+01 -6.944136218072875621e+00
-1.866506896666600213e+01 -9.250740576690716921e+00
-6.086285974254574960e+00 -8.436369654092768400e+00
-3.965956913476792067e+01 3.285440271569356696e+01
4.155702373095243018e+01 2.438921730187718495e+01
4.960143559463431551e+00 4.637639845112288128e+01
5.428788487422040276e+01 2.066399417817328654e+01
4.061334988671108981e+00 -3.202334452718790914e+01
-8.885419687097270369e+00 2.874340987447057216e+01
3.083049994965230312e+01 -1.331190253884387253e+01
4.068094677697623673e+00 3.634386686221077412e+01
6.690015901750535399e+00 4.248799254631435929e+01
2.450377023265232523e+01 8.987088110959028597e+00
2.766307227768685451e+01 2.249075976767855423e+01
-9.975411890133052850e+00 5.043066997485935232e+00
1.868705509158305134e+01 2.164058014520026774e+00
2.119514709147664533e+01 3.017262143858341261e+01
-2.370380227975595844e+01 3.040252956753116464e+01
1.499394668925472551e+01 -9.485754914091629075e+00
-2.208844738870058322e+01 -3.566903842045997663e+01
3.816252358620837271e+01 2.856049872956611679e+01
-3.187048296625595611e+01 2.462304703295942687e+01
-3.988816213125036114e+01 2.990859521512120622e+01
2.533543174990004587e+01 3.940248396995912117e+01
6.274913622323034446e+01 2.933182192640127806e+00
3.792026734397453680e+01 2.383590632149137534e+01
-2.723979457804655890e+00 -2.013578401835464149e+01
6.417409663472672321e+01 1.403266159811014657e-02
3.853796554564001298e+01 7.687166512097019222e+01
