-4.985474001282974577e+00 1.615778304272881272e+01
-8.721005958416171211e+00 1.698814283317111418e+01
-3.112472713937483260e+00 1.653419716930620353e+01
-1.126508220876502597e-01 1.192418716949436330e+01
-1.188091114815413629e+00 1.063627180952793161e+01
-6.265549320145721524e+00 3.092741423140275447e+00
-1.900602256145174351e+01 5.464872093641466755e+00
-1.944549148391757498e+01 1.599604077424711390e-02
-1.142847994292493219e+01 1.869579352919770798e+01
-7.130122521904278088e+00 5.755894028354759051e+00
-1.279346911884845106e+01 1.839739143610132288e+01
-1.525441319439114984e+00 1.965052160445894813e+01
-1.079019556097231103e+01 1.235327784104446103e+01
-1.051314775298890325e+01 2.257481384506825961e+01
2.686303151974958059e+00 1.689323118409788904e+01
-2.221527198351092913e+00 6.450298151648378386e+00
-5.412009925022440271e+00 1.491690350991367175e+01
-2.002604322485557198e+00 1.605902792085797870e+01
-8.046838931400234429e+00 1.793768255549518642e+01
-5.598890579315412452e+00 1.070971440795053731e+01
-1.852458540123537389e+01 1.526803362218717730e+01
-7.091545056769285260e+00 1.952105765654861358e+01
-5.033894363447723563e+00 1.366115826417263435e+01
-7.830327075998641639e+00 1.911993428396708694e+01
-5.312760672118140626e+00 1.917122816803813024e+01
-9.731339139206895084e+00 5.008669620505388664e+00
-5.612669010024808003e+00 1.700278084916665122e+01
-1.806756147801502266e+01 2.347193182870825900e+00
-7.455169135401569669e+00 1.527493257848906261e+01
-1.800480361315667466e+01 4.586583758198560012e+00
-6.253433459119576376e+00 3.086054498892758513e+00
-2.091992151903044217e+01 -3.016279125407717476e+00
9.886824650782453094e-01 1.829953026411049777e+01
-2.684911854057418168e+00 1.884196084440547025e+01
-7.435531260586387248e+00 1.495161852050617313e+01
-1.492609464430349853e+01 1.299393423070745612e+01
-2.073550123667584622e+00 5.859338633507470639e+00
-1.012271957670691336e+01 1.510262173089258830e+01
1.107825452109766573e+00 1.516154389361087595e+01
-5.827726957427032950e+00 8.084306054403166186e+00
3.328358313460794804e+00 1.088806308584778826e+01
-6.245048850416376141e+00 3.083028228340366272e+00
-5.936405869024722115e+00 2.019713781383043738e+01
-1.672746974616342541e+01 2.114124502706541620e+01
1.911597466085940056e+00 1.112224496570827981e+01
1.205467603288836953e+00 9.421147526096030234e+00
-8.719627948267007156e+00 1.472927156363722467e+01
-2.902020397065271151e+00 9.852684534452411214e+00
-4.988784033277417151e+00 1.652313640443149367e+01
1.084590412083753508e+00 1.101777157528743878e+01
-6.610877846001911529e+00 1.183480478739642017e+01
-7.721152265277586579e+00 9.495787326313600119e+00
-9.219539322724706665e+00 1.130410654293709882e+01
-6.238266053963745783e+00 2.276059972909506968e+01
-1.136738322284277380e+01 1.352143956440830408e+01
-1.023018494958676605e+01 1.407750832054767720e+01
-1.981324464581591505e+00 5.148682362551539882e+00
-4.540629672817291684e+00 2.130367294325557737e+01
-9.171131299753929156e+00 2.367261167539809108e+01
-5.122750067155674714e+00 1.371408735615501406e+01
-1.480881424649479072e+01 2.575619750458146839e+00
-1.679835416930464476e+01 3.362619540267887785e+00
-1.921133057032682112e+00 5.485067858938372787e+00
2.369075528679811971e+00 1.563765161180498886e+01
-2.825168618430714762e+00 1.447572867331695434e+01
-3.907544703704652900e+00 7.474968991623174297e+00
-2.042886197406755144e+00 2.014237540394892179e+01
-1.460879555420691744e+01 1.470906704238125506e+01
-1.770350481786155683e+01 1.899111232720430920e+01
-7.277728904091356199e-01 1.844015830029443137e+01
-1.296593258197372300e+01 1.200942599639292574e+01
-2.062735073286824150e+00 5.104311818939842205e+00
-3.727738154870563925e+00 1.770821663297029147e+01
-6.779655135892014073e+00 1.869351029389455476e+01
-1.627054946508979683e+01 2.139220404166231759e+01
-2.139308024988076373e-01 1.679381629166027068e+01
8.511610738465905657e-01 1.582720411104826042e+01
-5.674798639883511520e+00 1.718229487442927805e+01
3.183136693999826239e+00 1.017525288801873451e+01
-1.172311290471856537e+01 2.350862484488281012e+01
-1.380345784714151414e+01 1.847299545085343198e+01
-1.405941238120410297e+01 1.238655550439663067e+01
-1.313889370251222211e+01 1.483055866112504395e+00
-1.628087321127872045e+01 4.670070866334767423e+00
-9.425509803218753646e+00 1.171018805838817656e+01
-2.168834961517276483e+01 4.934395007841613001e+00
-7.681699320467992642e+00 1.992373722789890778e+01
1.914120263760985452e+01 2.808876822249646299e+00
-2.091177465782878286e+01 1.526904879966752304e+01
2.380537018996144116e+00 1.533409032217602430e+01
-1.475908752962700099e+01 1.328185379991338522e+01
-8.124117926805709544e+00 2.284573091119140642e+01
-8.258055699212599521e+00 1.573396089612952586e+01
-4.125876771124783460e+00 1.654405330621637660e+01
-8.756409838727244321e-02 1.893281867455675638e+01
-8.410080176632627413e+00 1.556935480868680521e+01
-1.959409346442948774e+01 1.368873121595119424e-01
-9.449563319199471678e+00 1.362920707351784522e+01
1.782492176692193508e+00 1.152063753132766877e+01
-9.084040905549951361e+00 1.507202667597258561e+01
-3.512174392933463452e+00 1.789418766107854708e+01
2.279915395288243940e-01 1.851648349387604853e+01
-4.225239446720955305e-01 1.657814592611643789e+01
-9.836015402312380473e+00 2.175395752566464225e+01
-5.093883528791075754e+00 2.078420412575708554e+01
-8.106053230934639586e+00 2.349055087108568429e+01
-1.280010412577558876e+00 1.633633600310165335e+01
-1.470035888667323221e+01 1.365998886282642211e+01
-1.363537688664923664e+01 9.746600223313699018e+00
-1.669125246553210928e+01 6.605381433012462722e+00
-6.050329230925926005e+00 5.950041591235932792e+00
-1.499357782988894527e+01 4.826376696159317525e+00
-3.941632904546615190e+00 7.474774095836083987e+00
-1.498493095558833410e+01 1.451357461292917606e+01
-1.550221696551249195e+01 1.455630703655603675e+01
-2.084184633674543541e+00 5.967294406696340481e+00
-1.721153801517876758e+01 8.121527339728833894e+00
-9.618483535796324091e+00 2.306977258643028961e+01
-2.061273745370915478e+01 1.253418607881637215e+01
1.124682344830221004e+00 1.660593504692297273e+01
-8.194474403654371741e+00 9.557014909526092339e+00
-2.413351315691070198e+00 1.590627045328300326e+01
-1.259734487608598918e+01 2.217300506809554861e+01
-7.043198739526463470e+00 5.799349803020645844e+00
-7.915980415458343522e+00 1.503797803108102116e+01
-8.098395643696491675e+00 1.781365634670133957e+01
1.601343261231388038e+00 9.370924003150788550e+00
-6.970065941148200217e+00 5.739115592590321668e+00
-8.589509757782806787e+00 1.881166146278869888e+01
-2.027015014595859199e+01 2.539487261376320304e-01
-7.148419209043919587e+00 1.602206479328253863e+01
-1.874633379230680674e+01 3.013587238222335818e-02
1.807502273162464812e+00 1.491998369504067412e+01
-2.665474414902556433e+00 1.560570664240850469e+01
1.895642897915707170e+00 1.134187698275084699e+01
-1.987659584495979015e+00 1.691588855063574215e+01
-3.393693140820019494e+00 1.008301542472837653e+01
-1.288889268483724138e+01 2.136564176769523371e+01
-1.204576060930528669e+01 1.395476104648137827e+01
-1.821404266787946113e+01 1.261571565171867348e+01
-7.204115989452692936e+00 1.592034671039673732e+01
-1.670877175895999400e+01 2.115091763473559183e+01
-1.006173830747982478e+01 1.545093871421577347e+01
-2.003128773565990528e+01 1.048110212966106225e+01
-9.775975326679112953e+00 4.929863826607918220e+00
-4.165784186903032094e+00 1.035944122893988784e+01
-8.129235560336271149e+00 1.268851544693646360e+01
8.758518910990813922e+00 8.299439893521231681e+00
-3.862865808818520375e+00 1.923289640662926914e+01
-1.301742820365213582e+01 1.028784742986903566e+01
1.833453916268257267e+00 1.492682239686719825e+01
-1.624513995904872488e+01 2.114512449112740278e+00
-1.420715736206352808e+01 2.791376795572055869e+00
-1.303304678091993374e+01 1.223811680784920419e+01
1.771169930777706902e+00 8.703228295213978782e+00
-1.383140102416346195e+01 1.689054158592001897e+01
-1.819860100090109256e+01 5.653050817638759717e+00
-1.095649586129816910e+01 9.889585361678150832e+00
-8.111047402847814780e+00 1.236066843150001304e+01
-4.079419556609684833e-02 1.994526504622178109e+01
2.507720993314783708e+00 1.337655691390584378e+00
-2.704246420973423604e+00 1.242052323331699704e+01
-1.422922314946377043e+01 2.919935928748409015e+00
-7.946140042267633596e+00 1.170325353385665146e+01
3.078638520328410344e+00 1.085259684510382172e+01
-7.893734902746728288e+00 5.421017526957316868e+00
-9.749739093314727656e-01 1.370091255784196527e+01
-2.061533185137179913e+01 1.252528459708049091e+01
1.722303362414664696e-01 1.745106835328459383e+01
-6.683079768865866299e+00 1.506910212987416919e+01
1.429678110840990168e+00 9.210594622930702968e+00
-1.123786427475685201e+01 1.936627087272903225e+01
-1.149074368630179777e+01 1.555851353668391823e+01
-9.910122971520779700e+00 2.165517118255876383e+01
-1.386151080871557895e+01 2.579663791227560843e+00
-1.678065938703490190e+01 4.460138378839917372e+00
-2.926633644552456559e-02 1.043393675940702536e+01
-2.051323901083907586e+01 1.012666735410843621e+01
-8.267764755754255290e+00 1.299523309185127751e+01
-1.393621678847335765e+01 1.859050713167805213e+01
-3.144371624263767595e-01 1.888955446381993397e+01
8.471014819956708131e-01 9.637307909340568912e+00
-7.240547262067658529e+00 2.415014442956796259e+01
-9.902283533455689124e+00 1.793105870812657709e+00
-1.053650924421767421e+01 2.339852193157554883e+00
-8.032032525107549503e+00 1.040826621723266898e+00
-8.944202012232416621e+00 9.548824428979528989e+00
-2.031234259352604710e+01 2.526488826001786592e+00
-2.455331958641899515e-01 2.022323014381092676e+01
-4.719245082596160046e+00 1.814775326240374653e+01
-1.966818024015564248e+01 1.808505206880523519e-01
-5.180491488360503993e+00 1.390758722160903993e+01
-4.010563284462169698e+00 1.033667169895701754e+01
-1.790969378416375335e+01 5.792028928656041131e+00
-5.138611213251926380e+00 1.241042448999729686e+01
-6.730853309663133111e+00 2.137460570548852345e+01
-9.683857520408123420e+00 1.364399765221051908e+01
2.543068907931353984e+00 1.624303042465858127e+01
-2.756244273625254149e+00 9.862768097187768035e+00
-9.669256455144896734e+00 5.069030147708891043e+00
-2.006033614541323118e+01 9.982701931643919835e+00
-1.585937421045529705e+00 1.038869607220816960e+01
-1.625656461643788742e+00 1.693448397634189817e+01
-1.684448561319223003e+01 5.294029231196882179e+00
-4.928271927718505196e+00 1.987049990675352618e+01
-5.685516528392904334e+00 1.176865925084686104e+01
2.872390178026561713e+00 1.121057858373180771e+01
-1.532238005170960538e+00 1.840714442952756258e+01
-1.628596063920929282e+01 2.275448310835026966e+00
-1.875477565862597373e+01 4.580570526850545221e+00
-1.580135290489054078e+01 6.592671911929681272e+00
-1.118981096492940708e+01 1.472294738377260437e+01
1.570659334270247065e+00 1.683938817061783766e+01
-6.332923207787947817e+00 1.344242432476229077e+01
1.926987865854037096e+01 2.710951815169881485e+00
-7.164482481882685327e+00 1.717929191977596659e+01
-1.368783584015452170e+01 2.025813867460650641e+01
-5.754654342980111137e-01 1.509984830591971239e+01
-2.028719144017672704e+01 2.532003905332046223e+00
-1.922181380248758842e+01 5.477791182853787078e+00
-2.365668967445219373e+00 1.687913102581511993e+01
-5.323776673019938066e+00 1.563500436139463190e+01
-9.891952441236975702e+00 2.130600938265308741e+01
-3.081191827364668789e+00 1.460151294391741850e+01
-3.865266061793026786e+00 1.803955332451326399e+01
3.898110731536279072e+00 1.036357964579347701e+01
-6.192760116215064059e+00 3.078146831056948862e+00
-1.635006692973637499e+01 2.134706981922760605e+01
-1.823751176514893757e+01 3.276244609079703274e+00
-2.000954042820986434e+00 1.232676747455121102e+01
3.220904216097483896e+00 1.057886707300508888e+01
-1.125103906331528769e+01 2.327086195793616241e+01
-1.697941711586694069e+01 6.622948799299285483e+00
-5.384602556415349461e+00 1.840965770154873127e+01
-1.988043370611233485e+01 2.618866809791349226e+00
-1.627292464893284674e+01 3.312828233364540242e+00
-1.643521487056659680e+01 7.309953960346105895e+00
-8.906435490545980826e-01 1.756892862325193860e+01
-1.513164876038230355e+00 1.505114355362726464e+01
3.428995575580968680e+00 9.741095304877214645e+00
-6.032186729760230293e+00 1.788520980316695841e+01
-1.063985218379209208e+01 1.103157620063002220e+01
-2.009107668023579407e+01 8.075554214724656177e+00
5.101945960034025562e-01 1.620896707209828591e+01
-2.371394458817201567e+00 1.583965982156951036e+01
-1.605629697403944789e+01 3.393038552407897868e+00
-2.383710756076078408e+00 6.987048870644524179e+00
-1.382206667894814167e+01 1.594768156496673939e+01
-6.847617705467446747e+00 1.974825048821271878e+01
-2.055066655290157485e+01 1.045814119281009447e+01
-1.278789829176414017e+01 1.268758676379068362e+01
-1.102683443461086554e+01 1.236011060667636130e+01
-7.966720928044207284e+00 1.014722031067671670e+00
-5.494673325117338969e+00 1.467137590853686469e+01
-1.972652905615177144e+00 1.190951677625794503e+01
-2.091246220879742168e+01 1.525660621922171245e+01
2.186772158879979333e-01 9.679133968456445913e+00
-9.370011973668143312e+00 1.647144119749453139e+01
-3.066780261057739043e+00 1.670672412410902652e+01
-6.998321008399335241e+00 1.747842409167456879e+01
2.987174834108510257e+00 1.087248798054600130e+01
-1.318191928372605837e+01 9.477374479211260194e+00
3.094711062558654913e+00 1.540279621827766832e+01
-1.622238728655393558e+01 6.800979541479704515e+00
-1.747169287945381555e+01 3.528345578265172922e+00
-9.907515231214501839e+00 1.764765971495534158e+00
-7.679273579680391926e+00 1.135546984605632126e+01
-1.728856256134935876e+01 5.425423466271657169e+00
2.687739177916973254e+00 1.132721669402438991e+01
-8.389329901779307708e-01 1.143405654260061866e+01
-2.200932811327636518e+00 6.417984260456607970e+00
-1.862208426463396904e+01 5.432882794992870856e+00
2.503017975811276052e+00 1.335219425199791088e+00
-6.140185957390404958e+00 5.951291320492740233e+00
2.315240257174131511e+00 1.703895256111946921e+01
-8.373878675395658888e+00 2.188117673764510940e+01
1.479573761541798316e+00 9.284384354769787961e+00
-5.918888101210233010e+00 1.438393288188752983e+01
-9.431693567464845884e+00 1.576183817807277521e+01
-1.390926144315584168e+01 1.649469269794956361e+01
-4.735539176837092690e+00 1.852178925661337772e+01
-8.090456387435708052e+00 1.076352458785070576e+00
-1.862180459322902237e+01 5.698763589581262723e-02
-3.551239410629718485e+00 1.931366487762883821e+01
-2.096744326384263779e+00 1.843098056032365051e+01
2.046782504638310574e+00 1.098596350716875492e+01
-1.869188460261089801e+01 3.035433497979349582e+00
-1.010669570207243950e+01 1.433044544329769288e+01
-9.742653386633412183e+00 1.230677098405339365e+01
1.432334689373126330e-02 1.874854409887119289e+01
1.412919022489373733e+00 9.274691863153563531e+00
-1.248929457955238931e+01 1.295958997449092998e+01
-1.737659614360983795e+01 5.483872897075339203e+00
-1.017920678967556825e+01 4.573474875268838780e+00
5.517592411994246326e+00 -2.512603859686507590e+01
9.822743916352804305e+00 5.022761981035209544e+00
7.829769041650774142e+00 -9.523887420215617183e+00
-9.689646238318022853e+00 2.016382796033239444e+01
-2.199488595424341053e+00 -7.389945371471190683e+00
2.957922103391931401e+00 -1.104699248091707808e+01
-6.412430492202852328e+00 -1.284542002977141273e+01
-2.417446438447124812e+00 -1.757934122245037400e+01
1.326913493956505485e+00 -1.583686509959483679e+01
-2.879462982265467375e+00 -2.307349689000703918e+01
-7.561828352831148514e+00 1.936578952991941094e+01
-3.062612680343133498e+00 -1.720332790137069168e+01
7.365934777917859222e+00 4.227347995310764439e+00
-1.483552965179657690e+01 -1.581920524706226594e+01
-1.287131536593042114e+01 9.495639608901070616e+00
1.753415787829508687e+00 -2.198256630092259911e+01
9.972296997648722794e+00 1.086145055753560129e+00
-4.281485641629497962e+00 -1.919735616437087700e+01
-4.072045161331762309e+00 -1.313953984486281179e+01
-2.472965378102092604e+00 -1.687639836481722355e+01
-4.513883883018286802e+00 -1.113768471121378667e+01
3.740451850063466477e+00 -1.512176610967186718e+01
-3.192006712548421277e+00 -2.246451477220058024e+01
-1.116577871896641483e+01 -2.026223967483980459e+01
-1.064334373501375275e+01 2.348952292777117634e+01
-1.171831383652934377e+01 1.480505947082206930e+01
-1.198946834208187617e+01 1.232373379441861694e+01
-1.635501227507510791e+01 -1.491858988995604740e+01
-3.357062237226196455e+00 -1.727263091400969230e+01
1.115903491141688342e+01 4.185486510046652953e+00
-4.151204354592454016e-02 -1.322109278643861607e+01
-8.860960458327886258e+00 -2.112446291288755162e+01
1.553668504135602202e+00 -9.179492163911607605e+00
3.664801750539481429e+00 -1.005704664071683752e+01
6.643404489419936887e+00 -1.740131385227853045e+01
-1.046382119806453659e+01 1.862620244807793313e+01
4.288675358296013540e-01 -1.898838589179671388e+01
-1.670419404039785727e+00 -1.178319472022135095e+01
6.203470763191883286e+00 3.964817242621221816e+00
1.390273719487085557e+00 -1.000873409911329404e+01
3.186034456629987410e+00 -1.819934264647718791e+01
9.617644654317420105e+00 -1.845512111089366769e+01
-1.668481063426865063e+01 1.692519149322430039e+01
3.976192630506149239e+00 -1.241822456130151586e+01
4.563955959187451228e+00 -2.110538172347179042e+01
-8.375000212202394767e-01 -1.509455048005781741e+01
-1.562564951650120015e+01 -1.365816472162717332e+01
4.552736237844742462e+00 -1.353776807325995257e+01
-1.443897085954928095e+01 1.548216941340120201e+01
-9.693537285003506199e+00 -1.991718872504120696e+01
-7.670491276876965081e-01 -2.044319605750141733e+01
8.061106046436751882e+00 -6.932167502076346466e+00
-1.207863332315980820e+01 2.062184086737138955e+01
7.927901997396900047e-01 -7.232789717506533655e+00
9.165459371715902748e+00 -1.150223328398830702e+01
5.541990007495001258e+00 -2.501044128370518749e+01
-5.732218355533406751e+00 -1.004808135811413017e+01
-1.610356104271736299e+01 1.108972796203950395e+01
8.745742048900543963e+00 -2.165976600642297711e+01
1.017575274668575958e+01 -2.047530959756041113e+01
-1.467453817566181762e+01 1.524499850424992253e+01
9.699489864905750380e+00 -1.916739608457950794e+01
-3.649874629093480038e+00 -1.816535144691789583e+01
-1.659446471353788155e+01 9.989338291128065705e+00
-1.894743035007661192e+01 1.070714861965792686e+01
-5.264052337577505014e+00 -1.940106233184448925e+01
-1.190439872979230351e+01 1.345299349939546119e+01
1.116136113588294165e+01 -1.700062984304373970e+01
-5.913257854669485170e+00 -2.032263175803389643e+01
9.327726929325526939e+00 -1.510013091749896930e+01
-9.240285924294216358e+00 1.939889584055154614e+01
1.077853505754806562e+01 -1.165873751314349072e+01
7.517632371614881848e+00 -2.135511283177658726e+01
-9.009780650682512881e-01 -1.114770174900818489e+01
-4.404118684396898686e+00 -5.208126811879556506e+00
8.764953830494425446e+00 -1.800636985562537618e+01
-2.892964665061897200e+00 -1.630283160898889250e+01
2.762702182954158037e+00 -1.936199075658275959e+01
1.043163347021717513e+01 5.282828754165459495e-01
-6.446027572216348034e+00 -5.140748025189165737e+00
-1.137607784870603922e+01 1.992219738154065212e+01
-2.863169494933176740e+00 -1.585002800019467628e+01
-9.111178329824037192e+00 2.145002277716034200e+01
4.545523892329230264e+00 -1.320203681523813843e+00
-9.610491137517946925e+00 2.055953771122102580e+01
-5.963755212840204933e+00 -9.219654499924903490e+00
-1.874404426148080205e+01 1.524292787470057320e+01
-2.210700126659499887e+00 -1.423695320627157201e+01
4.579935412632425873e+00 -1.987590713760182126e+01
-1.265107967028237113e+01 -1.763212407149621441e+01
-5.517862165330839730e+00 -1.078188505079832815e+01
8.583505000821428865e+00 -2.188147435468005941e+00
7.913931061634523090e+00 -2.638056887271814865e+00
-5.992308379464858170e+00 -1.281915874429338764e+01
6.131326562973018923e+00 2.244839934572712803e+00
7.701264062261429011e+00 5.374835590569023935e+00
-1.515307020107498515e+00 -2.958598069651821927e+00
-9.009963437069529846e+00 7.787259785919076194e+00
-1.259910595938987043e+01 1.041307219105142678e+01
-2.760957097564288976e+00 -7.626469170945853193e+00
4.406802320957378116e-01 -7.971306276485227826e+00
1.119003960088418026e+01 -2.070693073743880319e+01
-8.582548672358525366e+00 -2.083230271387425958e+01
-9.211403512618582923e+00 -2.041162749137237142e+01
-4.543536981191711455e+00 -1.739396908248431117e+01
-3.361013088895703493e+00 -1.053473509788079099e+01
-1.269571523236240296e+01 1.987845614633230440e+01
-1.342241525933685686e+01 -6.281737224830500343e-01
-2.081444221741678702e-01 -1.349686457383311655e+01
-3.954774278989255265e+00 1.019203792205422010e+00
-1.424495351341057514e+01 -1.753528268858558548e+01
-9.042701093758777731e+00 2.107288983562659368e+01
-1.225274423444778726e+01 -1.625912393642052933e+01
-1.300496499839392328e+01 6.032185176318372477e+00
5.212971239929624634e-01 -1.668231207496227952e+01
1.409488793928231232e+00 -1.944239641049844280e+01
1.080903558991691327e+01 -1.597302767710275262e+01
-1.257828882629987000e+01 2.002893524048521101e+01
-9.717735624436965036e-01 -2.432639488558957197e+01
2.201949081726874091e+00 -1.375161189405682016e+01
6.358160417022230781e+00 -1.647260390852845902e+01
-1.360275244994302213e+01 -1.136953745990048326e+01
-1.433957459862336492e+01 -1.306118294069256081e+01
-1.167702509258644206e+01 -1.222123629997791205e+01
8.536519704873251069e-01 -2.112287743551256725e+01
-6.973393154485070689e+00 -1.126688790121432149e+01
-1.978555536108414969e+01 9.352834422738414588e+00
2.885273751136820497e+00 1.535231118338534984e+00
-2.108041199669266774e+01 9.214297989150148638e+00
-6.358305246125089960e-01 -1.577155565664574688e+01
-1.199198000703233369e+01 -1.134310609539172532e+01
-1.390709662852551354e+01 -1.576022151662023596e+01
-1.636541347077997344e+01 -1.177746787129890116e+01
9.210606250407369799e+00 -1.538617730156685148e+01
2.757351252798592722e-03 -1.670581690708081624e+01
-7.278503161904623653e+00 -1.558104263757164354e+01
-2.967207505649381627e+00 -1.505600651283165092e+01
-5.494376395382931655e+00 -5.165390875596976628e+00
7.971643296279799173e+00 -3.432665616051056023e+00
-1.409168936189119536e+00 -1.621940104046161935e+01
-9.630161501112203482e+00 -1.058009146353976959e+01
7.993091882521052405e+00 3.461399135123488513e+00
-1.029728769831213775e+01 -1.430335777994715585e+01
1.029552696946181278e+01 -1.839368831985287756e+01
-7.979466137831659367e+00 1.843324498880193829e+01
-4.367030311566554523e+00 -9.571619670862853368e+00
9.159724114883312396e+00 -1.954130088556829747e+01
-5.106128544436852934e+00 -1.964303694747319895e+01
-4.721503465612189032e+00 -1.207911174092315143e+01
1.080487960268939496e+01 -1.582876962777076990e+01
-2.199397238233646024e-01 -7.268681243565850991e+00
-1.629019314045572742e+01 1.691171117449690442e+01
6.551775269175177385e+00 -2.021643647798650889e+01
7.357616958263971441e+00 5.763392432513740005e+00
8.243414845568098670e+00 -1.153579222395698700e+01
1.103694258275361229e+01 -2.016780775345312193e+01
-1.048164652549447950e+01 -1.637664332785035626e+01
-1.382588215075344529e+01 1.390667716355168082e+01
8.738326730897334471e+00 8.201030435761049731e+00
-9.083350990430774985e+00 -1.969994138253101212e+01
8.656727346382593336e-01 -8.999792340724045658e+00
8.751431813314409780e+00 -3.744019228044246361e+00
9.418564117591497364e+00 -8.620702317737762854e+00
-1.633513254839684592e+01 -1.489144189207060975e+01
-2.437573518569379427e+00 -1.215317177529583859e+01
-4.985034955963325132e+00 -1.851844420496400545e+01
8.017451814510595298e+00 4.621823450463097949e+00
5.586189443405082500e+00 -2.462751115244856592e+01
8.438451973376309923e+00 -1.156761259162231426e+01
-1.405179494291567721e+01 -1.494394499210837779e+01
-8.859037769158518927e+00 -1.038969315053628151e+01
-2.943026261918202824e+00 -1.075167603734571919e+01
-4.665216746529998737e-02 -1.668647095965233973e+01
-1.213919704168698210e+01 7.747723319978844003e+00
4.532856277950548574e+00 -1.759476801845739047e+01
3.684926109383542148e+00 -1.781845761654788163e+01
-6.554616045474605635e+00 -2.104626110754647073e+01
-9.613672738198520307e+00 -1.336393075314721379e+01
1.336506719928946474e+01 -1.813863687175326334e+01
-4.238076870880482794e+00 -1.179883952695600868e+01
-2.483702044847488466e+00 -1.041447493337002328e+01
7.194790050638529166e+00 -2.202466645675929513e+01
9.304466470700297975e+00 -1.443275119763784886e+01
1.028580485582962645e+01 -1.102204889786402475e+01
1.092562006639293148e+00 -2.132924975410243107e+01
-1.012433805821606470e+01 -1.690409318060476807e+01
-2.595763469658353806e+00 -1.031654281051730315e+01
-3.299920580359131606e+00 -1.590601868605358504e+01
-1.308486550424415462e+01 -1.539053831689205154e+01
-6.016640823032723517e+00 -8.486328265716272412e+00
-1.906191012926844408e+01 1.946718026346949060e+01
-8.415169868098151262e-01 -1.528233332390607657e+01
-7.329274000466413419e+00 -1.924532638283438146e+01
2.432908766320017069e+00 -1.676808671137808204e+01
-1.033255424831786762e+01 -1.339534015640116138e+01
6.636277084417456784e+00 5.224480285957876724e+00
-7.143643952392237928e-01 -1.729845925309789223e+01
1.773152875450983768e+00 -8.272081165968275585e+00
-4.253186811666251899e+00 -8.895851228830380819e+00
-1.280415113224382750e+01 1.988513272952143751e+01
7.246784426231897669e+00 4.241175508158844920e+00
-1.530500905947229562e+01 1.462082951148943266e+01
-1.775424231659340180e+01 1.607869305481069944e+01
8.067439637381335515e+00 -6.934658365779942102e+00
2.160795159338938731e+00 -8.294589130018755085e+00
-1.936990025883389777e+01 9.983607219316665393e+00
-6.795559885690219737e+00 2.071160645512460619e+01
1.026858673660630217e+01 -1.043040049946450409e+01
1.024620064676933140e+01 -9.841151425138736641e+00
6.368310432905847085e-01 -1.745733741564178132e+01
-6.345505896645652122e+00 -5.110419239894796739e+00
-4.686949166917595000e-01 -9.116340901122049090e+00
-4.153941434688374734e+00 1.037677928819639162e-01
-4.242375540088738184e+00 -1.148250753043816452e+01
-1.229901973283924299e+01 -8.865588816250582482e+00
4.762499869529714047e+00 -1.913329816282554319e+01
-6.910882304771799767e+00 -1.201245698661315764e+01
9.360655489017901232e+00 -1.949910314640751707e+01
1.329553255511551058e+01 -1.938989745531637254e+01
-1.428808815833333412e+01 2.012955210641882786e+01
8.612241934417490086e+00 -2.171273913816730072e+01
3.523037651600439801e+00 -2.047675869372913127e+01
9.085018520817071064e+00 -2.040897512304506023e+01
-3.363442536679071004e+00 -5.806429735233068712e+00
4.162086956123980386e+00 -1.793701165856325375e+01
-8.586713477064158440e+00 2.144045022555399882e+01
8.950912452274209841e+00 -1.622887010784596029e+01
3.068564650751753664e+00 -1.130094048406956198e+01
-5.752205713308474744e-01 -3.375050400989319854e+00
2.422380887909998837e+00 -1.371871840987937752e+01
-5.532356671428182437e+00 -1.498377579474952803e+01
4.687364472892799894e-01 -6.755937616524100520e+00
-1.009585631766398706e+01 -2.083452672264579419e+01
-2.268847023406512342e+00 -1.421242864435773434e+01
-1.016853185722552944e+01 8.587255265768964918e+00
-1.588504795284864990e+00 -5.384291902096436822e+00
9.011992042948646642e+00 -1.851442124166922909e+01
8.885609569214748760e+00 -3.541158783036414626e+00
-1.802729100264136619e+01 1.870344822737557422e+01
7.381135003533218608e+00 -1.452381822722717608e+01
-6.934698693575547246e-03 -7.595504431846919147e+00
-1.496617215997090433e+01 1.769865704542285556e+01
1.032206475019770586e+01 -2.098058003356226919e+01
-1.291038609279829608e+01 -9.168473064964727470e+00
-3.992894192188887637e+00 -5.751713970540311749e+00
-1.281736449078144213e+00 -1.295093197343419966e+01
9.458039031862808699e+00 -2.103060621776778660e+01
-7.118054578787635478e+00 -7.088395937556107640e+00
-4.846215516777103716e+00 -2.147202685946375667e+01
9.565358011115204562e+00 -2.236213659458374536e+01
-1.003873996771496380e+01 1.988241574244920074e+01
-8.991194728696150662e+00 -1.150705671421858511e+01
-1.091318285030020085e+01 2.073488345602548222e+01
-3.615240885005952531e+00 -6.532292229514060189e+00
-1.574767972093994217e+01 1.723911736385253946e+01
8.305411959023732749e+00 -1.793159751642007649e+01
-8.094145569626274295e+00 2.036241169552867092e+01
6.623614385534847271e-01 -6.823429187851437483e+00
-1.045219259992185279e+01 1.629766284870365567e+01
5.882545985031488733e+00 -1.785288709950312125e+01
-1.655580223017566155e+01 1.002544553196980992e+01
-9.467589287691613009e+00 -1.863110471145175495e+01
5.768932026557330867e-02 -1.273982763628416492e+01
7.947408193193965076e+00 4.118400846538198046e+00
-8.514698334429612103e+00 -4.275637632650004072e+00
-4.083239987247964997e+00 -7.758336866293189082e+00
9.944715648060164170e+00 -1.036818605414149275e-01
6.312471560694352668e+00 4.687507129930120975e+00
-1.623956862847193205e+00 -2.939523538805609792e+00
-7.185080929904522407e+00 -1.440544022857489992e+01
-7.422987072287021704e+00 -1.501033815624618128e+01
-8.399228900763175076e+00 -1.041501202752505151e+01
-1.423501768142083357e+01 -1.699331746769334117e+01
-7.357591221090133971e+00 -1.853540981022868195e+01
-5.774222425442230300e-01 -9.223615131646496934e+00
-1.145514452647565840e+01 2.098533735386011401e+01
-7.551444294944654523e+00 2.145418451601265986e+01
-1.121382539566289083e+01 -2.048651198831543851e+01
-2.329293185958899670e+00 -1.800492270803767880e+01
-6.746696819049967431e+00 -1.619193813197577114e+01
-2.256058753027929686e+00 -1.276088275534545424e+01
-2.581055821531073047e+00 -7.484940112219009123e+00
-9.043903059343806561e+00 -2.106984491359505540e+01
-4.967322998466054074e+00 -1.915375213555117995e+01
-6.075843265766036616e+00 -1.406820241487603873e+01
5.706536103145600336e+00 -2.425579073122132812e+01
4.554552431788260414e+00 -1.011945958189136618e+01
-5.826059503030070807e+00 2.163165888873056630e+01
-1.176239185026633827e+01 1.219631216523962003e+01
-3.961618250124321783e+00 -5.570801292785903414e+00
-3.526085420542944604e+00 -1.372898865157149828e+01
-1.003404336663171037e+01 -1.089519719800778574e+01
4.655023812086833690e-01 -1.982170571594090092e+01
-6.900235117807455687e+00 -2.107688107912438724e+01
2.534093164552435162e+00 -1.071639060827308043e+01
-2.054113013527028020e+00 -1.915606466375432504e+01
5.153423478944754166e+00 -1.962367315118805067e+01
-1.171858201583568082e+01 2.024241394365162350e+01
-8.862998864375366992e+00 -1.743511631401314332e+01
-8.689280909238599193e+00 -9.748065214160567038e+00
9.558014299717438433e+00 -2.234892341839715968e+01
7.324189498704661183e+00 5.495308565164034320e+00
-1.305497472974510664e+01 -1.620615411130933481e+01
9.274273677498651836e+00 -2.196649239071763660e+01
-1.693263253818552982e+01 1.174348487523315043e+01
-9.651835843269934045e+00 -1.941995234036935614e+01
7.058957308972985345e+00 3.081791213386739336e+00
3.909197447085271726e+00 -1.919373797475751431e+00
-1.704997918793753797e+01 1.311809096740173075e+01
-7.023346184452247343e+00 -7.160766267464874879e+00
4.188116452833660297e+00 -9.151753550184052344e+00
-1.161811512907517319e+01 2.008712743683954471e+01
1.395012586477907490e+01 -1.840917575445129373e+01
-9.671606431210751254e+00 -1.917609388879734666e+01
-7.374543373369257360e+00 -1.521680159480498062e+01
-1.087510975121132262e+00 -2.430078234450047958e+01
-1.054307959177451437e+01 8.777785868759153232e+00
-2.732664854058480808e-01 -1.551376917349303852e+01
-8.399834575331913911e+00 1.321954866217168423e+01
-1.599235312285885158e+01 1.606602652191947556e+01
1.329696126084153462e+01 -1.959100804456717526e+01
-8.520496150526106760e+00 2.253543851469869352e+01
-8.509944675991711449e+00 -4.290510527569945332e+00
-4.400696892418753947e+00 -1.610531622451597045e+01
-1.120851731567916687e+01 2.205653248142449740e+01
-4.038395997721760722e+00 -1.843361675266063671e+01
-7.740469830802947371e+00 -1.742643017331934630e+01
-8.706829744703462381e+00 -1.847515494996662611e+01
8.313109174424063497e+00 5.377768594228783172e+00
9.903278527551742982e+00 -8.066080985888610111e-02
3.602648858133596477e+00 -1.615428334196218074e+01
-1.117279062832784575e+01 1.113657670233105357e+01
-1.315763799798587463e+01 1.667035092760254145e+01
-1.697152769056285493e+01 1.465684580277148541e+01
8.511420348949665371e-01 -1.336271115428627354e+01
-1.016540265337888371e+01 2.383352880955227349e+01
2.521785073798940680e+00 1.336925167452882812e+00
-3.493875847181076910e+00 -1.174115179510862639e+01
4.392348389681806964e+00 -1.033341066157497323e+01
1.123979030379336841e+01 -1.875808664206731535e+01
-2.385110431440358170e+00 -1.691116967496048673e+01
-5.875926124328841205e+00 1.946954435375623405e+01
7.933806242006395948e+00 -1.944488110789056989e+01
-1.622531259540686221e+01 -1.282477733857781033e+01
3.000268280054732895e+00 1.586226421258021047e+00
9.533304264024966557e+00 9.933244406775736390e-01
1.068814380142179665e+01 5.259433143333081873e+00
1.023439066817998722e+01 5.963423390383103262e-03
-1.119990447531913347e+01 1.636364490626367640e+01
7.792587388068133336e+00 -4.511488728194896325e+00
-6.603199487566755899e+00 -2.168685320594602572e+01
5.547553000974609461e+00 -2.491342718947698032e+01
-1.528132969343324987e+01 -1.276056968583232631e+01
6.626238486347860501e+00 2.670580494241994174e+00
-1.308861932590698096e+01 7.832340709761738573e+00
-6.540511641235150719e+00 -2.116649466298697746e+01
-6.741964214827175006e+00 -1.654052737063333467e+01
-6.716503244621781832e+00 -1.858243668464662690e+01
-5.438321281272044949e+00 -2.099372133320919787e+01
6.646439892059841092e+00 6.003828362677031905e+00
5.489193549338428291e+00 -2.518323725755723785e+01
-5.620319932726419054e+00 -1.584716516800380326e+01
-9.002543672651286855e+00 -2.115463590281060746e+01
-9.290300571346262970e+00 -1.343921812397088722e+01
1.083228759599316504e+01 -1.487618221463834089e+01
-1.238762181371026116e+00 -1.829123568352754958e+01
7.575516691920530121e+00 -1.639615639263684699e+01
2.773671395755768820e+00 -1.098295115015308987e+01
-1.001215587521266492e+01 -1.762491015243129411e+01
7.876643038153461340e+00 -4.131664753178021954e+00
2.363895722982940206e-01 -1.803050486248328710e+01
-1.094512871217754579e+01 2.035773398367139464e+01
2.397183635334374507e-01 -8.013508032654378610e+00
-2.626949116903066539e+00 -1.573435138567682223e+01
-2.671431965689000876e+00 -2.305812422348295598e+01
1.177219978806320100e+01 -1.942725885067872937e+01
-1.043590683361363247e+01 -1.820048405283169757e+01
-3.118899019992868560e+00 -1.392063194721067632e+01
-1.130136918854803341e+01 -1.462517726755005221e+01
1.053283600026747280e+01 -2.165421776311566049e+01
-1.574373620313794220e+01 1.771615357314336592e+01
-1.186791638429718354e+01 -8.749948589849095626e+00
7.414170890243845236e+00 -1.444252283445243101e+01
-1.090060801470237983e+01 -1.019893474322646476e+01
8.705063136107604294e+00 8.109793622400562896e+00
-1.290413986269591007e+01 -1.630422081688379876e+01
9.895443093253923905e+00 1.219874019887133620e+00
-1.272493924093630469e+01 1.545310089813485988e+01
-7.639682545525205093e+00 1.229029251830350056e+01
9.156778343955942034e+00 -2.096346318665228026e+01
4.493183138884500494e+00 -1.336088253170472084e+00
-1.649602587960553635e+01 1.325529745163822071e+01
-8.236483357513520787e+00 -1.929214222626008279e+01
-1.137252849189760617e+01 9.676588366271786867e+00
5.320025912173206528e+00 -1.990536372553953726e+01
1.099457651732579144e+00 -9.964939052936431452e+00
5.510883393290812116e+00 -2.509670076922463622e+01
-4.652231051442689669e+00 -1.054794526809586941e+01
-1.050905376417095205e+01 1.942738837280221986e+01
1.015587398500926852e+01 -9.831148955818708401e+00
7.530301541002367038e+00 -1.876161198870033431e+01
7.845922746881771381e+00 -1.851399079711063322e+01
-5.628590262625393414e+00 -2.270739495875514891e+01
4.104929275406588585e-01 -1.780841479085360035e+01
-4.244921160930097415e+00 -2.043798723567127951e+01
7.891944648896547676e+00 -3.423260698764763355e+00
2.694369646340762259e+00 1.430495482845151711e+00
-6.850613484889124472e+00 2.233469135340195777e+01
-8.498152798055393475e+00 -1.511617044283996236e+01
1.262762833163490195e-02 -1.683211312940423809e+01
7.992996096885955026e+00 -1.052751580490830996e+01
6.973666831592314708e+00 3.149701540715106329e+00
5.661389319268641529e+00 -1.592896344420489996e+01
4.481276053985637553e+00 -2.030127356910410796e+01
1.082358699273282809e+01 -1.590615255183041121e+01
-6.657567819809336207e+00 -1.691040620866606048e+01
-8.078253775245123336e+00 -9.623481371774612825e+00
-1.281334291351580035e+01 8.272574859573099459e+00
-2.010437822625111437e+01 8.056970236841005217e+00
-8.519516430388081929e+00 -1.153098545240725414e+01
4.962336983193157636e+00 -1.388792574489654719e+01
-5.867303015844251846e+00 -7.663011551627362472e+00
6.016478797590871785e+00 -1.412848203840571237e+01
-1.311892757560898959e+00 -9.007773440191375158e+00
7.390221420382994566e+00 -1.444561747577912314e+01
-7.200547924009245371e+00 -9.144021892329860179e+00
4.019882823605917643e+00 -7.152091612116239006e+00
9.560026300155036738e-01 -1.208314451575198056e+01
5.655333584570255923e+00 -2.440120649192059332e+01
2.891530909971613106e+00 -2.220390061208398791e+01
-8.113682852224593844e+00 -1.274187576707837444e+01
-7.737478541099187979e+00 2.078632733130865162e+01
-1.145975414246116841e+01 1.171193768056482476e+01
6.690196954680517116e+00 -2.064164880266925550e+01
9.625730739630251165e+00 -1.007837804994678699e+01
-6.238156169648833682e+00 -1.916357530148999544e+01
6.867243645269654806e+00 -1.817225433903721665e+01
8.230869435669802670e+00 -1.711589299497608252e+01
-1.150043851868547584e+01 -1.582197111735990624e+01
1.002540464732641823e+01 4.981519254407959174e+00
-1.176070660127320799e+01 -1.478674952251683905e+01
6.642195099167062189e+00 -1.889817062512050683e+01
8.895660938361380943e+00 -1.683105594512118586e+01
-4.844930823460711800e+00 -1.760784758699983854e+01
-1.010359460176923641e+01 -1.191595650956284835e+01
9.967540077106436414e+00 -1.012288048975823251e+01
-3.171663846417263066e+00 -1.512963966078271305e+01
-9.035979663542832441e+00 7.829102685650669358e+00
1.481763904843992563e+00 -1.021188001148873248e+01
8.765950981500894912e+00 8.293607543450313813e+00
-7.262267149312421566e+00 2.117857134426318666e+01
7.854095492915005750e+00 -2.104200651776849895e+01
6.815514274320463528e+00 5.413588913961646654e+00
6.476760994640401448e-01 -1.126645444196427981e+01
-1.681967440507867195e+01 1.205958969522651358e+01
-4.795252722441047943e+00 -1.873778781871596877e+01
8.891537514332767955e+00 -3.629152944244304013e+00
-7.711102317072612289e-01 -2.442152552617100625e+01
-2.217780320410196904e+00 -2.092428090908358840e+01
-1.931184764720724090e+01 2.155059982848976219e+01
-1.293214382172484633e+01 -1.774516974349784348e+01
-5.878831495088753245e-01 -9.909503174098697187e+00
-4.885856458439393535e+00 -1.503415974680917166e+01
-8.960013454396336119e-01 -1.307510506001608697e+01
3.964282324715547201e+00 -1.851298629866189094e+00
-1.928434672218595480e+01 1.741530582749013689e+01
-1.027542241154597846e+01 -1.917780439349160915e+01
1.078076165754581695e+01 -1.690550853099604511e+00
-1.464519177919863857e+01 -1.588474662623080036e+01
-6.066664645342032536e+00 -1.809037376734006486e+01
2.687458250207639399e-01 -1.562426947585197112e+01
-3.815786333879537029e+00 -2.311835844638779491e+01
6.568909003520295720e+00 -1.696361264038691274e+01
-9.078981083256284279e+00 7.844164102422007012e+00
-9.478673225805664515e+00 -1.081526640620805146e+01
1.383096634542487458e+01 -1.944078622499753095e+01
-8.940194129721859007e-01 -1.626019070362212915e+01
-1.269901448578336023e+01 -1.142944598860933247e+01
-3.916647091098240718e+00 -6.921139282259743730e+00
-7.486133308064623293e+00 -1.936124499476652616e+01
-2.015433566722265724e+01 9.384271864097961213e+00
-5.141435239947760749e+00 -1.930569875864976481e+01
-1.463460708889406980e+01 9.443055897155316458e+00
-3.175978836311125431e+00 -1.869995410489294585e+01
-8.250939440635693956e+00 2.297766671547456951e+01
-8.268881338051597751e+00 -8.559778636295593657e+00
1.755275822141781683e+00 -2.195356657413812229e+01
-9.015570872556713411e+00 -1.514072206875991000e+01
4.808253646272994786e+00 -1.950136527434976230e+01
5.069073064467022327e-03 -1.005963164726182058e+01
1.340355924573833946e+01 -1.768670237680770896e+01
-1.348579236687123739e+01 -1.004430943940506893e+01
-8.164320384160095756e+00 -1.144498532988925099e+01
5.191907319693345180e+00 -1.164415692356391752e+01
-5.709410174239961222e+00 -6.527176364775489681e+00
8.590530707903129004e-01 -1.102177446644691905e+01
6.880020546619817878e+00 -1.809785201639928331e+01
9.586256398218717223e+00 -1.935948840971337859e+01
-4.839879561586021950e+00 -1.364500447781868608e+01
-9.636762921295613182e+00 -1.889423789249885743e+01
2.980030807058776876e+00 -1.914581808217576153e+01
-9.267533028038869247e+00 2.138099405808085862e+01
-6.467089536081581436e+00 -1.287135397521959312e+01
-6.034368166137801914e+00 -2.026953704274669121e+01
-9.836103151366586417e+00 -8.468576186640317971e+00
-2.133326380329735095e+00 -2.098267479334061747e+01
-6.978674098346736798e+00 -1.074104948790059311e+01
-1.207676843471984185e+01 -1.222068601452128078e+01
-9.001377363326632519e+00 -1.153975030459618800e+01
-1.646475092393818507e+00 -5.382880850990368948e+00
4.136559654605890479e+00 -9.444128879817293765e+00
-1.418588938221788887e+01 -1.715784059610376744e+01
-1.749438559197787058e+01 1.186104910322858608e+01
1.038414398867609911e+01 4.578191420965168845e+00
-7.648813788999194507e+00 2.093816298954860144e+01
-9.520769157700749830e+00 -6.348462370238821428e+00
-2.028765924539053689e+00 -9.385391143204854458e+00
1.044702946945787581e+01 -1.816496652438888049e+01
9.964471328851196574e+00 1.130036002654096983e+00
6.603089159210164816e+00 -2.049550184237852335e+01
-1.193446709975290432e+01 1.548192349275490898e+01
-1.191873131380129403e+00 -2.426563278690076686e+01
-1.374037509378470823e+01 1.488947290003515711e+01
-6.068305692676686292e+00 -1.290535482931415068e+01
6.948399964459104794e+00 4.422014541190799619e+00
-2.242942875198007613e+00 -1.293907582629152131e+01
-3.384067247034210801e+00 -1.721682207509172713e+01
-6.469328796850528640e-01 -2.041970354636332985e+01
-2.133426821190782974e+00 -2.843991278646138987e+00
-2.589217397710685820e-02 -2.190351992630345279e+01
-1.039240815847791932e+00 -1.902174133774726883e+01
-1.170277758081414099e+00 -1.703714572335723787e+01
-1.951415133277879743e+00 -9.366434694017756968e+00
-1.307063880212609552e+00 -1.124047275568930893e+01
1.006946070003270322e+01 -9.386396605973436280e+00
7.550700340399705723e+00 -1.823514351489148311e+01
-1.034734239139360135e+01 -1.110871320141567686e+01
-3.300338057540352921e+00 -1.269204845638760126e+01
-8.440127940563748155e+00 -1.014329151339681090e+01
1.634496939440474916e+00 -2.231995251386366519e+01
6.043067996063115288e+00 -1.902324134300285507e+01
-2.428072424697043985e+00 -1.226794567295656790e+01
-7.961310570090192051e+00 -1.637303046193666134e+01
7.561103714712128721e+00 -2.982852028384689991e+00
4.811538424377725498e+00 -1.370025008909371600e+01
-1.206152011989023976e+01 -1.716994116975657292e+01
-3.467940830834184585e+00 -1.987466910564051759e+01
7.378108435385480335e-02 -1.464666891635696544e+01
-1.401084892656986369e+01 -1.077489172739070433e+01
-6.460806309525407798e+00 -1.820828652818460824e+01
-1.337800998931651542e+01 -1.553298694142067227e+01
-4.304068583416063909e+00 -9.072903520437794356e+00
-1.098839400711200120e+00 -1.912505957850063609e+01
9.302479672269729605e+00 -8.633298521577962958e+00
2.861467119317993024e+00 1.510432477523121486e+00
-8.666678889676308728e+00 -9.629502787824289811e+00
1.031767780009564994e+01 -1.719959474337284178e+01
-7.275878022910198251e-01 -1.321310024157189211e+01
-1.151147481392128213e+01 -1.473548650611575539e+01
8.683620037386731383e+00 3.453443227238964575e+00
-1.312743556346791252e+01 -9.461206988525107775e+00
-3.010924436538715110e+00 -1.677763053717189479e+01
2.364206840428585821e+01 9.665433441414208460e-01
2.178277442454138324e+01 -1.278807394290175647e+00
2.546625674719671650e+01 5.139071227755467319e-01
2.333908234213266653e+01 -7.246884947961998336e+00
2.767648871764326302e+01 6.151926925883943742e-01
2.043974512774758168e+01 -2.132184773837009217e+00
2.680852593181178634e+01 -2.421905152447064502e+00
-1.248397030759815252e+01 9.096746560665344816e+00
1.921942946900685456e+01 -7.469095869302593727e+00
2.806879305326300411e+01 -4.449928358507530213e+00
1.895358258900814619e+01 6.051235990555209554e+00
-1.888930762826720766e+01 1.504499690929102940e+01
2.818331462005297894e+01 3.374945963108306302e+00
-1.119095436699675794e+01 1.711396835776380243e+01
-7.727384247434727627e+00 -2.638382290165927202e+01
2.714263121970450499e+01 -1.814956749732173247e+00
2.284575323878060971e+01 -5.896710487229416486e+00
2.008515010964969605e+01 -1.779278385250209205e+00
2.127738849225318774e+01 -3.482071256226544342e+00
2.689346289551166080e+01 -2.720050344947471554e+00
2.448327229894654522e+01 -3.396744708097656940e+00
1.965445218175512565e+01 -7.456814098778386857e+00
-1.232490923224478685e+01 9.931171132185395933e+00
1.794790335609798504e+01 -8.795887355982101141e+00
-1.342849679454119638e+01 -5.946979645203916975e-01
-1.322489326961790468e+01 1.270415237512230355e+01
1.997938325023138262e+01 -2.903970769841796695e+00
2.235988387776595943e+01 -4.774656025966202755e+00
2.367791691777938823e+01 -6.379886764687279666e+00
2.237860551531078812e+01 -2.442282363421317992e+00
2.454707637908526152e+01 -2.881070548865705128e+00
2.341043978791475055e+01 -2.608954912197906761e+00
2.610905356632475005e+01 -1.350040097402643857e+00
3.025780436794562434e+01 -2.939085316321405017e+00
1.845977076786406812e+01 -6.050540322261450221e+00
-1.342478231211085138e+01 -6.148932752706516291e-01
-1.214362931957014702e+01 1.263011762535210636e+01
-6.846928906672519410e+00 -2.651717788549524002e+01
2.564295986005331329e+01 -7.466346576092979248e+00
2.191849036959993668e+01 -2.818907432736800445e+00
-1.264083848266587751e+01 1.044707443312165296e+01
2.227403080225505505e+01 -1.130613122610578536e+01
2.550087716344194178e+01 -3.309485504457202687e+00
1.714770088526426406e+01 -3.247201064742590404e+00
2.805410736473332634e+01 -3.459785132284657116e+00
2.571149415727813548e+01 -1.103761912351863828e+00
2.385057749460263565e+01 -4.620768355787875592e+00
-3.969860365381694400e+00 1.003894350324191942e+00
-1.035219271149845000e+01 1.711885586119995750e+01
-1.878324311937798896e+01 1.404876255700791532e+01
2.967126732273823464e+01 -3.094289166537661284e+00
2.262866056462723208e+01 -2.539300120963199348e-01
2.050134651038937506e+01 -1.164303606682138614e+00
2.295300017212210975e+01 4.414765002861233967e-01
2.818181699367410431e+01 -2.251622249397015718e+00
2.440593910074827022e+01 -4.725774498218721753e+00
-1.826015841443119214e+01 1.056208054754874404e+01
2.667803026906236141e+01 1.517254443606904202e+00
2.336802242580829159e+01 9.446288159890210423e-01
2.666425201139927381e+01 1.892381074833910493e+00
2.158826855630271169e+01 -1.545584957246499913e+00
2.370623894617181904e+01 -5.941382414954375690e+00
2.755896128229377595e+01 -3.567744974061991758e+00
1.625990777076475169e+01 -7.784797702784038265e+00
1.669978003598676963e+01 2.348804815815242527e-03
-1.882831298692985200e+01 1.036873872127326912e+01
2.158450756158551087e+01 4.030968186005011944e+00
2.608691494115823417e+01 -4.694440610411163561e+00
-1.188573361588584021e+01 1.439820725802341173e+01
-1.333227018358644145e+01 -1.108637136356841024e+00
1.924988242644760206e+01 -2.901815468924882513e+00
1.584629045517214330e+01 -1.341483211560729194e-01
2.562619812254279594e+01 2.047389354416496055e+00
2.319669499244293220e+01 -2.084684068010457914e+00
2.426935397048469412e+01 -1.199245759393643557e-01
-1.225258527383101814e+01 1.677329621814659788e+01
2.470599651165922594e+01 -6.077889264515728307e+00
-1.170690876916131096e+01 6.161318661189617352e+00
2.504579886426989077e+01 4.106566123548037517e+00
2.356797119551307773e+01 -4.331754255428696965e+00
-6.877698194572496426e+00 1.200591232512303996e+01
1.686142173315045767e+01 -5.059912815744909587e+00
-1.482767300510537112e+01 8.781586757254149944e+00
2.350915089069908248e+01 4.260582115073106912e+00
2.898970287310057259e+01 -1.247878849900129872e+00
2.475894443961358604e+01 -5.287159227103057635e-01
-1.531331589997808429e+01 1.164181080224851428e+01
2.390266982687247221e+01 -8.620705588799832952e+00
-1.606268029696044053e+01 1.195824091937110722e+01
-1.839551294286600935e+01 1.051252590088615335e+01
-1.400846961832537119e+01 8.518913023147597130e+00
-1.554209723297972445e+01 1.176814662472606621e+01
2.205320777750414862e+01 -1.239138102133051200e+00
2.729570108956425400e+01 -1.505929323715325285e+00
-1.778224367070753331e+01 1.294288067479415716e+01
2.688057613860168971e+01 -7.273904346465134729e+00
1.887106001737652150e+01 1.487998036841504113e-01
2.297856457911071004e+01 -8.371847491250013817e+00
2.523244019111075431e+01 -2.769346005487796081e+00
3.013802804851078676e+01 -3.834787983182548210e+00
2.326012803829759790e+01 -4.759649754676235744e+00
3.020673154922170411e+01 -4.355949139481229970e+00
2.337355116976693736e+01 3.472943920415548558e+00
1.805282486424285437e+01 -3.188941336257229864e+00
2.172512529169560480e+01 -5.478136894153272429e+00
2.780279525557877918e+01 1.633029227991391386e+00
2.479663104198875700e+01 -2.939495310845743781e+00
2.476115744647826133e+01 -5.227950892188448329e+00
2.227548103644324939e+01 9.193590977074080905e-01
3.016944870262594947e+01 -4.400453297720318346e+00
1.618192715269466930e+01 4.514990666027468791e+00
1.667286958284845966e+01 -5.255385494273281388e+00
1.998713036730711679e+01 -5.655214727814948716e+00
2.371026576615771120e+01 -9.072681765427917711e+00
2.828509309927234838e+01 3.361497845277435559e+00
2.775035805351589957e+01 -2.715738815850249122e+00
2.717724043754059693e+01 -2.803964346578963429e+00
2.678236512855238871e+01 1.411168980581839261e+00
2.468914924064221594e+01 -1.727064078734687813e+00
1.850226434979600398e+01 -1.597752509593515891e+00
2.698239445049333796e+01 2.514037430591184563e+00
-1.225564362410666064e+01 1.799594920309661816e+01
2.176713335049377207e+01 2.260507475279527778e+00
2.345458481144835616e+01 4.152435509588260132e+00
1.633002904300620628e+01 -3.576279295363285371e+00
-1.426835141365538107e+01 1.412956260933468400e+01
2.824235486299999565e+01 -4.133534842774646556e+00
2.776650203301600683e+01 3.274498020068427273e+00
1.636346241920925237e+01 -3.361426832266204201e+00
1.925551795858753579e+01 -2.087742536609185073e+00
2.848887560730799606e+01 6.479365221076863746e-01
-1.426059494669881644e+01 9.573217832260642268e+00
1.986874866785064597e+01 -8.322997298123687715e-01
-1.197470183883224770e+01 1.027736565573601801e+01
3.061043328352316628e+00 1.620746456414456693e+00
2.507798010862590843e+01 -7.984301761228168814e+00
-1.183316056309486619e+01 1.724451896772223947e+01
2.785225761252752363e+01 -5.537599926441241216e+00
2.354698219355818978e+01 3.337379121531376391e-01
3.051094946218772463e+01 -4.568388859933150137e+00
2.655858053288178056e+01 3.403964531875861788e+00
-9.569312800472225433e+00 1.827331754069113501e+01
2.767691808439304424e+01 -1.347641848211505566e+00
1.560104765966306672e+01 -2.105098939020338733e+00
1.862545647293447360e+01 -4.553576154359952000e+00
2.967390561448643993e+01 -6.234386465012498491e+00
1.738705121741488924e+01 -3.938138298490328371e+00
2.560724621700361681e+01 -1.983889684791208863e+00
2.618524366441915774e+01 -1.165849586628910028e+00
2.243686273523254826e+01 -6.538977354200930847e+00
-1.184196298363439226e+01 1.793280077351995061e+01
2.388337277788369306e+01 -6.153956960115575470e+00
2.501097774788983230e+01 -6.786777042676686911e+00
1.980388818993800015e+01 -4.104920817883862760e+00
2.197464107806566602e+01 2.097244245254290096e+00
2.151936988429996234e+01 4.131934930493868841e+00
2.735368937699745828e+01 -5.122809452153338050e+00
2.432404512861997148e+01 -7.964276641705647641e+00
1.621135532405780566e+01 -9.890819957357679382e-01
2.139636672950328133e+01 1.529144275189502578e+00
2.533085703188034898e+01 7.046106402170104310e+00
2.216685790798861433e+01 -7.944261386009095816e+00
2.490698643234397380e+01 8.996305504913172379e-01
2.871561565609466626e+01 1.549154463063390774e-01
2.928789952736030600e+01 -2.132643661779198840e+00
2.161494748201934613e+01 2.180359738834909855e+00
2.229070781796055911e+01 -1.131863340831517917e+01
1.850488169365321411e+01 -3.933571849394512654e+00
2.667589653429954666e+01 -4.108458806178296285e+00
-1.404172176011153717e+01 1.060979967658641776e+01
2.861842770712570072e+01 -3.049528425733476933e+00
2.443105391049330777e+01 -9.420472780516218947e+00
2.319173461824962956e+01 -6.283844606334021421e+00
-1.838633285575852838e+01 1.244753255196185471e+01
2.695282982575124464e+01 -5.359951401002005511e+00
1.878004821984123751e+01 -9.782517649022240969e-01
2.640168571733442704e+01 -2.392926922697184988e+00
1.768340061737417201e+01 -7.692759558684313381e-01
-1.006732124287619712e+01 1.760685358237986620e+01
2.488462260427303363e+01 4.634340819121442578e+00
4.151447102536058864e+00 -2.759660854339034231e+01
1.626312290320131027e+01 -7.836117898285344552e+00
2.306948724817439356e+01 2.488815399190409394e+00
1.618079987373699424e+01 4.532026299801359848e+00
2.496488093980180878e+01 -9.534442625385384673e+00
2.406109790465161424e+01 -4.261368303548689340e+00
2.510232913316331960e+01 -8.084677324101491536e+00
-1.037073848158407152e+01 1.314352992473196302e+01
2.362090520648501979e+01 -1.595028556654607188e+00
1.553763416101559791e+01 2.172505323988652481e+00
2.098925806788870929e+01 -6.937195425630060086e+00
2.437040743754176830e+01 -4.433332877733366040e+00
-1.769894301804821879e+01 1.527935151528333435e+01
-4.100405181534840793e+00 1.083102145688922963e-01
2.429823784153440869e+01 -7.206350768704597343e+00
2.529717931481010851e+01 -6.053698332187360087e+00
2.741696137877532280e+01 -1.675292786091759245e+00
2.232747258264316059e+01 -7.759624703131708934e+00
2.353815919240279442e+01 2.108414407905227161e+00
1.710587871780755265e+01 -8.035592949868152202e-01
2.489071980010404062e+01 2.179819612632095893e+00
2.001278971200928325e+01 -2.907828378760871857e+00
-1.443538534316430777e+01 1.027086770569636620e+01
-9.827334627314776583e+00 1.804494683642478492e+01
2.725440068463488075e+01 -5.556594310913937740e+00
1.894973079117139392e+01 6.045897274620010364e+00
2.625074533923021392e+01 1.050670844242412638e+00
2.661673532607301240e+01 5.699224612268879997e-02
-1.862768791242929112e+01 1.273347708161396064e+01
1.596191716999226529e+01 -7.764153970139165972e-01
2.384999603948315183e+01 -2.049421579564512097e+00
1.836295270423827120e+01 -3.001552765546342538e-01
-1.636828884605366241e+01 1.274762908115281768e+01
-1.202866857074620377e+01 1.200762908337019397e+01
1.764753933164524113e+01 -2.870826394781464508e+00
1.778570089221124562e+01 1.502989865448963513e+00
2.581854884702173081e+01 -8.662438921453567531e+00
2.881185350706836346e+01 -7.234680963169628498e+00
2.514732400154040803e+01 -1.855384586481066300e+00
1.556913611519533447e+01 2.126807141082890595e+00
2.557817207558948880e+01 -3.957776355334804652e+00
2.507377731665735610e+01 -7.047567013003616765e+00
2.765314845591576542e+01 -4.018401086236578212e-01
2.825962916494550470e+01 1.630969156941721065e+00
2.392896785303915053e+01 -8.433311171431828512e+00
1.795301530039809279e+01 -9.740166211306821031e-01
2.353848258851494890e+01 -9.270199810432465881e+00
-7.786831139544347913e+00 -2.637483016375579226e+01
2.879900623737967535e+01 -7.044142377924385912e+00
2.403855512580312848e+01 1.072405882203542493e+00
2.785321760696017535e+01 -2.079719125941413616e+00
2.440197438000933872e+01 -4.890217540063745538e+00
2.719394079776495587e+01 -4.444570489446039829e+00
2.136527482355728580e+01 2.952741124601168110e+00
4.153312701061165235e+00 -2.759410269064608556e+01
2.464697368822463375e+01 -1.990425296244040076e+00
2.032281064807749615e+01 -4.235732670656120469e+00
-1.102537983412890910e+01 1.707042087133760688e+01
1.796230908192140063e+01 -8.797189338017039617e+00
2.131014529366910537e+01 -9.231948856193689101e-02
2.153350934999143718e+01 -6.258760559988979288e+00
2.720715179006447215e+01 -8.560250378355101830e+00
2.434030728444664149e+01 -2.034994687107869460e+00
-1.404710470682638324e+01 9.391521839543637284e+00
-1.229212255744857352e+01 1.664289040067600922e+01
2.579868980451025529e+00 1.375026295220254990e+00
2.587788126217562379e+01 -5.792641902400154308e+00
1.895885401097620004e+01 -3.000338990255797533e+00
2.527455981768883220e+01 1.708840782026926242e+00
2.540537831636118327e+01 4.393135383357715362e+00
2.237043517780578838e+01 -3.985542988323722557e+00
1.737938561951376570e+01 -3.734662462918091563e+00
3.018713889857235699e+01 -3.510935974179482777e+00
-6.870968474038351204e+00 -2.651393603232047624e+01
2.225786963754326919e+01 2.834276907036588078e-01
2.518355174691254916e+01 4.153016484162455946e+00
-1.031316053291290302e+01 1.655116023239005330e+01
2.533922465688289805e+01 7.038927490731336611e+00
1.899260761121523089e+01 -5.375922217325215247e-01
1.842082299259370970e+01 -5.658737063680896462e-01
1.720892546458055961e+01 -2.446892276982396641e+00
2.707822113352260729e+01 -3.449442355151067119e+00
1.856789492080138970e+01 -3.660510142621005159e+00
2.741853726295820337e+01 -4.389249334034839301e+00
2.819282989289098396e+01 -5.119214777705149988e-01
2.751422558834408250e+01 -5.211351826768127360e+00
-1.345409887275485694e+01 8.366776822708805739e+00
1.748573474140742690e+01 5.620982118194479682e-01
2.632591232152925187e+01 4.492705298268945824e-01
2.237596051303678735e+01 9.507058328202939723e-01
2.375282707230944013e+01 -3.714503255565841044e+00
2.980347092798391628e+01 -6.218145700769506234e+00
-1.376909608153033027e+01 1.505921967303155462e+01
2.032221745475298746e+01 1.834606636392730472e-01
2.714278797679530086e+01 2.778274013781806051e+00
2.568729155726293811e+01 2.321642061839694904e+00
