-1.693052424352072549e+01 -1.735770661852928853e+01
1.116472531313811745e+00 -2.351317135995132901e+01
-1.759532653021995907e+00 -2.415838235266276968e+01
-4.450183799003255558e+00 -2.159933388441699265e+01
-1.429585005109354334e+01 -7.999248030045598590e+00
-1.612981981979411827e+01 -8.140178656345071317e+00
-7.393563307695488973e+00 -1.537731075264647806e+01
-9.810967055560276151e+00 -1.487996398381614327e+01
-4.137449672897070552e-01 -1.469296235590279842e+01
-4.916541848623430688e+00 -2.278822454398722641e+01
-6.612761668770405166e+00 -1.830843744513372329e+01
-1.999034726783661142e+01 -1.502708201079274275e+01
-1.113047765427027969e+01 -1.013535501738372702e+01
-1.309717393334397784e+01 -1.340575002978571106e+01
-1.509068220249362469e+01 -2.069178743676286203e+01
-1.548481184127734345e+01 -7.338208120832902637e+00
-1.910612039560928288e+00 -2.236335790916741217e+01
-9.932261830920491974e+00 -2.396560011686214864e+01
-1.684629285377915409e+01 -1.648154294730415614e+01
-1.383687313968222021e+01 -1.407094159707861358e+01
-1.651495533265135762e+01 -1.911458785738588873e+01
-1.771717969684835481e+01 -1.176122621372989485e+01
1.491321434552791203e+00 -2.025358572378473454e+01
-1.588024629084945261e+01 -1.766391320687802846e+01
-1.517535703099220967e+01 -1.764834828943484268e+01
-2.249549152043119449e+00 -1.732938713535602204e+01
-4.804789546578304149e-01 -1.820110047747752446e+01
-5.305062629135246510e-01 -1.816886451010072179e+01
-1.722774210850598209e+01 -1.908033085756682468e+01
-2.266566851460090959e+00 -1.199428558553913327e+01
-1.033545383408867835e+01 -2.211044891839644677e+01
-4.825461768896909476e+00 -2.559225362017302174e+01
-1.491528187525338467e+01 -1.855393727060774012e+01
-1.358767839210639483e+00 -2.543512285484711910e+01
-6.175723151090404706e+00 -1.250063427264880467e+01
-6.467806888281290689e+00 -2.011988806328923118e+01
-9.803592690392324727e+00 -1.489505388588170476e+01
-2.175574559264211949e+00 -2.525009985244820498e+01
-3.417025871714358232e+00 -2.333925120273177001e+01
9.768795193543985400e-01 -2.221317966487522000e+01
-6.720646193389583356e-01 -1.212621859613560815e+01
-3.617366524236567682e-03 -1.631032093718755860e+01
-1.225062294911075078e+01 -1.836452257761926887e+01
-3.698451629428571419e+00 -2.019357446583607540e+01
-1.404089272838479729e+01 -1.257058064171463840e+01
-9.812034599471960661e+00 -1.488789634011167529e+01
-8.124804054608361525e+00 6.461377260052663551e+00
-1.069013977316858011e+01 -9.541395762251369206e+00
7.678459590550984482e-01 -1.373252568217347402e+01
-1.453506600976047913e+01 -1.036757996546112182e+01
-6.030559821534493103e+00 -1.214527495683110025e+01
-3.626393220145910590e+00 -2.410486757325297091e+01
-1.825500679929618641e+01 -1.506769411908724798e+01
-1.493808829106975189e+01 -1.556454912696239568e+01
-1.923400710691759485e+01 -1.830245654614073558e+01
-9.289225091055204331e+00 -2.397956518162165551e+01
-8.477913240869092704e+00 -2.399435774463767856e+01
1.943018360484605189e+00 -1.414401543683090345e+01
-6.466126392264796019e-01 -1.550904193050503466e+01
-1.173526241049905394e+01 -1.156077156944266093e+01
-1.724356852195149781e+00 -2.244972094813330799e+01
-8.627936876492111606e-01 -1.587620117634956785e+01
1.592873878562620193e+00 -1.473564472185849539e+01
-6.393116505849500086e+00 -1.219064918076265158e+01
-1.598042812844807870e+01 -1.505237121174942772e+01
-1.677243243562322661e+01 -6.223996378730138446e+00
-1.523273331708775125e+01 -7.373583444319073976e+00
-1.872738360123695855e+01 -8.139938216604964083e+00
-2.116090636852208107e+00 -2.255947352480860246e+01
-5.177011182495810715e+00 -2.307211638184763203e+01
-4.032340948569726358e+00 -2.051717927104916583e+01
-1.190151174334966200e+00 -2.615337295130644080e+01
-8.124428037242209300e+00 6.461559537520570551e+00
-4.409298007623265292e+00 -2.506326256602089941e+01
-8.036865980158347966e+00 -1.794772377758752313e+01
-1.370875304167317488e+01 -9.488970468702879302e+00
-1.513021750001367671e+01 -1.695300105244821509e+01
-1.478704862148689791e+01 -1.953473746535140876e+01
-1.258568638079509405e+01 -1.263901612987568335e+01
1.725604374821103626e+00 -1.203268509046144175e+01
3.824043205094981301e-01 -2.281972162158878348e+01
-2.366412066231742273e+00 -2.446870944162510142e+01
-1.755811055458848102e+01 -2.009209913382174761e+01
-1.429588352830782405e+01 -1.635240052937608368e+01
-1.685476535821216260e+01 -7.726123393710445875e+00
-1.333874259621912195e+00 -2.245094089056856745e+01
4.660660744548101864e-01 -1.309550195928257565e+01
-1.661136285110941202e+01 -1.668197788329029052e+01
-2.024255323434158882e+01 -1.472863213992893172e+01
-1.751060603703183460e+01 -1.071361280649951020e+01
-7.043161555981870769e+00 -2.099407282324388646e+01
-1.446041635700361372e+00 -1.580126810169088181e+01
-1.079965235564360349e+01 -1.050595889878284339e+01
1.813114102459360666e+00 -2.311570761762254378e+01
-1.033308782306254336e+01 -2.198675284106895589e+01
-1.942820818949565620e+01 -1.603286016677527215e+01
-1.290427647750713191e+01 -6.338202709265827295e+00
2.075758748988185243e+00 -1.518218437327341697e+01
-1.905192159063112811e+01 -1.153672939900573269e+01
-1.206971911678528109e+01 -1.027122088077201845e+01
-1.342081969061791469e+01 -1.994726651171694343e+01
-1.366048071752103255e+01 -1.680178047896952265e+01
-1.691734122629049963e+01 -1.159458015980727907e+01
-5.616377323632937291e+00 -2.538515233224828194e+01
-1.300621095974519292e+01 -1.975138636588802044e+01
2.224190220819048491e+00 -1.565832128622614405e+01
2.235680316893151165e+00 -1.353911009046774971e+01
1.871382024907996877e+00 -1.466522440375524816e+01
-1.925681343485885577e+01 -1.625802568111354773e+01
-1.245230088954689585e+01 -9.445149367929031925e+00
-1.423223389695176522e+01 -1.461745703224566029e+01
-8.123574409608480096e+00 6.460378984860066787e+00
5.488484305079339709e-01 -2.227074076312921846e+01
-5.703521406669031180e+00 -1.241676944136458083e+01
-1.587444983187275049e+01 -1.384221347251289558e+01
-5.910226053896895593e+00 -2.397492104997318663e+01
-1.270702754008512514e+01 -1.232175373566696486e+01
-1.801084613095658327e+01 -1.694395294375816263e+01
-8.723705902269600188e+00 -2.388461023547911211e+01
-1.863623826224408120e+01 -1.387290860055808572e+01
-1.067482774261367950e+00 -1.685198969261277213e+01
-2.618369736603747722e+00 -1.766826927160542127e+01
-1.828420683570399774e+01 -1.982598426645316891e+01
-2.989892642818546609e+00 -2.070501476433040366e+01
-1.413431206247762617e+01 -2.092433842408516753e+01
1.673741160924082871e+00 -2.295913774394322004e+01
-1.888146076940246232e+01 -1.025991999191107240e+01
-1.240906831661032150e+01 -1.848650631947988998e+01
-3.256078136511383114e+00 -2.122152303169751164e+01
-1.764076344363986948e+01 -1.824763574817007239e+01
-1.630907537598578827e+01 -1.102174005971578730e+01
-1.435483405644439436e+01 -2.064297852572412140e+01
-1.776340096326224938e+01 -1.405412835238780289e+01
-1.641967396256261225e+01 -1.068172330355474742e+01
-5.476876856148403583e+00 -2.062608052220418386e+01
-1.724665846906448863e+01 -1.811680730453759836e+01
-1.357291620694410383e+01 -2.061393865253225499e+01
-1.051433643778359084e+01 -2.175568440511473156e+01
1.079275991494599296e+00 -1.307527614030041363e+01
-1.748705749682234867e+01 -9.443333191797599113e+00
-1.785373129177771645e+01 -1.655709069824844804e+01
-4.597113387047263799e+00 -2.044317555497540795e+01
-1.403951109708086697e+01 -8.888304795447286466e+00
-3.073833481940966728e+00 -1.541679778800048162e+01
-1.657015535248506310e+01 -7.359632304084435361e+00
-1.670460905756712222e+01 -9.763317898484920931e+00
1.958287994971464885e+00 -1.400054605607170366e+01
-1.363604876065951466e+01 -1.038268289222419050e+01
-6.466756949296831536e+00 -1.554423669833941446e+01
-1.329440707524045528e+01 -1.349031611923929219e+01
-1.546794283075079157e+01 -1.051036068195065809e+01
-1.346745513219684165e+00 -1.623197259457935715e+01
-1.316867563944219377e+01 -1.533679015538194257e+01
-5.099227920358768706e+00 -2.143185664793396583e+01
-9.774661768922698890e-01 -2.128662596568890919e+01
-1.447044926224236328e+01 -6.216143933666037569e+00
-1.386922988337276763e+01 -1.902333438385787900e+01
2.342741522402289611e+00 -1.382415937050150845e+01
-1.654460565540975381e+01 -6.464571048618101834e+00
-1.420894189344280356e+01 -1.656744730565525003e+01
-6.560784362537466663e+00 -1.868844382041958241e+01
-1.900764131829798487e+01 -1.703154745522849467e+01
-1.464684067959383995e+01 -1.232523695126048047e+01
6.670982618610623582e-01 -1.635154882373249308e+01
-2.033081522885070491e+00 -1.829618222228362612e+01
-6.068853197351877782e+00 -2.218544295125146348e+01
-3.304420190205190178e+00 -2.271029901094643222e+01
-1.391991370866274735e+01 -1.034976266713138493e+01
-1.953301389834965462e+01 -1.699459025024833636e+01
-1.493766298066162257e+01 -1.542888934861160877e+01
-1.420985751423058296e+01 -8.403096281434393688e+00
-1.289332879924698894e+01 -7.406051179767425552e+00
-1.355947011681073455e+01 -9.265998625404494149e+00
-1.926556840679680693e+00 -2.419611169527475170e+01
-1.665448262019070569e+01 -7.464753761380450214e+00
-1.441346341350095095e+01 -7.405266554095712550e+00
-1.257425846085314713e+00 -1.828586808279667153e+01
6.030428286227037527e-01 -2.222868302494028825e+01
-9.515581828472734482e-01 -2.093113138886649693e+01
-5.705660191414148485e+00 -1.180122723256152106e+01
1.126858617199407497e+00 -1.522235560758353223e+01
-1.787770182335999891e+01 -1.479453340085310664e+01
-1.683980526839996017e+01 -2.069534722053807130e+01
-5.029419441970569338e+00 -1.928327421442229195e+01
-4.107300341107478658e+00 -1.188194066692482664e+01
-1.094349978764284259e+01 -1.014524060267912908e+01
-1.639956970089651378e+01 -1.890578142495346725e+01
-1.417375329193873768e+01 -1.419950759536531848e+01
-1.616228632282434319e+01 -8.856575720144476804e+00
-6.472791864809790852e+00 -1.832898810382130605e+01
-1.815763281045132871e+01 -1.980011743493480481e+01
1.899137819326920606e+00 -1.296756011174796264e+01
2.295325759147996525e+00 -2.436934613854823084e+01
-1.517004948650856555e+01 -9.789729329563288118e+00
-1.734917632335959414e+00 -2.387636445918006345e+01
-2.455561079277700509e-01 -1.556835999463397968e+01
-9.630090720989901598e+00 -2.009500802652862106e+01
-9.823505163002046459e+00 -1.489280795574890703e+01
-8.123546015956128130e+00 6.462818029225390504e+00
8.351883314948771453e-02 -1.366045015446297128e+01
-8.158012926434356160e+00 -2.417765002937701979e+01
-1.523935877737009470e+01 -1.145770841250445571e+01
-1.407790637802042255e+01 -1.328338097140409424e+01
1.058542488431152506e+00 -2.333641986559230830e+01
-1.633456938808975778e+01 -1.659153288274256965e+01
-1.401889502701206958e+01 -1.818511598914701466e+01
7.220003666746566129e-01 -2.352876204030097540e+01
-1.809525118235281482e+01 -1.755332682831276614e+01
-5.419876934059972839e+00 -1.924842312087757534e+01
-4.927026894592162698e+00 -1.273621644289616306e+01
2.323493378349960281e+00 -2.441213000039720527e+01
-9.512585983714762605e+00 -2.218012889919508623e+01
-1.184238226753573997e+01 -1.258616585892252537e+01
-1.864122643246248145e+01 -1.184997778912199706e+01
-1.601828002203971479e+01 -1.525106498465851246e+01
-1.866302822527858751e+01 -1.918158859338894473e+01
-6.194650623431190439e+00 -1.170635443415680754e+01
-2.453271627182564973e+00 -2.339372925666165415e+01
-4.138140503509598389e+00 -1.969378669393222481e+01
-1.439429290328468802e+01 -1.472696498771815854e+01
-1.389515537056511185e+01 -6.224828840747429481e+00
-6.821329999299059033e+00 -2.123523357149024093e+01
-1.334052635387933172e+01 -6.566256724689412572e+00
-2.846272506917145506e+00 -2.164904275083090468e+01
-1.630445231150358154e+01 -1.866630683435654348e+01
-3.211239186949268021e+00 -1.535253330488149182e+01
-7.048640944569501521e+00 -1.379235896468821920e+01
2.669495388265703095e+00 -1.360810789590717285e+01
1.587074317980170735e+00 -1.386436087961006081e+01
-1.652623948445040680e+00 -2.047328738978606211e+01
-1.395596688017611342e+01 -7.941160762133571360e+00
-1.422976320531633299e+01 -1.515208682319374134e+01
-6.680863700601680222e-02 -1.713715529492958112e+01
-1.381777204209094023e+01 -1.870514439432681542e+01
-1.299753455428114535e+01 -1.602338034937049471e+01
-2.200685061892921901e+00 -2.460486096900142527e+01
-1.223568921753662408e+01 -2.140795697725867441e+01
-4.719441222891186172e+00 -1.202919631536634704e+01
-4.886234179312929804e+00 -2.534923887271767384e+01
-3.870618604593070611e+00 -2.436232797531034322e+01
-2.152880192591452690e+00 -1.204295643816822725e+01
-5.795462136692041355e+00 -1.422545508068764519e+01
-3.890969302323836754e+00 -2.470783773702072494e+01
-1.568874558090049476e+01 -2.097247533069456082e+01
1.294729001582376604e+01 2.358507163014434838e+01
1.929729304830784997e+01 1.166190903012763691e+01
5.079418952696115319e+00 2.799442146472882698e+01
1.271408166707202803e+01 2.811800568497668706e+01
1.616182288666097921e+00 1.865025781940421368e+01
1.890190348152721711e+01 3.316551365004933416e+00
7.026854107359417512e+00 2.018196154033102818e+00
1.033773144088221052e+01 2.062686896594183494e+01
2.029274389482020879e+01 5.929073396043647470e+00
1.002918225189388401e+01 1.101027393851837033e+01
1.388569376555589585e+01 2.528773133903229819e+01
3.495805648747073668e+00 6.215225648257317381e+00
1.915384921988611566e+01 -5.321608121316080187e+00
1.002958222334669003e+01 1.658039240297273764e+01
8.332018044976360116e+00 2.683873202409613512e+01
1.199000454183916631e+01 2.468243360355339533e+01
1.331040758213218655e+00 2.297079846304471040e+00
1.988493845294605578e+01 6.352324310188401491e+00
-2.230639287269840842e+00 -3.355230221831095871e+00
5.439056433833138193e+00 1.907192960866149178e+01
5.966330834995665633e+00 2.498326782227768916e+01
5.336693255396424362e+00 -5.757693904658265360e+00
1.179701714225899956e+01 1.553956282157724900e+01
-8.950623459242852409e-01 -4.539998627456568236e+00
6.101243206441564482e+00 2.661062622792631949e+00
6.079675272711660305e+00 2.750179636764851665e+01
2.168498270486416502e+01 2.790067142739011352e+00
4.650545941935589234e+00 2.365849581033882743e+01
8.558780630223658648e+00 1.082668269850172216e+01
9.066667617600064233e+00 2.776114052458846970e+01
9.794746494733502118e+00 -6.288381463253255310e-01
3.358405307327171130e+00 4.953097602851591397e+00
4.439758622530017185e+00 2.358763462780343900e+01
1.187541718664335555e+01 2.595004503307150756e+01
5.515877650589205317e+00 1.229649543977682447e+00
7.444695556764543198e+00 2.411886742358686320e+01
1.309601813491578426e+01 1.857752564053211586e+01
4.538220734743553031e+00 2.970298235469012482e+01
-4.551009865221143258e+00 4.785038832748035098e+00
1.473668165786581774e+01 4.396831471009545744e+00
-4.898722189451785725e-01 -7.251366603519749710e+00
-3.535113907838695280e+00 1.848176628964131751e+01
-2.834800212130240027e+00 -1.760730876848903614e+00
6.008314376761372699e+00 -3.892242389958088911e+00
5.737348810279679689e+00 7.997118274785452563e+00
2.079145575225513021e+00 5.332044661867488961e-02
-3.310552910219584644e-01 2.131255398111728994e+01
3.482077767599640161e+00 2.422156796279794833e+01
1.632398948077930179e+00 -6.712271696350881278e+00
6.461288924240906617e+00 1.376049362093684181e+01
1.205379216966628420e+01 1.415921230858863211e+01
1.808201646559716735e+01 1.210594349469598718e+01
1.517451286365673546e+01 -2.630427985297324689e+00
2.199836646736549994e+01 2.627042131369647038e+00
6.776410755130929608e+00 1.916228525717342812e-01
-1.961197192631050967e+00 1.334334497306504730e+01
2.531214109447316396e+00 -4.928647005151306715e+00
-3.078348767397763197e+00 7.835445454175589131e-01
-2.066235923273847863e+00 6.036864308952973879e+00
1.055983666867588866e+01 -9.047587656757611896e-01
1.150957488744403534e+01 1.775630830466244925e+00
2.025911275656430988e+01 4.537290904788480184e+00
9.544558097491854909e+00 -3.894408382676710190e+00
-9.413244813981374026e-01 -7.314863945580773574e+00
4.898873524871604879e+00 1.805385429532406505e+01
1.382854990411758633e+00 1.598876158304714634e+00
3.238547936199745347e+00 2.105835836185081789e+01
7.657127284818233903e+00 2.584539392576770922e+01
1.955252201721069127e+01 -5.229635601548100254e+00
2.895267854958796239e-01 3.184104514783466122e+00
1.543623217030184414e+01 1.974307645688603685e+01
4.710132541963257147e+00 2.918116003865232599e+01
4.298517082958311697e+00 -3.424094931073170311e+00
1.165380154276716951e+01 -7.363945305412362696e-01
8.388400652598591023e+00 2.839527712916721214e+01
5.980097908295076259e+00 1.011715338133789466e+01
-3.024123742983410024e-01 1.525172524725387113e+01
1.524838243659073989e+01 2.376245529158792635e+01
3.521885457449883905e+00 1.871932733752313993e+01
2.083044929513582133e+01 4.039898147520117000e+00
2.180102633013021762e+00 -3.219754634710605967e-02
7.248155223450300610e+00 2.798374880339279969e+01
-1.383579305626909672e+00 2.564058924482108259e-01
9.753272088217473268e+00 -3.883070100288046778e+00
8.730854206919705263e+00 -3.862318755417384342e+00
8.917394980292209894e+00 2.383100366860295338e+01
1.113031778049087350e+01 2.671537704554405934e+01
7.032061449720071522e+00 -3.791036098852123004e+00
-3.561870947902389783e+00 4.577059250766509102e+00
1.275270051319293074e+01 2.417232645423979420e+01
2.990613583918239282e+00 -6.999151864326893069e+00
1.977586299866387165e+01 4.330587795516997462e-01
-3.141013878345784605e+00 3.777156219373191348e+00
4.401682831382382588e+00 2.046601587332258632e+01
1.171777175878703403e+01 7.889563253293141010e+00
2.335114758010509828e+00 -6.895762166355134504e+00
1.091839549056427394e+01 1.999226436360810055e+01
9.558819193337221520e+00 -7.451157422733120761e+00
2.921600020525462860e+00 -5.389123972814740426e+00
9.333552139749983212e+00 2.520613067883740044e+01
1.173522369218238737e+01 7.838783900271258709e+00
8.196191637345457082e+00 9.222079858708067235e+00
-4.659832013934339656e+00 -3.804980030456929452e+00
2.071295250866446835e+01 4.157928418053796094e+00
1.912823906578712396e+01 3.128168915069257316e+00
6.113370037706051363e+00 2.104592075586882771e+01
1.324071608689191315e+01 2.015484475768779760e+01
7.928397253408632217e-01 2.138051342616629569e+01
9.848183712561951353e+00 1.995577366270790520e+00
7.595303994842470985e+00 -8.443864396623964597e-01
6.254427251869317139e+00 1.906675441886578426e+01
3.429973857478267441e+00 -8.549025663646139250e-01
2.817340657796690184e+00 2.317835902053089114e+01
9.078538988862225878e+00 7.944793926962758768e+00
6.161058523978146795e+00 2.525014892199973104e+01
2.047877183356646924e+01 3.585177712609642242e+00
-3.107025660091740527e+00 4.557376413374198965e-01
1.017072237210945307e+00 -4.244781023713235513e+00
4.034239406781472859e+00 -7.897704053767944821e+00
9.695874766059862537e+00 2.654187479337419120e+01
1.261550286133626564e+01 1.364315073506942966e+01
-3.283438682837994005e+00 8.219940769903253397e+00
-1.272174910236059997e+00 -7.316522314613768785e+00
-1.750760918046149861e+00 -4.053464419205973002e+00
8.740868709453261332e+00 -2.306509098088832310e+00
1.457395360685496222e+01 6.042724510688801232e+00
6.244956018918021101e+00 1.451255884191043144e+01
3.360201407499353810e+00 2.668249249964826575e+01
1.021233675534363350e+01 2.993255459394081797e+01
9.698303726204494879e+00 1.522985937977560766e+01
-5.360866087309200445e+00 -4.179859707732453966e-01
7.420118081138640243e+00 2.113563516970710054e+01
9.310850543207923380e+00 -7.039455693109529788e-01
4.203280003471581594e+00 -4.326626775079009946e+00
1.808359319384921449e+01 1.209464249133619340e+01
4.122485860290479032e+00 2.044092871221353747e+01
2.159029249949627527e+00 -1.476562700290973584e+00
1.688981537701580660e+00 2.723622743229703147e+01
3.384475262667600681e+00 -5.858470133766811472e+00
-5.850173866722181426e-01 -4.305797058392343502e+00
5.596583894949876736e+00 2.266340598892374913e+01
1.122798634541231966e+00 1.345815062607442236e+01
-2.605881063040788037e-01 2.976737408732542889e+01
-1.259011993753640146e+00 -1.826852083995875509e+00
1.172088374586538073e+01 -4.265226766180265194e+00
-1.637177053833400953e+00 -4.426480867247702733e+00
1.364364301995637518e+01 1.668365468426938003e+00
-2.437901637928741039e+00 3.848303736993915702e+00
8.620125304808460953e+00 -5.967347880285038819e+00
1.893877689987316160e+01 4.244652226177201837e-01
9.473003058020916356e+00 2.416749015061786565e+01
1.186958142942165040e+01 -1.677417705737414666e+00
-4.483045185427283919e+00 -2.045176570548744355e+00
6.665884744963787689e+00 -1.981335269765126084e+00
1.002964110897021754e+01 -1.520044270447691304e-01
6.343266656670689230e+00 6.045876801042247450e+00
1.702739346287028610e+00 -1.812990499145359147e+00
1.447094378426631422e+01 8.818304948056324477e+00
-5.316415807284908368e+00 -2.897919258653617880e-01
1.071463502862937345e+00 -1.272558586917890366e+00
6.447888782153111897e+00 -4.848452172416528150e+00
1.137108502170770974e+00 1.347066320073758305e+01
1.361025397444822183e+01 3.443940341000914174e+00
8.240926128258251993e+00 1.528507284802804511e+00
1.834637627145809247e-01 -2.532997939490224670e+00
-1.352874322473522906e+00 2.116683920070625291e+01
1.593002949662543521e+00 2.757522368358238651e+01
1.517688605283531622e+01 -2.636632488476354563e+00
5.472585643512204889e+00 -1.692691195619629996e+00
-3.232414528086164918e+00 7.971298735470688790e+00
9.465049990686910775e+00 1.226305609334312408e+01
1.015086489489662069e+00 2.884106753074260965e+01
5.235410537090979588e+00 1.892338715901746937e+01
6.371063205238034932e+00 6.023822498024634875e+00
4.282057722340265826e+00 2.013053598450396997e+00
6.639536454073855509e+00 -8.487836649474726158e+00
8.293061887918527830e+00 2.663431653588822812e+01
4.945585070804156658e+00 2.624754282522240700e+01
1.003420839915203366e+01 2.295768221366132877e+01
3.911951192955578360e+00 1.459450295719137003e+01
1.295890749675266385e+01 1.190377522651897024e+01
1.226159209386783999e+01 1.670892544963959114e+00
8.358428313269760324e+00 2.032970512913403383e+01
1.407850561854487736e+01 2.130476494332168347e+00
7.959234275696892347e+00 2.531424811956842902e+01
1.802628012961455539e+01 7.202223699332880535e+00
5.497792773833854341e+00 1.031329885106815958e+01
5.062509544256247551e+00 2.793690287543440220e+01
5.521713525335516515e+00 -4.666918135301240333e+00
1.125748211547798405e+01 2.071013597467273115e+01
9.320629982241069200e+00 -3.865686429301191218e+00
-4.202524863668548605e+00 4.351871343002118309e+00
-3.114297707401812776e+00 7.961674912842882534e+00
-1.378305377964386569e+00 2.722228383091073667e+01
1.496623156305935609e+01 2.476324555362072033e+01
1.204682375052688315e+01 1.657875606742203445e+01
1.279000279609939028e+01 8.767388848699604609e-03
1.365000491137789851e+01 2.446399879214818895e+01
-1.158935889780739137e+00 1.760572976649406840e+01
7.214303246765385147e+00 -7.096565989791169926e+00
6.238401230705152400e+00 1.556570389504149432e+01
1.325914372269183339e+01 2.017269310990554487e+01
8.462146216767914453e+00 2.774914988791766390e+01
8.539462197062405835e+00 2.551524353039099680e+01
1.148913015328993659e+01 1.550119726003192433e+01
-2.842567945569533627e+00 6.466293739994892320e+00
8.211481739493939003e+00 1.128664892627917027e+01
1.314563834590810920e+01 1.855423766483517056e+01
-1.408311509177894827e+00 -8.851101758705266498e-01
8.017438460151147694e+00 1.770350325173935246e+01
2.182745632308606432e+01 5.156510353632273613e+00
1.695421957053721940e+01 -6.888799666883363315e+00
1.395698615580671031e+01 2.428031212412211914e+01
3.377497572472046627e+00 -4.362919862749926381e+00
2.490796863294114427e+00 2.499705763418114657e+01
9.364415419773678195e+00 1.529714786093845369e+01
1.167597502276101018e+01 7.961393848328264689e+00
6.783736092779338200e+00 2.572796071158799336e+01
-3.879054969074361647e+00 3.352396324432989871e+01
1.397576205608904054e+00 1.096850935126479776e+01
1.406821762433404466e+01 1.572995984229105382e+01
1.804992045298179448e+01 1.212622710603614529e+01
1.131420194121715816e+01 1.517061750880484716e+01
3.875868122988989750e+00 1.456980630284791189e+01
4.813374837252616167e+00 2.249488837351703907e+01
2.954314051392755491e+00 4.452834304326053427e+00
1.258022217257287689e+00 2.740336814597529269e+01
1.855291007709418594e+01 -2.545459156120102318e-01
6.062289420842144949e+00 1.086856598520744299e+01
3.063587052858324444e+00 -9.320276254634947577e+00
8.254923176314484579e+00 1.309619273783038329e+00
1.449654351388756091e+01 1.513267309718608544e+01
3.976910450227550520e+00 2.790923204052042195e+00
7.170814925408460994e+00 2.482604569495812541e+01
6.442948729669815577e+00 2.129711999242866938e+01
1.810965580203105674e+01 7.049796614133897243e+00
4.722610477313546440e+00 2.733553692013720138e+01
2.039553731074690290e+01 1.662362183687118744e+00
4.273984618705482852e+00 2.067019836875141792e+01
4.596532769353441239e+00 -2.183763945817534857e+00
3.126771452739998125e+00 -5.006505340538172533e+00
1.353327880548396500e+01 2.302069689956238818e+01
8.257590444274262254e+00 2.989593987599914016e+01
8.696556992165730193e+00 5.418050745988261419e+00
-3.246680139221064465e+00 3.228384041756260814e+01
1.152220385692868021e+01 -1.535466207430950636e+00
3.471206610610807264e+00 1.292601088881897908e+01
4.673965654375569656e+00 -4.643455938028080432e+00
1.430357230871807950e+01 2.215253205949190374e+01
4.534316791436527438e+00 2.761845948194861222e+01
-1.250932111366845900e+00 3.159245131553958252e+00
7.694948027001459856e+00 -4.656176751825379156e+00
4.945607508654798146e+00 2.647432521051895904e+01
1.045028908196260886e+01 1.444620681566215303e+01
-3.144594313666588370e+00 -9.864086245767746952e-01
-2.423936366766982875e+00 -1.778915239054363440e+00
1.067960124238279462e+01 2.313149075006765543e+01
2.101438529358646790e+01 4.674770967566911573e+00
1.110554849852150205e+01 1.941709736242079742e+01
1.323313564486183047e+01 1.515973967549686208e+01
1.697664552936076277e+01 -6.885892203715125781e+00
8.784239449175119674e+00 1.396228423778030958e+01
9.009718359816487165e+00 2.860318834435327773e+01
5.648582187600847959e-01 2.137743811180790843e+01
1.403637746815784482e+01 2.341085505994664118e+01
8.853823439271589990e+00 1.992027994900577781e+01
9.968608555418200012e+00 2.096812680671737894e+01
1.987389503228363097e+01 3.262619858496071501e+00
1.776183457084694339e+01 -6.737716663756005531e+00
1.733972906835059646e+01 -6.768955609771372117e+00
5.786761426326360258e+00 -1.822948480069475963e+00
1.321975469205530551e+01 1.037762233547799973e+01
4.646039337559874083e-01 -2.008888074694293202e+00
8.516836510730236398e+00 5.867863154810354587e+00
-5.129086636468520588e+00 2.458360568178112882e-01
1.135004459376744457e+01 4.077627777128526532e+00
1.365962332572500948e+01 2.598508950817125651e+01
9.387497869167544806e+00 2.955681822133474057e+01
5.856974454845023104e+00 -7.180025779940154784e+00
6.173284272188396926e+00 1.563892265521245939e+01
1.902177136698315607e+01 1.173263912216120985e+01
1.475146434837158793e+01 2.712854934096028625e+00
2.962294695651963572e+00 1.363299637057864278e+00
7.669184014160736140e+00 -5.125360790383822973e+00
1.213717071817376514e+01 2.117050620966354302e+01
-4.339764089116224355e+00 -2.447965279693903984e+00
2.361777846125460378e+00 2.476376463657405225e+01
2.901157204659698063e+00 -3.769422649489061250e+00
6.086043058062812428e+00 2.649568946747164944e+01
-2.687208544933785692e+00 6.660143291064819948e+00
5.089904454278491919e+00 1.672649809468168414e+01
1.236930194290850693e+01 6.931951677844734760e+00
1.107986468860096174e+01 -1.092710566101992908e+00
5.725159033088819349e+00 7.925891397083551837e+00
9.537627134172030452e+00 2.934261813534620345e+01
8.757960077995990744e+00 -7.461993721874427443e+00
3.905102335844215844e+00 -6.845432689081423661e+00
2.741882689525474426e+00 -7.171825362262577386e+00
6.677334605309975579e+00 -3.319740527666475316e+00
9.258980362230831984e-01 -1.252870578779915478e+00
9.068372692379218947e+00 3.602523783386889722e+00
9.964465562119045883e-02 -7.061977839501102139e+00
1.829620185835583968e+01 6.776916789979908096e+00
1.158956981629648908e+01 1.585034441970888608e+01
2.758074875420975847e+00 -3.518420553403195594e+00
1.918211478043436813e+01 4.682869185974665172e+00
-3.265485062083545387e+00 5.586021054094728377e+00
-8.555906020583849969e-01 6.181603375709519455e+00
4.958933252668625613e+00 2.382197177692928847e+01
8.186872602127030163e+00 2.208082446506325525e+01
3.399508429258663700e+00 -3.771853967064434432e+00
5.581027150462403164e+00 2.719619606974896087e+01
8.436853000637523081e+00 2.193559947370679808e+01
7.973889395150085768e+00 3.678487419222924881e+00
1.855325306986999934e+01 -5.469525022398094016e+00
4.534078032784102597e+00 2.911049657434520554e+01
1.070456664746974518e+01 9.678192392477457107e-01
4.637759213871396113e+00 -3.696933899633758180e+00
4.355088792784121310e+00 -3.940310902969088591e-01
2.087964507480204190e+01 3.229136727613147073e+00
-5.003840340882654836e-01 6.588588569086484270e+00
1.925765987986246586e+01 1.165290254557460514e+01
1.770231338111893749e+01 1.691470841289874372e+01
-4.547881680161648399e-01 -2.402050225291952223e+00
6.066130400924028443e+00 2.828945088216469728e+01
1.178115965155642009e+01 -3.245985006333598655e+00
9.360770547411584985e+00 2.687278538895997215e+01
9.368011838423116799e+00 -5.652523787140485645e+00
1.282595441786088131e+01 2.305304605226373837e+01
4.974950239824392995e+00 2.487648284742190441e+01
9.180628459699912369e+00 8.937514105297518441e+00
8.319566912879134080e+00 2.143394203659685360e+01
3.412858468871186268e+00 1.397588820987755653e+01
8.923830599934056806e+00 2.128532288865515909e+01
-4.676063322322193905e+00 -3.520536365639850285e+00
-1.256844331732854814e-01 -8.152302812189535786e-01
4.964090985750543084e+00 1.788071753969317612e+01
1.068972605502010076e+01 2.056302583051563460e+01
1.424824145232845574e+01 2.549196630255187301e+01
5.054323129992152275e+00 2.365701855348961402e+01
4.954141623882465595e+00 2.820650404739359374e+01
6.665953592459987753e+00 -2.364926650886938653e+00
1.148427515195947102e+01 2.618351842543779640e+01
1.473938610345867239e+01 4.382248820773288145e+00
1.480656271566362925e+01 1.506222471999862123e+01
3.154798875906900335e+00 -4.202175695765076213e+00
1.891872468692512044e+01 5.657001754728407938e+00
-3.192781325771511636e+00 9.872151995207701702e+00
1.931519320254934158e+01 2.608041275860595309e+00
4.834283783904553822e+00 2.670026945306206656e+01
1.193915727559207340e+01 1.934652389339174405e+01
2.008443404248010467e+01 5.549181529736165963e+00
1.772916076201165225e+01 1.223456566947985813e+01
-7.208209881432489086e-01 2.118120093088096123e+00
1.170810263408206531e+01 1.250128943522047109e+01
1.048154883728770947e+01 2.900824335524763953e+01
-1.253602734296789700e+00 -2.677057318606644643e+00
1.036636803823883346e+00 -4.436063579135972823e+00
6.749393664305501694e+00 2.251710769929021438e+01
1.034736815091187090e+01 9.106315461083747564e+00
7.365576734086085153e+00 1.679570032971657056e+01
1.074611830592215078e+01 6.239634600308541224e+00
6.413798388405364648e+00 2.348921701555727637e+01
-7.217012404493715616e-01 5.242293670645940651e+00
1.065446123479678242e+01 2.203447043740922240e+01
6.341515061363836026e+00 2.909187141172302660e+01
1.062920855216002280e+01 2.450179828360763779e+01
1.110019078383671598e+01 2.009294287960373993e+01
1.546695710528172896e+01 1.969773579253598683e+01
8.598621412999250424e+00 1.567936189397451230e+01
1.429306051674123701e+01 2.509373793493374194e+01
1.172010639008316346e+01 9.069361874453834460e+00
9.835695469450142170e+00 6.670807779422005090e+00
-4.508051861352911693e+00 4.546145649095523211e+00
5.765462723145759583e+00 1.295486401437103652e+01
7.009568085913646662e-01 2.915210324636812178e-01
1.112154604280967440e+01 7.001944713797615627e+00
-3.564634332652576610e-03 1.013946302893252138e+01
3.761553422055714080e+00 2.846023161535628532e+01
-3.193627161924002422e+00 9.694204721294967797e+00
3.144140370258024841e+00 5.416270496503264198e+00
5.173972566453969080e+00 3.993877510983514512e+00
1.840064289011578680e+01 1.670779626462289391e+00
3.003532290393692072e+00 8.938737867253351510e+00
4.162743350156602240e+00 2.496656746976227692e-01
1.201244620704328980e+01 1.706381431618861910e+01
2.205592563519941507e+01 1.429460347032733170e+00
1.079904021538916403e+01 1.349011456990208657e+01
8.106662310631236323e+00 -1.814837656458436310e+00
5.322510062398065678e+00 2.789961584761435276e+01
4.102856230299700258e+00 2.646894992759153453e+01
4.515286011393323307e+00 8.351812593476926061e-01
1.088968153595110344e+01 1.059274304578415737e+01
2.197802963774038787e+01 1.527597045979170343e+00
9.486451480110973833e+00 1.335853648754463130e+01
5.023462233609684802e+00 -5.807313552023711800e+00
7.832305149385609511e+00 1.013861391561435532e+01
1.918792129526426748e+01 1.167382109394575274e+01
5.166417610730823284e+00 2.307873897223926818e+01
-2.133209681766701671e+00 1.371803629460100993e+01
8.223454589613378829e+00 1.311231162062980404e+00
7.845899573302808960e+00 1.949904292818504459e+01
1.771014414653117086e+01 1.692900343173842259e+01
7.443428162758127797e-01 1.609367199247152103e+00
6.516252657429496331e+00 4.338392762704435413e+00
1.894836128483295568e+01 3.521147357118052934e-01
9.435282342119466037e+00 3.470546740560525034e+00
1.471097218312823074e+01 3.126906589288282134e+00
1.407875124000338474e+01 2.437069191352903275e+01
-7.919949555163015020e-01 1.156288944010067654e+00
2.035476130373163173e+01 1.655916613206261712e+00
1.123342626451700355e+01 1.064741404974548900e+01
1.727021513945974363e-01 -3.222417397135866057e+00
1.113534978019988841e+01 2.348682301126182281e+01
8.730032574903166420e+00 2.303983180534562791e+01
2.154107448222833909e+01 3.146142971911513708e+00
1.141299774110331100e+01 2.772157515289802987e+01
-3.570715333342475262e+00 -1.434735110778611489e+00
1.692410979130449578e+00 2.761827234840480116e+01
1.885778915055483651e+01 -5.384424519116026708e+00
5.598065997662335924e-01 2.392399853536030818e+01
9.540676370560088770e+00 1.828034375380737941e+01
9.536194169599983894e+00 1.828479549199810705e+01
-2.806276721883660397e+00 -2.190122466779361954e+00
9.390350865474633935e+00 1.240537593846522135e+01
6.557940132695688540e+00 -5.693229067387022724e+00
-1.084472818317459453e+00 -1.165977631564406369e+00
1.045528081073419990e+01 2.107456446502214753e+00
-1.169544178792046418e+00 1.760154766495802292e+01
1.150608771696694177e+01 2.157692799257172567e+01
-4.667830841496676264e+00 -4.404147279996950104e+00
1.081447804716514938e+01 2.504371019244884522e+01
1.824078370683336558e+01 8.532265178997152644e-01
1.966324671284681580e+00 1.661543334812654393e+01
8.910316233990783985e+00 -1.558928396098228919e-02
3.740970015707889562e+00 1.661316365154174024e+00
9.310623099062617314e+00 2.068378577675802177e+01
5.790140131707833149e+00 1.142462507224883161e+01
5.476804811663575023e+00 1.101358089381906069e+01
1.210906674357337032e+01 2.476148316419534723e+01
8.456691359762698923e+00 -7.058715603985092457e+00
-3.219222153258947117e+00 -1.167371946531757132e+00
-5.700356386480563003e-02 7.211381254710002686e+00
-1.155825510167592718e+00 2.024015949324156627e-01
6.822850723878934431e+00 4.962703614861566082e-01
4.629564518624014191e+00 2.139654319725328335e+01
-1.207414842671028499e+00 2.119780765508752296e+01
1.072552501168202710e+01 1.352551493420793349e+01
-3.218784595475333576e-01 2.975809602998605286e+01
2.097988623307981726e+01 3.500834711366523355e-01
-2.093170107839269711e+00 1.363297646213159631e+01
3.021361937535750997e+00 2.929357472931299711e+01
1.881758108693371057e+01 3.742339723788925543e+00
2.905905342922280532e+00 1.088108150333487956e+00
1.082259877129628345e+00 2.890617812072467174e+01
3.383317102197159532e+00 1.239905237714330610e+01
-2.452763935107480364e+01 1.252190773108167399e+01
-1.767083799962643553e+01 2.020738181142782253e+01
-2.450095443738054968e+01 9.683002054223587507e+00
-1.791026052581344175e+01 1.929781018742830767e+01
-2.534187382391519705e+01 1.216513477943800403e+01
-2.453894746142896466e+01 2.254275610119461248e+01
-2.801909391708396058e+01 1.813048564679937513e+01
-2.191455976572076736e+01 8.380426742950419339e+00
-1.692010782431621507e+01 1.962104060981100773e+01
-2.644670147950552419e+01 1.137144665686371781e+01
-1.972165862343927500e+01 1.447842910414222928e+01
-2.382405287699857155e+01 1.747210284262590108e+01
-1.445360077197556592e+01 2.024225264652511669e+01
-2.285635218078206066e+01 1.799732820340454964e+01
-2.266962631119596239e+01 8.744197548508315876e+00
-1.281923418343486709e+01 1.578426463834796500e+01
-1.832832607199486219e+01 1.975120957411238010e+01
-9.401297734000397810e+00 2.088326363539118447e+01
8.812240110946344629e+00 -1.346976050834050653e+01
-1.829442851451857877e+01 2.259423772867958036e+01
-1.559123601297139849e+01 1.636061296742320437e+01
-1.820265797708371380e+01 1.087643936368311337e+01
-2.403213616540151421e+01 1.099872359868761329e+01
-2.491767902320953709e+01 1.454411273019607620e+01
-2.104330700318262615e+01 1.610489430922589094e+01
-2.548575632219522547e+01 1.858511655601887469e+01
-1.538488109425419559e+01 2.195438684676199870e+01
-2.727058012666633502e+01 1.836561549625354672e+01
-1.767031740804874573e+01 1.460217560989967467e+01
-2.256490242816841985e+01 1.807913199123783698e+01
-1.783904837184295289e+01 1.665066399038692069e+01
-1.278309423909309572e+01 7.880518529273082606e+00
-1.925010825279258242e+01 5.368812118534744826e+00
-1.955515470677892154e+01 1.376407011469714625e+01
-1.644415064556055128e+01 9.446111895369613265e+00
-2.370099529105028680e+01 1.720010807177455803e+01
-2.118476156822474721e+01 1.272095144374667797e+01
-2.534494178938809483e+01 1.786675817898688123e+01
-1.895602209581010911e+01 2.087143620049492654e+01
-1.445773327984951528e+01 2.062588585946939546e+01
-1.692834202165666113e+01 2.098537123074017785e+01
-1.878287892484609500e+01 1.714718724873023703e+01
-1.249653156103683216e+01 1.681789580934385597e+01
-2.121240340873205810e+01 2.479910423059384428e+01
-2.297344904268391019e+01 1.018651297058115190e+01
-2.761471983931184226e+01 1.252233424284645835e+01
-2.078957110907751371e+01 2.369708278146110203e+01
-2.142146153607420800e+01 1.277409543650568935e+01
-1.229330398012150738e+01 1.110133467788269002e+01
-1.164931776445180134e+01 1.698657543310751450e+01
-2.566124596180170059e+01 1.830336587023820982e+01
-1.825445668990112225e+01 1.605971043063996717e+01
-2.449282616469572460e+01 9.709065378329931661e+00
-1.673176043818381231e+01 1.504151405929387941e+01
-1.958214712404557645e+01 1.843263677386045174e+01
-2.267369961074543738e+01 2.292907738844999344e+01
-2.156923666540408391e+01 1.880709060812307598e+01
-1.538815068891357818e+01 1.926325345334475259e+01
-1.078822526329786413e+01 1.384335762196854347e+01
-2.406260975227430166e+01 1.598314107301893294e+01
-1.946732039758699528e+01 2.090447146508815734e+01
-1.548095737526525184e+01 7.495863814400365754e+00
-1.474998607042530097e+01 2.245560999148941406e+01
-1.462354739972179729e+01 1.475634548946337254e+01
-2.037405433940645594e+01 1.392071382441497640e+01
-2.642084291210489511e+01 1.535861126371193741e+01
-1.595402508898998661e+01 2.291754237556931528e+01
-2.007905075067806422e+01 1.060709678538021805e+01
-2.303373241095196278e+01 1.786909563892317721e+01
-2.807934641956570232e+01 1.333345066218409869e+01
-2.004336349608502488e+01 1.409910076283421709e+01
-1.412102985153559587e+01 1.049044347678595024e+01
-1.665198428924957952e+01 9.718473095510649529e+00
-2.657660310161615413e+01 1.936509338333074837e+01
-2.535949081615405021e+01 1.520571995725873649e+01
-1.458004892363582883e+01 2.023394203941402125e+01
-1.682199270060889518e+01 1.387245562218936890e+01
-1.923751138848509612e+01 8.695191925988373427e+00
-2.844959136115572917e+01 1.441895955498953263e+01
-2.213718921565387987e+01 1.847340668554619825e+01
-1.884818548793556658e+01 1.190521230745831538e+01
-1.625113299182850213e+01 2.059761529589938078e+01
-2.463590240448763424e+01 1.998850757425827140e+01
-1.840694179830211752e+01 1.187132354769287623e+01
-1.866408608873451058e+01 1.681894324648988714e+01
-2.473382594200757723e+01 1.690421655228474407e+01
-1.488922051329141816e+01 1.525579381651554556e+01
-2.450918710994905680e+01 1.463180214138681023e+01
-2.202284051453830216e+01 2.205851577437537614e+01
-2.224766348705390939e+01 1.205647788565680578e+01
-1.803054904129839642e+01 2.168379840491118316e+01
-2.082694035430700907e+01 1.738701595642954345e+01
-2.140618261093153762e+01 5.842501640095843385e+00
-1.061263693950568410e+01 1.389464163577240363e+01
-2.275539681046843654e+01 9.446101373887040964e+00
-1.624442339961968429e+01 1.484010690785415321e+01
-1.805547859833790625e+01 1.883171246250837072e+01
-1.843464339737812452e+01 1.989029502008651917e+01
-1.816180438526342300e+01 2.067486335263692965e+01
-1.748147159235154646e+01 1.338491528586753354e+01
-1.828058920874246596e+01 1.080981648408140394e+01
-2.500136812302679346e+01 1.353867452826762730e+01
-2.107536098723592843e+01 1.303988816573545861e+01
-2.245993567387287371e+01 9.530159351512748955e+00
-2.111288034735579089e+01 1.582923990907995915e+01
-2.381241540966898995e+01 2.115007481109753584e+01
-2.423202918298899888e+01 1.383783222682881942e+01
-2.778351988260087424e+01 1.356776289652303369e+01
-1.369018653218168247e+01 1.666455190751547377e+01
-2.025026608129362771e+01 1.716733959430754552e+01
-2.505816703278977542e+01 7.895067600651958450e+00
-2.242274889442905916e+01 1.438387791703547336e+01
-1.186805216598355983e+01 1.381201375995405733e+01
-1.089017009214736120e+01 1.833818569812208210e+01
-1.624823527440596038e+01 1.800388546153141078e+01
-1.789735780798628539e+01 1.375449494801760864e+01
-2.644718659289990370e+01 1.739606861769637192e+01
-2.379930350060256927e+01 1.515465203160507990e+01
-2.733036673690672558e+01 1.621798995212300198e+01
-2.629164390078647884e+01 1.737856461465829483e+01
-2.685537412017824721e+01 1.926303551042433782e+01
-1.901268896096659233e+01 2.123454411536928532e+01
-2.127203857733417891e+01 2.120022706856676820e+01
-2.107534702778943014e+01 2.496312682587411658e+01
-2.707049789504630510e+01 2.038949326790320882e+01
-1.693850731230305939e+01 2.392372827512128453e+01
-2.178505769352317145e+01 2.136735449416175570e+01
-2.727881339152701301e+01 1.734224185917835825e+01
-1.439118262052458519e+01 2.019262622550719044e+01
-1.337967074197188566e+01 1.889640121980228216e+01
-2.564506348198427332e+01 1.469827370537201361e+01
-2.273471241635929019e+01 1.391159664706625243e+01
-1.326894129181594373e+01 2.050833906972484399e+01
-1.625980957064395582e+01 1.226858543684259750e+01
-2.223365580780468420e+01 2.202771532226646301e+01
-2.331268941100995562e+01 1.588582103750873920e+01
-1.630651307533797123e+01 1.864192548697506879e+01
-2.638802016735705180e+01 1.345487293698360176e+01
-1.917021351295651499e+01 8.782924101720464449e+00
-2.356845156625420756e+01 1.917179546558166692e+01
-1.269173898211577267e+01 2.064316245549492734e+01
-1.816872387003787281e+01 1.864341274961304151e+01
-1.922217631556546280e+01 5.369620651186272298e+00
-2.427536993649462005e+01 1.077166907640739524e+01
-2.235485460331402408e+01 1.354866556642806863e+01
-2.380005682915230381e+01 1.706588694726776723e+01
-1.532193426405661896e+01 1.310172281592499033e+01
-2.209587530608270356e+01 1.373440840756152781e+01
-2.359234263006327481e+01 1.474472595252202467e+01
-1.414783579119276347e+01 1.856815529242874163e+01
-1.890331780953806273e+01 2.450988446067461268e+01
-1.278749430324204184e+01 7.898086694180983969e+00
-2.166485351366635825e+01 1.805801350634210678e+01
-1.551095631308866452e+01 7.853825282239894179e+00
-1.816080715618334906e+01 2.054828270937372992e+01
-2.478187421701263560e+01 1.369889966197041531e+01
-2.027353296577515707e+01 1.954946119582348985e+01
-2.236496063290288916e+01 1.136523022396820970e+01
-1.429662153389820567e+01 1.866795324829820402e+01
-2.426495988656675706e+01 2.043857519810028833e+01
-2.163878175926783598e+01 1.624560475796554826e+01
-1.963171362771771911e+01 1.592011890884209002e+01
-2.141416110886094515e+01 5.826608199820468847e+00
-1.972923625226596300e+01 1.267683949026180912e+01
-2.090982331051269583e+01 1.141926512112340397e+01
-1.386967739482515860e+01 1.582217041077074526e+01
-1.223922887489893974e+01 1.025862573798641009e+01
-2.286628403785437058e+01 2.136783450502392512e+01
-1.956698665903693168e+01 1.230594063459652432e+01
-2.719129710957200885e+01 2.005916362200967029e+01
-2.320881311911089639e+01 1.334901152276737690e+01
-1.748746607807079911e+01 2.228982941909869453e+01
-1.852389926467947490e+01 2.277938672902017458e+01
-2.059374112878975183e+01 2.454582211233929101e+01
-2.512256725184237993e+01 1.023708141817521877e+01
-2.487574226248239029e+01 1.385397706138244267e+01
-2.532208873341871325e+01 9.578913085354892942e+00
-1.115004970033714393e+01 1.824868060020307681e+01
-1.209646151132877101e+01 1.694406540287854313e+01
-2.215047782854433578e+01 1.577273552655555378e+01
-2.460351152562851951e+01 1.312958232736091446e+01
-2.118083689530092784e+01 2.039978536711463164e+01
-1.677539687563772830e+01 8.530348751431024112e+00
-2.442556293712223692e+01 1.674854836924014378e+01
-2.338234458160295404e+01 2.120190583331941525e+01
-1.956927975681974630e+01 1.613452126560486377e+01
-2.121035473078692490e+01 1.507819510426776688e+01
8.920972153322551890e+00 -1.384305522260889987e+01
-2.065346609315899684e+01 2.392915880758204139e+01
-2.324650652589926736e+01 1.963455792107374620e+01
-2.546136540435642459e+01 1.596789352530685946e+01
-2.036970236970443437e+01 2.198879493211190095e+01
-2.510338758031643991e+01 2.104376769942298608e+01
-2.439154136519221083e+01 1.251993153350903931e+01
-2.200560969127304745e+01 1.568739729948830330e+01
-9.399025661799113252e+00 2.088440465892211506e+01
-1.846492554318024304e+01 2.101230313333941524e+01
-2.100711814027248892e+01 1.368470253795629077e+01
-1.264715824608829742e+01 1.159100570182492973e+01
-2.327228790755304999e+01 1.711787791387979851e+01
-2.218768877950812524e+01 1.983515679394197662e+01
-2.257866180840060366e+01 1.787176145049288323e+01
-1.524767185946014258e+01 1.733169393962969806e+01
-1.895783017494451173e+01 1.924008650384157804e+01
-2.309460395993186665e+01 1.920369577044301934e+01
-2.130334881422768589e+01 1.265025752525136937e+01
-1.837349300849064804e+01 2.130501533571955264e+01
-1.399089113425301889e+01 1.414997537669282224e+01
8.841978860431089160e+00 -1.357375538250299130e+01
-2.603047214086759809e+01 1.123901030923097721e+01
-2.023569549680685498e+01 2.306217177888773051e+01
-2.538823266699083447e+01 2.090958177302677257e+01
-2.270808134564864034e+01 2.131703154055637484e+01
-2.157988514664241464e+01 1.293542498981713784e+01
-1.675817663884383890e+01 1.645834534669988258e+01
-2.252786160457764097e+01 1.227438199271217023e+01
-2.006720354833891662e+01 2.570703782180547137e+01
-1.411417699205632914e+01 2.092703284234148597e+01
-1.815871947783668716e+01 1.497214024977823854e+01
-2.120214554110854621e+01 1.664067708095495846e+01
-2.480703213765557535e+01 2.094047980150982724e+01
-1.920189437483558237e+01 1.480890121213127486e+01
-1.383371824549765172e+01 1.011216260051684657e+01
-1.210980860029117601e+01 1.362108072805648007e+01
