8.566166531696232767e+01 2.865112240753857975e+01
-4.290231119470014676e+01 1.534396222806061516e+01
3.373357204624805483e+00 5.097834629729309341e+01
-1.950621084735902855e+01 6.791984090503090954e+01
-1.565294621237728556e+01 -2.411005674815433153e+01
1.294932628262752594e+01 6.217061149532451481e+01
5.191462865574232310e+00 -5.147450834746879700e+00
-1.564803953153487193e+01 -6.302906703023009527e+01
4.463020316541065569e+01 2.934417026746123014e+01
4.141883656482444565e+01 1.238072655671847322e+01
-4.239633327836192223e+01 1.214433732346419248e+01
-3.803510928080777376e+01 1.223309086061494710e+01
5.930062997212851883e+01 -1.262500512999010205e+01
-3.082555170838084990e+01 5.000077208812883356e+01
-6.463615802019268131e+01 3.397851927636649094e+01
6.020649130405482197e+01 6.738656903862592173e+01
4.979529304229680875e+00 -5.077006341715151905e+01
4.717991129907076697e+01 -5.981957750509585736e+01
4.323308218873362563e+01 -3.738919516860713799e+01
9.266684756557148717e+01 -1.558820281851243372e+01
5.071167532697428726e+01 4.020236162087571330e+01
-1.794281289136704061e+01 1.298070331561430280e+01
-5.010150145063069260e+01 3.594787602153983386e+01
-3.401998202338689481e+01 -2.577757182413716652e+00
-7.013985171738828228e+01 1.207372932273827004e+01
4.279764840850908314e+01 4.060756200753352374e+01
4.406125698956002168e+01 5.631071828028836990e+00
1.970713218083824714e+01 5.107099646391086623e+01
7.595543399456701650e+01 5.149865798891671176e+01
-8.458654695888047570e+01 6.319548010266829863e+01
4.990551465139484577e+01 -4.570053231040607500e+01
2.553888966382227732e+00 -4.284655969226235328e+01
2.294768546532718112e+00 -3.575293875673943234e+01
-5.529752153614047216e+01 -2.055019164730695991e+01
1.401012391156322678e+02 4.600322843025381303e+01
6.727176191342950062e+01 -4.076751283289281957e+01
6.684851557558852164e+01 2.229802674859898914e+01
-7.433373043996832052e+01 -1.431912121125854576e+01
2.749326364410738677e+01 8.495047812908099516e+00
-1.987854492403711504e+01 4.463427350769831037e+01
1.879565421943927106e+01 6.809981677777449249e+01
2.126907016880712931e+01 -7.882584804809566137e+00
-4.606850971227633806e+01 -7.037057796990145775e+00
5.172024599594399774e+01 8.709956630173902425e+00
-2.476318271191203380e+01 -2.451822326797512019e+01
3.855150111511654387e+01 -2.767292559251473882e+00
1.033146632971840120e+02 8.973753348765118432e+00
2.504380534466504926e+01 6.040779469024988657e+01
-4.095374142948408291e+01 2.429184432439876318e+01
-5.722611918477559456e+00 2.836197376017498684e+01
3.836843268927282935e+01 -4.924261899716864122e+01
-5.855785586865471970e+01 3.397513155743639857e+01
-6.747938308171789856e+01 2.129611836058270313e+01
-4.137045734669904817e+01 -5.748267744434572002e+00
2.919779083057974844e+01 4.632266988193172352e+01
-4.524487992397328640e+01 -4.318611244513672887e+01
-3.842781790766937888e+01 2.109442469898372963e+01
1.953045191774499045e+01 6.160564150784312432e+01
7.684468964885668640e+01 3.470891825834346633e+01
6.651474054202604691e+01 6.036669673752777499e+01
-1.798350409395460048e+01 -8.792156453593571541e+01
-1.310339906730277448e+00 4.252991291114750538e+01
-3.863485125825165767e+01 5.206193273722871595e+01
-5.710219875129450173e+01 6.288672791805868911e+00
4.777120457734072545e+01 3.574587358587000274e-01
-6.149821517161731776e+01 6.277225653913086489e+01
-4.437461369057507454e+01 3.146224696674403631e+01
7.022795616368554761e+00 -4.472286786247246226e+01
-1.027459276189210442e+02 4.044292294848642655e+01
-7.877997160917804109e+00 7.196294718489828490e+00
-4.684676699105806819e+01 -3.527647348387533555e+01
8.248652580025616032e+01 7.911977989758931518e-01
4.026815964867975595e+01 -1.152094447641490937e+01
-2.786436409730052333e+01 3.218016617984352479e+01
-4.685397983755191120e+01 -1.232432298595954734e+01
1.016441019895975018e+01 8.419338113132976531e+00
-2.549905314369550879e+01 2.020956891140394873e+01
-6.341976538822505916e+01 4.030751955121350250e+01
-5.951466001970862862e+01 2.951012675327608648e+01
-5.648167881955959757e+01 2.590378594323509986e+01
-7.056239947369830645e+01 2.771712298735141289e+01
6.667653967299543183e+01 5.296238078385718495e+01
-3.174905734782344879e+01 2.485544321381153665e+01
-5.370414983332524628e+01 2.118351034413033673e+01
5.161254694959198730e+01 5.067906171119127556e+00
-1.247834865668407112e+01 4.730154298237396659e+01
-1.140475588959847286e+01 2.314904509930024545e+01
-7.010064363211587590e+01 -7.213955501258114467e+00
-3.409956108518453988e+01 -1.968914412696160809e+01
-1.381337655485025628e+00 -5.403465367202509384e+01
-4.721127509472857042e+01 2.012036653219617222e+01
1.852949719210773694e+01 -4.486671709061668878e+01
-1.132962337669382435e+02 9.092027027989496446e+01
3.837346464050414596e+01 -2.486977243595614340e+01
1.130904858151690462e+01 -5.701212058750541267e+00
-6.333841683795871091e+01 1.670557591528666919e+01
8.136804359733885406e+01 -1.272428219983838105e+01
-3.136511770303588875e+01 4.041934854998795856e+01
-1.009699916761820226e+01 -6.115417419557551248e+00
-5.675377437047343676e+01 3.880207407297366018e+01
3.604792255647063115e+01 -4.003799822861768831e+01
-1.236237866186359824e+01 -1.201499108698643070e+01
1.555151547048942184e+01 4.105999025723639306e+01
2.099125720690890518e+01 -2.334293775463593690e+01
-5.315737766890109128e+01 2.897935593710895219e+01
4.970767425909832582e+01 -5.009838124982716856e+00
-1.565568577830988595e+01 4.135706161616047893e+01
1.837469195924153809e+01 -3.378150446084434577e+01
6.605168263805612128e+01 -4.316079260036445930e+00
3.528174343525421364e+01 3.606270094777251245e+01
-1.123419102228738709e+01 6.051793614031757329e+01
2.749314757232185613e+01 -1.981787265976247525e+01
-5.124420555328766369e+01 -2.540190467012700992e+01
-6.523242553151642653e+01 2.985820085766209608e+00
7.101363908960152571e+01 4.302200884274006398e+01
4.302978662610823335e+01 1.988995627942295741e+01
6.674624098308093778e+01 1.206906530057735161e+01
2.289319663394223880e+01 -7.330293200022190092e+01
-3.910250070529072985e+01 -2.238967054203175167e+01
7.615276462771102217e+01 -8.585307821147143414e+00
-3.419017916358826881e+01 -1.469456313513510004e+01
2.751843652008869157e+01 1.291198049993354005e+02
-4.727614553061489744e+01 3.281738393429046141e+01
7.397007184452847639e+01 2.802521670899045247e+01
-6.521236329255684439e+01 4.745557173094454129e+01
3.619528074603547907e+01 4.720005618317625107e+01
3.288023601820375319e+01 -1.782501526696407268e+01
3.721248535930013901e+01 2.614483250647799650e+01
7.379653696745305069e+01 2.067179991521415872e+01
-4.536950670251948736e+01 2.858742588355960734e+01
-3.737411245126813242e+01 -3.098259584481314732e+01
-6.797304304644836037e+00 6.537592098011162989e+01
-5.207830465963325395e+01 -1.282072961773827657e+01
3.310591510364392320e+01 -3.051111850066897802e+01
3.642126062135137232e+01 -6.216307104705960995e+01
3.947299130597345851e+01 5.011970802000154634e+01
6.977269349611377436e+01 2.502770056207451965e+00
-5.542379396816735948e+01 -7.355509312001458078e+00
6.182742560499501394e+01 4.989166860156453609e+00
-9.110885488023788170e+00 -1.941400537997535736e+01
3.099555835537395865e+01 5.282458532893033265e+01
5.730358541784859483e+01 2.854715060918614267e+00
-6.040204118596258098e+01 2.449869938273354464e+01
5.768477675639260127e+01 3.161115890687384322e+01
2.572091509067251991e+01 3.214492735261785583e+01
8.975450378899829218e+00 3.932057297946408170e+01
2.644129499154268714e+01 1.112035109191166100e+02
5.438758215567228049e+00 4.250754138389363135e+01
-2.609231057634260154e+01 2.773299441328810033e+01
-2.371893007503328477e+01 3.588038443862348004e+01
-3.652137846465683424e+01 -9.991032860557957918e+00
1.176922372146702500e+01 2.785808687591341837e+01
-1.786356755438169586e+01 1.414724282577003400e+01
3.917352522547471239e+01 7.005806124885312158e+01
8.160297509819277195e+01 -5.093710612597045895e+01
2.291838611494377176e+01 2.244905723769032591e+01
-5.531872385391653779e+01 1.121289992613067810e+01
-1.549601616926873504e+01 6.133643487833141705e+01
1.147093441879691511e+01 -2.881251601843277044e+01
4.812616678038828155e+01 1.070140902133219818e+01
1.035611289740291170e+02 -3.047633906600392351e+01
5.083789730389236183e+01 3.455611319698930117e+01
-8.487052781112931044e+00 -3.640888890808875544e+01
7.645073303536219100e+01 1.363998753021733812e+01
1.142052361863867915e+01 4.800189165865004526e+01
6.784309784356909745e+01 -1.063461255784077153e+01
-3.011347822288734655e+00 4.339457829368357444e+00
-1.668151133373705575e+00 -5.971251512063928679e+00
-1.313326564138774444e+01 -6.380295696021816099e+01
-4.858981072422860592e+01 7.265483937805368164e+00
-2.695710911847010394e+00 -1.763141823907973560e+01
5.864373445497591320e+01 -2.390043443300280046e+01
3.007247011217286925e+01 -1.026633792574182813e+01
-5.974646304265760222e+01 -3.264535612469922654e+01
4.065717825258008844e+01 -1.897959236478586220e+01
-8.602074268667998069e+01 7.588693390037919428e+00
-6.264666426992405945e+01 -7.019591411384109847e+01
2.512078120515581503e+01 8.245143565721201639e+01
3.397004276393879962e+01 -2.563314079909567944e+00
4.301134141876587336e+01 4.552903577896053378e+01
3.438658471705747566e+00 5.756399951053786879e+00
6.255886637458962696e+01 3.511749333178828181e+01
-2.661492184316099596e+01 -3.796207954203364210e+01
1.404551818753636283e+01 7.243286656611124386e+01
1.035142489741060245e+01 -3.634902216760156790e+01
1.766393203442371274e+01 3.598717481477108748e+01
-1.427996364075599622e+01 -5.406505749050622001e+01
7.118497744339994426e+01 -1.678254106970308968e+01
6.915991826324356850e+01 6.113065340034423656e+01
1.731101220763623383e-01 2.141815217670486504e+01
-2.678298008089146265e+01 -2.019040792154525921e+00
5.534126908750181428e+01 1.919331135637580488e+01
9.516133886931035235e+00 -1.445445990440256523e+01
3.904180473097501380e+00 -1.423849682297943176e+01
4.481614017796839278e+01 -1.474479487906407016e+01
-5.774980178012355303e+00 -2.119402267534717943e+00
-4.630840824598916328e+01 2.485432542674958256e+01
-2.618324473436518751e+00 -3.046666555099783835e+01
7.059600252797676490e+01 1.349077389790999959e+01
2.518515557245931191e+01 -4.953301846759379146e+01
-8.037963341115096583e+00 -6.274870963401135526e+01
3.141020087815330797e+01 3.929852848284051348e+00
7.895961632629770577e+01 7.528211584089670616e+00
-1.414710460899197919e+01 2.964103138193774356e+01
3.628405997984713593e+01 9.145762584193178668e+00
3.831235748443913280e+01 -3.253334648955883068e+01
6.164403854883725664e+00 7.377427083374711003e+01
4.987267935488107895e+01 5.177988807608962674e+01
5.768778184253670815e+01 -1.412538802662511639e+00
3.311716121084378273e+01 3.219809029259192101e+01
2.416619302514595802e+01 -3.499708642798221803e+00
-9.714562543730193056e+01 -1.017410581320778107e+01
-6.063798633959883055e+00 5.227137662826648068e+01
1.555068540525927467e+01 -1.477648680322934993e+01
-2.273466623567288636e+01 4.064619971094192152e+01
-1.103103748493122396e+02 4.569846224849046479e+01
1.303682676984698041e+01 -6.411947108895442682e+01
4.001471865325295596e+01 2.764787494931762790e+00
-3.581436549756431731e+01 1.698828928659788673e+01
-4.177890311922117128e+00 5.812351410396468765e+01
-3.819633264517226934e+01 3.307397577641237874e+00
-1.795685143590587529e+01 -5.366753525755910914e+00
4.901643366185142270e+01 2.794770701556507930e+01
-5.247554268305438541e+01 -6.627350102264888676e+01
-1.569646555935587440e+00 -4.177119624162438072e+01
-3.024349317608922050e+01 -3.303499193245541221e+01
-6.633723132527123312e+01 2.816973416923443807e+01
2.279547300118052888e+01 4.627582981755830360e+01
-3.901112698389927402e+01 3.410091831848092880e+01
-5.007808310349815173e+01 1.457816696635184783e+01
4.009913099835797823e+01 6.410590756120478773e+01
5.692615781181872592e+01 1.008793845735135797e+01
5.778072912775034098e+00 3.503174237307113970e+01
6.143454099426862314e+01 -3.669751287049801913e+00
-1.523550578862309735e+01 -1.812891227223623147e+01
-2.888425354884601148e+01 -5.379035259118719381e+01
2.910885159843978442e+01 -4.806914394593129458e+01
-1.018056596001087222e+01 3.850307556220276872e+00
2.378647204887230515e+01 1.882435154903274110e+01
6.263890413965421544e+01 1.748353158949554498e+01
2.945819794319116003e+00 3.020185899983655275e+01
2.356575240292542617e+01 1.262415107659096947e+01
-1.547927811329440217e+01 -3.111873422492656616e+01
2.891749975555612906e+01 1.409134751157872145e+01
-3.413873653460112223e+01 -4.232331418310922544e+01
-3.013298122154957781e+01 -2.003738451987498337e+01
1.882339241273605523e+01 2.664509256732248232e+01
8.201752480510619137e+01 5.774502127563653175e+01
1.813204985157793203e+01 5.253856130522303047e+00
3.625630803919093204e+00 1.222132361763809172e+01
-1.176209204166542222e+01 -4.604549171215946757e+01
3.046027507546060775e+01 -2.431850347291478798e+01
1.582737505480307583e+01 2.078934529867363423e+01
-7.416816308560477466e+01 1.772859087350748375e+00
2.681746914747201060e+01 2.150948806149707693e+01
4.399970191459468793e+01 -4.934837551169866998e+00
5.856671729565941575e+01 -1.029546294713428694e+02
1.036350268278488755e+02 -5.166722662202646887e+01
2.744887573435491035e+01 2.722025335641266253e+01
-2.140312532043389382e+01 -4.520081437870533136e+01
1.832144654152244456e+01 1.717223000830302482e+01
-7.605416606460647699e+01 -3.134716265193713269e+01
6.443341717650258715e+01 2.968833875793979971e+01
3.308026551335387211e+01 4.182337779913546427e+01
-2.042649404711169936e+01 3.857328185110129315e-01
1.411582696183204710e+01 -1.800409516814738353e+01
1.870905031812682395e+01 -2.800817190918688482e+01
-2.960295017459930733e+01 1.966607131094789551e+01
4.001171061265335993e+01 1.836215768756121136e+01
1.035307791619356266e+02 2.418534992756655555e+01
1.665388900195740618e+01 1.238311400351371461e+01
9.790426365603986936e-01 -6.661416055041281936e+01
5.412678659551732352e+01 -3.194050567353052017e+01
4.693846617491628592e+01 -2.848839765001157076e+01
2.935974720391903503e+01 3.834212033694327459e+01
7.647829251553256213e+00 5.360126509723107802e+01
4.645434446518277127e+01 6.653513472821254027e+01
-5.784576261979714928e+01 1.630019783928031529e+01
1.660502560744317080e+01 1.159037634617752488e+01
-8.155004533530579636e+00 -4.679742313038549639e+01
5.046452740099436340e+01 1.582814980618686995e+01
-2.246096400783893898e+01 -3.169954436554025179e+01
-4.642815716589625197e+01 2.590808234382708353e+00
6.507301228878855426e+00 2.536091871685919230e+01
4.130126786351978296e+01 5.558797769541448730e+01
5.680245132623665683e+01 2.512588535314527149e+01
2.711676418059397875e+01 1.537969256331078283e+00
5.848146366131539509e+01 4.555086344284565314e+01
2.618585974978586606e+01 -2.961200206466871521e+01
-7.884736010680140517e+00 -2.669197606194263273e+01
5.628642964426295237e+01 8.728336271564845106e+01
6.582295041610039732e+01 8.827161537526613699e+00
1.529931094657275992e+01 3.162433815331952403e+01
1.432649841596564322e+01 -5.613541784147154345e+01
2.235845625390033575e+01 -1.971618089661347639e+01
-1.574385638102574170e+01 2.294328637016003825e+01
4.175089212404376582e+01 -7.709587842817983017e+01
5.086663833501124543e+01 4.619892157492127183e+01
1.565395634394823432e+01 6.749769467536026468e+01
-2.110819008052376233e+01 -1.737499051493597690e+01
3.608980644828652662e-01 -2.465762883860812593e+01
3.927761452696304190e+01 2.787470728641520878e+01
2.622875000094120779e+01 -4.014483396956970296e+01
2.695507531925927935e+01 -3.345945744818832424e+01
-1.914930495050409576e+01 -1.007921215364867251e+01
2.703065881082086719e+01 -6.107094237621868160e+01
-1.321955896070781122e+01 9.798001198909831899e+00
-3.202825221931793465e+01 1.095530902776186188e+01
3.338248200140088784e+01 1.327564533614046383e+01
-2.776655923289040828e+01 1.210857729053081755e+01
1.805512293165987714e+01 -3.919103532694656167e+01
-4.137240940434777059e+01 -1.544879964243727066e+01
7.165048659379755236e+01 -5.947853402328338035e+01
6.376152483352944245e+01 4.060990027806384717e+01
4.225631479490701281e+01 8.046768883287578333e+00
-1.542097925351862919e+01 -4.039028800089160143e+01
8.838794158045438110e+00 8.261417125138954987e+01
1.518496927463483459e+01 2.250100849820095394e+00
-4.447042397374944755e+01 -2.821563555461741046e+01
4.838199793001547278e+01 -1.067929164738059988e+01
5.584400565971957775e+01 3.829673918368450103e+01
6.079457788100247484e+01 -3.851200346942790276e+01
4.295512661080358185e+01 3.422179824284872041e+01
1.228862394924242452e+01 2.024482366783797715e+01
-1.645253096281704330e+01 5.583713482279014784e+01
7.699214410242983142e+00 -2.389973373815720592e+01
-4.803045441188359965e-01 -1.089746180899898853e+01
2.831795899924142645e+01 6.663876132047003864e+01
9.517424591804758904e+01 1.374974534831831718e+01
-2.327905103706201295e+00 1.117148454804167201e+01
-3.250370748232954021e+00 3.424310325859524085e+01
3.572961798659110855e+01 1.862691992886322367e+01
-2.071121018265699121e+01 9.048860310950399111e+00
-2.662199048860713901e+01 -9.718729783365263941e+00
3.705926850084784263e+01 7.561142229109997004e+01
