-1.016413106613081823e+02 -4.666217111813466545e+00
-4.214946416932024675e+01 7.858641816823750048e+01
6.469582132473105673e+01 -9.342349961425814797e+01
1.120042574907252799e+02 5.555455699986701035e+01
-2.242694782213251870e+01 -2.620450116189594070e+01
1.069227622422030208e+02 4.568269130018583368e+00
1.311389931705115828e+02 -3.035627661978927705e+01
8.073670101718370518e+00 8.594947457831342774e+01
4.082797473193743798e+01 7.617049674732473363e+01
7.790768540322348201e+01 -3.089231969367362396e+01
1.036020484110821513e+02 -7.111496048781962998e+01
2.027613619477386564e+01 -8.719369197593269405e+01
-4.860214515505257538e+01 4.292307592537042638e+01
7.127855277479032736e+01 1.944492168694668166e+01
-7.057139986216569127e+01 -2.910185680118043194e+01
4.391948778856870206e+01 4.193129122315337298e+01
-5.576841858677726549e+01 -9.630697721336174766e+01
-2.181391143145045675e+01 1.913958275931389252e+01
-8.752774695573582164e+01 -7.120018976057794191e+01
-4.273474164563869948e+01 -5.637089230742864743e+01
-2.251682728755456253e+01 1.148488983721417753e+02
-1.417997046783951021e+02 1.252023344700910146e+00
-4.738650989332170127e+01 -2.575599038486495740e+00
4.355126836070935781e+01 -5.302835042995750570e+01
-8.469458607919727910e+01 6.839009265391554493e+01
-1.324170038146023387e+02 7.809322027658480181e+01
2.029456395854016080e+02 -1.516309869345820687e+02
2.417352688870878197e+01 1.258403478184365269e+02
1.242611934247881145e+01 2.297070075113721543e+01
4.168896614357974784e+01 -5.948077867384611750e+00
-1.569664839395890681e+02 2.387865291279626376e+02
-8.499423339772231856e+00 5.383771064858278521e+01
8.856029678613284162e+00 -1.572752929521058007e+01
3.328738456907767329e+01 -1.343002095241780012e+02
-6.831876424570893391e+01 1.149919613744062445e+02
-1.709473658309341459e+01 -1.016875231026292852e+02
-1.150562418399416487e+02 3.822745817715708938e+01
-1.945684315933162623e+02 1.820277813815147852e+02
7.610395361211429588e+01 8.804055347227631501e+01
-4.481356691544114978e-01 -5.582606720083767726e+01
1.604981798603494951e+02 -9.288941679111832173e+01
-7.656677195710243211e+01 2.142856860665063223e+01
2.551172769867016541e+02 -3.311007690087683386e+02
-1.176285036826613748e+02 -4.336527219173859038e+01
