-1.933242961589187203e+01 9.568813315231412986e+00
-2.170282557024329151e+01 5.169376196400138568e+00
-2.533298603192383069e+01 7.296156687729627777e+00
-3.199663936434558664e+01 3.118108681304588181e+00
-2.454153344914521639e+01 4.343770820221592999e-01
-3.750559547211796030e+01 1.337332460699393977e+01
-2.198868186307772632e+01 -4.454450619891472840e+00
-3.142268785176812784e+01 1.143438010714038811e+01
-2.611294082951586759e+01 9.499802287504881093e+00
-1.961373870958552601e+01 9.727282460677599829e+00
-3.347498364480492938e+01 -3.424074091626398975e+00
-2.840564604437835072e+01 7.743313042778797062e+00
-3.439911697648050648e+01 1.465427082507577694e+01
-3.466736957750472214e+01 1.347646397317212585e-01
-2.199186212345681923e+01 7.886081344831930906e+00
-3.267877789801022459e+01 4.570668964742377050e+00
-2.996164800171896658e+01 6.474229752148875860e+00
-1.814937644123282467e+01 1.323686780200476676e+01
-1.860990907621994950e+01 4.586198237739084860e+00
-2.195453758151517576e+01 6.077389206947039213e+00
-2.556696943782196740e+01 1.981172475354155438e+01
-3.747084532726076844e+01 1.845221813462137916e+01
-3.421565584120371994e+01 7.364573817508555109e+00
-2.570131270367445708e+01 3.895927845149546265e+00
-1.778248359622293151e+01 3.238696896758738175e-01
-3.970818544169892306e+01 7.746582958110354689e+00
-3.483732108324743848e+01 9.908177412277227702e+00
2.341918959346520168e+01 1.260073813049958247e+01
-4.126360586790379870e+01 1.075738621437582410e+01
-3.904575349529240924e+01 1.163211852257699874e+01
-2.179638363946819624e+01 3.140110714366204370e+00
-1.842845331305477430e+01 1.333357104902512447e+01
-3.240132798038408879e+01 1.205077825025466964e+01
-2.611534208976402738e+01 1.445661368090057075e-01
-3.667814446543933826e+01 1.851621429596443846e+01
-3.060963694629545628e+01 1.860686409559936294e+01
-3.781047275429895649e+01 1.729962694200573736e+01
-3.996187449930059188e+01 1.573395819085789071e+01
-2.596980669140459597e+01 -5.671433429973377294e+00
-2.111339489837854089e+01 1.133682326915144145e+01
-2.616252525178575539e+01 1.891305441104091045e+00
-2.302295801687141719e+01 7.379957317161871977e+00
-2.589342895238061359e+01 1.764120948027337477e+01
-3.475963883686224420e+01 1.817022503796381017e+01
-3.079840873205031926e+01 5.216652139197385907e+00
-3.487135525039455786e+01 1.643071375164360504e+01
2.335236661183892437e+01 1.224342463493706035e+01
-2.892256354818912101e+01 4.774751381674049000e+00
-2.415582763041594561e+01 1.871692841396565754e+01
-1.949863122849381725e+01 1.971501128161099459e+01
-4.340465373344332356e+00 -1.315486667713148705e+01
-1.676315917056576055e+01 6.862692033306823092e+00
-3.656937747755709722e+01 1.793821163734008550e+01
-2.567842160429827203e+01 8.271520520865294657e+00
-2.621620828916739043e+01 7.315333043174867100e+00
-3.618270023562446625e+01 1.529954231133507037e+01
-3.834226840650010359e+01 7.844835074502865879e+00
-3.737587431587952125e+01 1.521244272020756938e+01
-2.867303917832404636e+01 1.215332104592052964e+01
-3.473982342629890496e+01 2.262643421827989165e+00
-2.682139020842465982e+01 4.667855371423028643e+00
-2.536299484627103951e+01 2.710623271446867211e+00
-2.846520176393558543e+01 6.715326062716817646e+00
-3.469856505468036545e+01 -1.219484118075274104e+01
-3.665783509107266269e+01 2.374874514520198598e+00
-2.286536678738388773e+01 1.950839136478765923e+01
-2.675439064896685792e+01 7.810246348252251281e+00
-2.887394956534343748e+01 6.053753431499028892e+00
-2.646238011333033313e+01 -4.427959013256163590e-01
-3.261529738262819222e+01 6.265114346120657984e+00
-3.671518984014015530e+01 1.434284764836380432e+01
-3.224916914087929598e+01 -7.742078264339207649e+00
-3.381119070432576024e+01 1.711491334758282745e+00
-2.290178330167222498e+01 1.946062387640719393e+01
-5.432813283344394506e+00 -1.226725350326235642e+01
-3.394977837749141258e+01 -9.194761340263800653e-01
-3.285137410155163451e+01 1.356322521703151907e+01
-1.564125835411577015e+01 1.808529033672696329e+01
-3.542304983716444866e+01 -2.094745864170059590e+00
-3.231879549708129673e+01 -7.756823949544021879e+00
-1.651431414506237516e+01 9.674332833120121933e+00
-3.343095337704566816e+01 1.997140323953785312e+01
-2.788894537959847497e+01 9.533634396846359493e+00
-3.029257590475961237e+01 6.373082105624286342e+00
-2.770958572019395305e+01 6.290047602597885756e+00
-2.410552387123025397e+01 6.257973991434361949e+00
-2.871067377512808960e+01 -6.358052240736205896e+00
-3.094906546775467504e+01 1.912073699736412991e+01
-2.482458645032576072e+01 1.846639295934647151e+01
3.815238584076394801e+01 4.709779182554538757e+00
-2.527316637220525664e+01 3.555093955640280967e+00
-3.437377274215301526e+01 1.378116612732154955e+01
-3.269232493684486940e+01 1.004210586961933060e+01
-2.121032850219014065e+01 1.123037918952462277e+01
-2.883333018830746397e+01 1.691996182192553633e+01
-2.080723409737898066e+01 5.354780720255388538e+00
3.806703123004729861e+01 4.571136493456571692e+00
-3.650895586737666321e+01 1.813912677252509198e+01
-2.651628905508805900e+01 4.617019898989574322e+00
-3.337782342527289359e+01 1.999044246926262502e+01
-2.149184959049440380e+01 1.179337094356451132e+01
-2.467992244323362172e+01 1.870778790288339977e+01
-2.129429692376357153e+01 4.186646812425218300e+00
2.979127746560599377e+01 1.021651710150798920e+01
-1.378665899789474913e+01 -6.658794575419150874e+00
-1.412998054943636816e+01 -6.663318899907251236e+00
-2.208092044400864395e+01 -8.124125831380135665e+00
-3.447122108002447050e+01 6.099700463888430235e+00
-1.848160329624463927e+01 -7.540851090043842575e+00
-2.539315272822915581e+00 2.090654009158462723e-01
-3.616600194583062233e+01 -4.561980619200023845e+00
2.715487270175453105e+01 1.188024335820913890e+01
-1.996547395268993697e+01 6.963322357010317543e-01
-2.214211995380059861e+01 -1.864816138699794124e+00
-1.993143793164281163e+01 3.417918308957120122e+00
-3.679215610884503462e+01 9.851710797328932401e+00
-2.685084243194796016e+01 -1.530459187863089099e+01
-1.495021856253608306e+01 -8.778220737345716174e+00
-1.612102357470145364e+01 3.377471746035751732e+00
-3.525096089115068310e+01 1.116312734620469094e+01
-3.623330346704265281e+01 -4.211819169813841413e+00
3.360543370950217934e+01 1.033727975502414509e+01
-3.981082257051452444e+01 1.022315232105841787e+01
-1.924106321564937971e+01 -1.650942395613025226e+01
-2.858245467375091664e+01 3.561583321486295084e+00
-2.936809952366444065e+01 8.143272365836509152e+00
-2.553604446956072493e+01 -7.935533794303233357e+00
-6.326876888836784119e+00 -1.686673220535448436e+01
-3.112118042999354017e+01 1.173922863443977560e+00
-2.598274701041880519e+01 -4.113086900376143440e+00
-1.937836703026081686e+00 -1.684281023488357931e+01
-1.470661314957809829e+01 4.662290407462840847e+00
-1.551799156841388516e+01 -3.969625296977976614e+00
-1.328368624734070913e+01 -1.006156612450830323e+01
-2.091372762400980534e+01 -9.143683006771633259e+00
-5.326200595626085388e+00 -1.880273619927860906e+01
-1.208521243862039007e+01 -8.473391528109333493e+00
-3.903650290079006879e+01 1.455711386887142034e+01
-3.500574483936945569e+01 -1.924906750129415656e+01
-2.077350340209664736e+01 -1.267405874384086673e+01
-3.173646062407111401e+01 6.854850106675711707e+00
2.720908745709330034e+01 1.010494087414963360e+01
-1.360614238893086458e+01 9.367204336378767593e+00
-2.299575180274161212e+01 -8.354527343314815724e+00
-1.364452222644935553e+01 -9.402137425248215052e+00
-2.199615341111182687e+01 7.338006080984461832e+00
-1.567567607152989950e+01 -2.733214798659907530e+01
-9.729704874463257269e+00 -1.277666447216489409e+01
-1.670233160499062564e+01 4.124611942991822655e-01
3.381957015448800519e+01 1.161278195481287767e+01
-2.769449379281504520e+01 -8.102913826897299998e+00
-1.255249198312116299e+01 -4.915429590191854992e+00
-2.712087755994724958e+01 -1.437850254238733916e+00
-1.714169534656232941e+01 3.989456101441857250e+00
-2.663277041424915481e+01 -2.239944948243471856e+01
-1.291755226280891300e+01 -1.240766956200916127e+01
2.860978682929754058e+01 9.573503671891380407e+00
-1.272762745028906828e+01 -1.084802960599365385e+01
-7.722799521371885412e+00 1.263214200561845502e+01
-2.195802835571242895e+01 -5.164597226342738878e+00
-1.393450121651415863e+01 8.001757544030386526e+00
-1.192601587828581522e+01 -1.203191791600522720e+01
-3.131384327073233464e+01 1.602001786182225018e+01
-3.048573668693472882e+01 9.085754186574417801e+00
-1.272399531169937781e+01 -1.608275148544045052e+01
-3.783654873116979900e+01 3.769302363179407145e+00
-3.080933680215861870e+01 -2.436897791076612663e+01
-2.784013973476346138e+01 -1.477955875741599989e+01
2.739785816736250368e+01 1.159919508357011431e+01
2.909876480018367673e+01 8.667856224564994605e+00
-5.693107134786383305e+00 -1.771995664872623166e+01
-3.822669428942450764e+01 1.055312329264215698e+01
-1.049335920943314449e+01 -3.225699068304939132e+00
-2.117796526725300055e+01 -2.136134978765483794e+01
-1.866262130138660780e+01 -1.793564660761766305e+01
2.814875298330192877e+01 9.723226458509818926e+00
-2.336186250251311947e+01 -6.018320737634498485e+00
-6.706440007687579197e+00 -1.747141168795968369e+01
-3.590649397466997783e+01 5.929126791112842909e+00
-2.912624555156067885e+01 -1.756708708368414662e+01
-1.575379691117671399e+01 -7.314324426826072312e+00
-5.789882944157492162e+00 -1.227245635567094162e+01
-2.236029921660199804e+01 -1.104431491960342071e-01
-3.125254796173389238e+01 1.327842903829274590e+01
-2.470345009199281794e+00 -6.386107842201793616e-01
-1.963275927762963491e+01 2.888064317621980681e+00
-1.612762837958682383e+01 2.136142575972409308e+00
2.638461360107561404e+01 1.003266401453764978e+01
3.007294409987253303e+01 9.592062982150535433e+00
-2.729292308766875408e+01 1.229662316533448418e+01
-2.055881086372407296e+01 -3.267542828672093114e-01
-1.971098271233599775e+01 -5.590609355181532791e+00
-3.862438276879130683e+01 6.278942789300606897e+00
-1.550062986804655374e+01 -1.452021556138382863e+01
-2.762047867924793110e+01 -3.033943203411532341e+00
-1.849586696834181865e+01 -6.037707119727969918e+00
-2.908040845916542594e+01 -8.354497248266229192e+00
-1.385782010909626827e+01 -1.473647979015349740e+01
-3.024138240249522980e+01 8.147972135248480186e+00
-3.027358944654127271e+01 1.503261601967027516e+01
-3.807757884102242940e+01 8.974406490544911463e+00
-3.395475350306578122e+01 -4.166533909784623013e+00
-3.808763586430364256e+01 1.310616468593948625e+01
-4.562013172034773412e+00 -1.177995311269928358e+01
-2.023705167695106155e+01 -2.973114235769906966e+00
-1.819795195955246214e+01 -3.804577104021253930e-01
-9.331234407205759140e+00 -1.390898960122336092e+01
-1.823395962948875493e+01 3.520990168708138413e+00
-1.406531519883289860e+01 -3.053827101285211398e+00
-1.218462346201663493e+01 -6.897500297318858387e+00
-5.530965571054649033e+00 -1.503607701234358629e+01
-1.798353754069120924e+01 -6.397177030753281812e+00
-9.167539853663775773e+00 -1.025409783525978824e+01
-1.756775667444421885e+01 3.067120135645260426e+00
-1.034929018238655551e+01 -9.929161943702540682e+00
-1.555067601965496138e+01 -1.589232698272997846e+00
-9.361673377807123941e+00 -7.875254409076496431e-01
-2.845278102145664789e+01 -1.331192683401724253e+01
-5.173475935875595511e+00 -1.816105619574608454e+01
-1.709542478134836685e+01 1.294463509489324160e+01
-1.452483104455917484e+01 -1.952565107144555867e+01
-1.796219137218825779e+01 -2.892764736991519925e+00
2.316287965117866321e+01 1.233857090649005706e+01
-2.387099583538151037e+01 -2.964648893369533411e+00
-2.795320601853941156e+01 -1.845571402155272622e+01
-1.378391912510464046e+01 4.681020949624046246e+00
-2.457272798520348189e+01 -1.764819392895979178e+01
-3.462454802882528782e+01 4.113765777628115572e+00
-2.883418628981812759e+01 1.589616164705991253e+01
-1.526494267048070874e+01 -2.304600420932602489e+01
-3.370716902888243283e+01 6.389897678018922278e+00
-3.112167081518701650e+01 8.307931558940072847e+00
-2.506824761790027623e+01 -1.154294681978966075e+01
-2.249098786336905675e+01 -1.356640496680721419e+01
-2.446164657275805254e+01 -1.702685313541301149e+00
-1.241328113713220205e+01 -2.603179068768956661e+00
-2.227451453804133408e+01 -2.761030183159430607e+00
-1.971402663633897845e+01 -5.998916875773709911e+00
-1.462944285713965620e+01 5.407308635827331456e-01
-2.943885289567568364e+01 -1.691489509804140923e+01
-2.375796038294738821e+01 -1.402426498011370981e+01
-3.467766754604251389e+01 1.152094505249022305e+01
-2.114567357452221330e+01 -1.114068327232712008e+01
-2.363483886673704504e+01 -1.216831814720100047e+00
-1.818371697947130272e+01 -1.324115549585910934e+01
-2.363797817387896316e+01 4.990612974665848078e+00
-2.786527423173648543e+01 2.048512808253470041e+00
-2.387481588269311672e+01 -3.822145155114221815e+00
-2.538556492202345538e+01 -9.125907693786095010e+00
2.850287922947273955e+01 1.091280020035164355e+01
-2.285267569295181644e+01 -1.400783314539320035e+00
-1.585387924607261034e+01 -2.817146361956996969e-01
-8.644052721467350153e+00 -7.598674624651683196e+00
-1.458644204339483608e+01 -4.947380231414953755e+00
3.390002056229433691e+01 1.148306316216551615e+01
-1.809457904618798096e+01 -2.643346189091685172e+00
3.838419464254213409e+01 5.582794395975947843e+00
-3.717426029344241556e+01 8.863566230548467928e+00
-1.393314975407649703e+00 -5.888005093039965665e+00
-2.574273290973843054e+00 7.543809579862686965e-01
-1.092685861413296244e+01 -5.961909961729258356e+00
-7.848611390576002655e+00 -5.260775995405242433e+00
-2.353119876279061629e+01 -7.952614051029285314e+00
2.223126862394332903e+01 1.311718227727684472e+01
-3.174811051173819010e+01 8.145826002928286513e+00
-2.304502148611222978e+01 -8.341674506249740162e+00
-1.074427545789738936e+01 -1.032379468892061780e+01
-3.742312036836819544e+01 8.429662302764413084e+00
-3.173523158021069435e+01 -5.093798189352237493e+00
-1.195784836047407040e+01 7.671177905310538891e-01
-3.007515090406176483e+01 1.528409721665268428e+01
-2.872053357441802035e+01 1.493977995047614016e+01
-1.580004811747068949e+01 -9.414984898335747587e+00
-1.782646414745299879e+01 -1.636705238137281171e+01
-3.493941814325486206e+01 7.127138841015186799e+00
-3.157886537154455908e+01 -1.679697462164330801e+01
-2.210393109874905093e+01 -2.416817688254759844e+01
-8.065198291806202846e+00 1.005847685639865929e+01
-3.762802536414711341e+01 5.599988448859189560e+00
-2.038720694179065518e+01 -1.224164066304890675e+01
-2.124880032122978690e+01 -3.022856770455024211e+00
-3.229136790766469289e+01 -5.120634719948986557e+00
3.762131824727214280e+01 5.393509686929060187e+00
3.735596561354043388e+01 5.257328430119660112e+00
-1.539580797560494752e+01 -1.439253328863451209e+01
-2.506250838024380556e+01 -7.573484219648688232e+00
-2.825842886709678936e+01 1.180152365478355136e+01
-4.104379991023714069e+01 1.298341669049152003e+01
-9.136082167334558690e+00 1.771347228596802381e+00
-2.173386512119075675e+01 -9.581808669626493469e+00
-2.470077126624703112e+01 1.033572823339646396e+00
-2.524883667024546696e+01 -1.293945489665058091e+01
-2.758612657571642757e+01 -4.715472126713363465e+00
3.312936307929067681e+01 1.111893122025729674e+01
-3.367261130637071886e+01 1.360830343789103125e+01
-1.769526394223667154e+01 -1.066656106922286895e+01
-2.746064142591333379e+01 -1.277470214279695426e+01
-1.909931385844980412e+01 4.514377173667998733e+00
-3.399897605037038772e+01 1.474110162089533205e+01
-1.990182061004556147e+01 -3.274932781579793506e+00
-1.984257229094353647e+01 -6.886382110654531097e+00
-4.004953279271515498e+01 5.668864387288236273e+00
-3.460944715077016554e+01 9.260984704414980229e+00
-1.406218334196455721e+01 7.933147773609791287e+00
-3.028050744625973323e+01 -1.009091211912452124e+01
-2.014506296841652500e+01 -7.734726492918085894e-01
-1.119645266206758016e+01 -1.378706580435075324e+01
-3.255365581061032998e+01 9.545399296278230139e+00
-2.436797028361449691e+01 -5.966573344760202957e+00
-2.282561451878288139e+01 2.102761543331510552e+00
-5.430626689888170766e+00 -1.504181437219722284e+01
-1.531683268817049282e+01 3.993777827711904038e-01
-1.686563081958095367e+01 -5.840861399042666768e+00
-2.037833535984056610e+01 -4.201792027671369389e+00
-2.442744921262688607e+01 -1.033255525821220289e+01
-1.706404809360823904e+01 3.352816131534983590e-01
-2.431769890968185166e+01 -3.694127973600667580e+00
2.786513249905708989e+01 8.490437014731645249e+00
-1.677753653243473053e+01 -5.021012419108999980e-01
-3.400342809922219711e+00 -4.360757894917839828e+00
-1.303045662523811110e+01 -2.097611623627073374e-01
-1.492183488368916677e+01 2.644820492167982984e+00
-1.915192780629469027e+01 -2.087787514314457749e+00
-3.366802012016766099e+01 1.572341227967114285e+01
-2.105042491539922622e+01 -1.789789997218389317e+01
-2.323904505486033401e+01 -2.125794502996332369e+01
-3.244513350060488222e+01 8.619911307537627465e+00
-3.262101163593136732e+01 1.637847271125048110e+01
-1.316238510244854609e+01 -2.164640541473984214e+01
-2.488500515549562309e+01 1.357738690092609168e+01
-1.408918048927097111e+01 -2.335750897343531207e+01
-1.751871000253503396e+01 -2.003900495356977984e+01
-2.911929470951020349e+01 1.290403686473907463e+00
-2.984192925216470371e+01 -2.502781424264321153e+00
-1.626027146409160551e+01 9.629420255418608576e+00
-1.248278898935638637e+01 -1.038795571133338846e+01
-2.036344008430119601e+01 7.312368846848737114e+00
-2.477664787742054031e+01 5.779291409440992844e+00
-3.408759203477631416e+01 -1.647130927657060440e+01
-1.502012360975140126e+01 -1.819092668897212306e+01
-1.705590191482642126e+01 -4.374793850816237395e+00
-2.252131901445012119e+01 -5.943491730672023188e+00
-2.643193741651210615e+01 -3.660915257659826061e+00
-1.181548594512044126e+01 3.080968365437696921e+00
-3.014524671219891161e+01 1.382985406396600681e+01
-2.651069607234667913e+01 -8.597843183739582784e+00
-4.464585661941109507e+00 2.556313893793085157e-01
-3.218957024040233961e+01 1.690585823854421932e+01
-1.983058465792839087e+01 -1.639679819543824735e+01
-4.058742647815657989e+01 9.529163615900573703e+00
-3.375529114807171993e+01 3.558097770400926674e+00
-2.937399837478874076e+01 -1.662944038930633894e+01
-2.461982986729112000e+01 -1.768623014770898294e+01
-1.483255289211188455e+01 -2.150725896903664847e+01
-2.498565970204548847e+01 -1.292298476359293957e+01
-2.838342582992073915e+01 -2.175512428260716646e+01
-1.505833121898981730e+01 -1.080173030549004487e+01
-3.044547456515877926e+01 -2.075495731901061092e+01
-2.580941251674295245e+01 -2.545244508576816500e+01
-1.640659961458735694e+01 -1.411372417801288748e+01
-2.830368412662762978e+01 -1.057245695234265348e+01
-2.548922913912821642e+01 -1.474693933074549257e+01
-3.184167876555501664e+01 -1.984678095603225501e+01
-3.044003562352710546e+01 -1.912168553586153408e+01
-3.031630421428878464e+01 -1.709508015649221235e+01
-3.471021728962092112e+01 8.921635688555502597e+00
-2.949682629342471785e+01 -1.190236867203802973e+01
-2.428778254723506791e+01 -2.726868536875234028e+01
-2.062950525986820338e+01 -1.996657604430270894e+01
-1.342366899610878583e+01 -2.760975020657971157e+01
-2.785413039410512326e+01 -1.531502048580148667e+01
-2.379029133537317620e+01 -2.176231671339711227e+01
-3.143402939919702277e+01 4.448984476314834069e+00
-2.880384739014995432e+01 -2.107313455698907489e+01
-2.980721452207329847e+01 1.164534157899435840e+01
-3.447891986082684213e+01 4.169100812357042329e+00
3.773154088293117070e+01 6.215084681175819803e+00
-1.964004684878279505e+01 -2.034757552159867089e+01
-2.015167379008398640e+01 -2.864972001262746204e+01
3.734939399301707397e+01 6.056064816271156559e+00
-2.348069270469560621e+01 -2.534666679343833451e+01
-2.324641829502187562e+01 -1.256089659344371157e+01
-2.504094666946325987e+01 -2.243791243729418028e+01
-3.435794452271123589e+01 -1.192835564150954575e+01
-2.414444393833241165e+01 -2.361151906062851324e+01
-2.747161224876738927e+01 -1.730515180204860926e+01
-2.532862976890379159e+01 -1.898726590886810683e+01
-3.390968935602337098e+01 9.351150632120781125e+00
-2.598470129105204407e+01 -1.186749403009014614e+01
-1.957880077840300714e+01 -2.445771247986283115e+01
-2.609349054682905233e+01 -2.124823087571608582e+01
-9.173158376715846885e+00 -1.963021628176564803e+01
-4.945005041883796970e+00 -2.003087331224592660e+01
-3.847252453774689940e+01 1.165357948504038887e+01
-1.993626401770314160e+01 -2.431853579792787201e+01
-2.709479110823135173e+01 1.498568037376761808e+01
-2.401030159171279266e+01 -2.038617758850839579e+01
-3.408278702298006380e+01 -1.364825521817032516e+01
-1.582552268261930983e+01 -1.938974389749447980e+01
-2.850218925168208628e+01 -1.961831820825118911e+01
-2.725443538741453153e+01 1.597743887003372798e+01
-3.390542685290076008e+01 9.013853545826775004e+00
-3.250487737226045937e+01 -1.759081101266954406e+01
-5.132784473848556850e+00 -1.944706810553704912e+01
-3.477525267079703042e+01 9.918248506705934275e+00
-2.758107774029221559e+01 -1.278909766027564565e+01
-2.691767208052283067e+01 -1.703507832782700149e+01
-3.479701184952591575e+01 9.725689935954378029e+00
-2.800361824724673454e+01 -1.215388017781507557e+01
-2.601040237112077946e+01 1.174602159890394937e+01
-1.612072633253317022e+01 -1.234489581911143929e+01
-3.028709219059643942e+01 -2.214472863044166928e+01
-2.412917872123788854e+01 -1.784857613055358883e+01
-2.091124632732603317e+01 -2.475826193210626514e+01
-2.428415849455900499e+01 1.096628345415843064e+01
-2.639205718610910978e+01 -1.461875487679937358e+01
-2.804125779951378306e+01 -1.705149448946109203e+01
-2.243549041499507979e+01 -1.908569387136366657e+01
-2.200275281144493533e+01 -1.954661322847060134e+01
-1.426744285159798409e+01 -1.190252788976861886e+01
-2.531971895713102327e+01 -1.809113076122013908e+01
-2.375382643353409762e+01 -1.666385693307474369e+01
-1.410629137398205124e+01 -1.318290051624986070e+01
-1.984029310069788110e+01 -2.953129831386964810e+01
-3.038776679152113047e+01 -1.325703853978957447e+01
-2.846346642157961426e+01 -1.154248479930416416e+01
-2.841800090670713175e+01 -4.939514644835986346e+00
-3.007128785384239933e+01 -2.439710982972071918e+01
-2.720055720997919835e+01 1.307314172055153811e+01
-1.833201847153116759e+01 -9.564411251282015414e+00
-3.275375950571301331e+01 -1.490227956610843485e+01
-1.933771287626035829e+01 -2.207940759344171866e+01
-2.362720192478387915e+01 -1.023810982886495147e+01
-3.617312717208086070e+01 8.296766749635883897e+00
-2.658507457215097602e+01 -2.146385117022509093e+01
-3.025352513964170598e+01 -1.881968461759410616e+01
-3.827209563363224731e+01 6.215046747590504239e+00
-3.107383046486731004e+01 -1.350962264412657987e+01
-2.726429674192723951e+01 -2.702930078246894396e+01
-2.170743507490601942e+01 -1.629661333186819760e+01
2.612441657803686113e+01 1.148962749998947608e+01
-3.097556050443129649e+01 3.682868118037729399e+00
-2.169991255462849011e+01 -2.807757366284414857e+01
-2.564491815609707359e+01 -2.072896930575645769e+01
-2.588349416472660636e+01 -2.215490944202905599e+00
-2.637832597909935828e+01 -2.011524771107480802e+01
-2.940049563593182214e+01 -1.536458819516034779e+01
-3.000135253580298667e+01 -1.562326565685328106e+01
-2.398620264431411897e+01 -1.632651609103146839e+01
-2.912771236726847945e+01 -1.613033145076475705e+01
-2.005688291304275239e+01 -1.032315207169910209e+01
-2.963999448811175341e+01 2.731778990959701225e+00
-2.260338826418102798e+01 -1.561515473884003846e+01
-3.068034681808845576e+01 -2.137926497439586626e+01
-3.636043051793615888e+01 1.279726127648025269e+01
-1.915141889156289778e+01 -1.357136909556810522e+01
-2.048034414260073177e+01 -1.465473148306918105e+01
-2.948528416568221999e+01 -2.298671922731021056e+01
-3.102229585799872069e+01 6.087565424840458705e-01
-2.897265301331461629e+01 1.307771199774914628e+01
-3.122016165798707021e+01 -1.139815769831602843e+01
-2.401908611371683833e+01 -5.849429770666034756e+00
-2.732692775802245677e+01 -2.752723904531670485e+01
-2.286195628753767650e+01 -1.805426442773092077e+01
-3.830142051582649998e+01 1.359241661368975862e+01
-2.658862908847639872e+01 -1.976211528896112313e+01
-2.181078993959593859e+01 -2.906489170973476277e+01
-2.829074532885653070e+01 -2.364609698333869758e+01
-2.365406494063310561e+01 -1.365907472760689956e+01
-2.951490570305931271e+01 -1.913106236017621953e+01
-2.808948758859593653e+01 -2.440312803170611389e+01
-2.358526856981892550e+01 -1.446073013641919580e+01
-1.586843362929534962e+01 -1.259655383123712369e+01
