1.301549974781615902e+02 1.590708563987103474e+01
-1.417672311303220170e+02 1.418675943116881299e+01
-2.581699766526776330e+02 4.392381655827742293e+01
1.329339093255230466e+02 -1.092369090391497082e+02
2.314966564968088392e+01 -1.767552098629808199e+02
2.671630049734151839e+02 -9.172069388914606236e+01
2.231436731983517774e+01 -3.043452681905738473e+02
-2.559475675455934152e+01 3.228772695829296140e+02
8.507422989951184178e+00 3.638357826377993121e+01
-3.273884207419825998e+02 -7.777246897667781411e+01
2.955367334161929875e+02 6.129445326384996662e+01
-8.896015515511263061e+01 1.153265346376676348e+02
-1.456324606668414958e+02 -1.233987714290839079e+02
-1.724960952752911680e+01 2.016054771264279282e+02
1.050066564866880725e+02 1.420102895235944516e+02
-2.844795746162473904e+01 -7.135772626922366157e+01
