6.204751688392892817e+00 2.351862324865423304e+01
1.166371147307610023e+01 4.126404041497013964e+01
-9.751690476853717371e+00 3.797310254631992876e+01
4.745251394235041609e-01 3.844000615567210843e+01
7.526651839047771908e+00 2.166283343801344330e+01
-1.815906161487087722e+00 1.709950206483643953e+01
8.080883397777148147e+00 3.703391604303470785e+01
-5.093055128522494535e-02 3.050510579770430297e+01
2.338712443460977397e+01 4.896081422379282344e+01
-2.550536801860398128e+01 3.272600507292353456e+01
-4.539470409974557086e+00 4.318775484781563279e+01
-2.203218646635512101e+01 5.541293416658890436e+01
-3.358399767222386867e+00 1.838479912206682343e+01
1.748109215513559889e+01 4.713722740505597386e+01
-2.185980753237047658e+00 4.092286638416041455e+01
-2.255814738205284797e+01 3.694693040228249714e+01
2.284435530831650496e+01 3.302320669286751098e+01
1.824046363776661295e+01 3.971110766091464939e+01
-2.375295136922881412e-01 5.114219510852383621e+01
1.230610879570961558e+01 4.956521587102903226e+01
-9.335807352433427297e-01 4.610022690471662798e+01
1.899611735075176355e+01 2.383023520172172738e+01
1.780748246073497043e+01 3.853938468964209108e+01
-2.074998465164370742e+01 3.645396895777626156e+01
-1.325145817118427871e+01 3.812301541049976805e+01
1.254333446607818203e+01 4.716247408742054859e+01
1.611638124097906655e+01 5.136358381523262295e+01
1.080047814509708815e+01 5.290969925636256477e+01
-1.346966844937958818e+00 -1.607036458844964599e+01
6.698535112851933704e+00 2.632736604104321998e+01
9.143532677170615131e+00 3.767142504367230771e+01
6.324629347763237597e-01 2.673538987909379472e+01
-2.113858801575337232e+00 5.468039115691266971e+01
3.445947269022048509e+00 3.277887450411498804e+01
2.288499615505668050e-01 3.598974973233093522e+01
7.157833346046836853e-01 5.301750193383129783e+01
3.422869022389775751e+01 3.720075937758608831e+01
3.560592942672040095e+01 4.138332892584323908e+00
-1.831880691247241444e+01 1.413287315321055004e+01
1.706338936122837424e+01 6.388372909454913895e+01
6.273722182973929584e+00 4.071385608408760248e+01
-3.855469952841721781e+00 4.658650230734509989e+01
1.678328216695091513e+01 3.134248888654366638e+01
-7.362789558837605774e+00 4.098611312529396855e+01
-1.081004545742628586e+01 2.612823920024303348e+01
8.166079267960362209e-01 3.756479154720485525e+01
-3.537040421848440275e+01 -3.138648351989169250e+00
-1.020253519066599335e+00 6.064975446929319958e+01
-1.500632062658003640e+01 4.342204956682301287e+01
-1.354044854907319007e+01 2.443412177017857800e+01
-4.821911021563481725e+00 1.325652268858570793e+00
-2.002092736008526330e+00 4.410851349748428873e+01
3.840369637774585954e+01 3.505974866059115413e+01
2.274483441912984905e+00 3.585958891012538174e+01
2.057681668637502348e+00 6.253330473605411299e+01
3.640429671990878546e+01 1.115364893282103509e+01
-1.579164447954088502e+01 3.423293947725302644e+01
3.179610058008265483e+01 3.768062670302225570e+01
-2.088917379351929782e+01 3.357976945148631387e+01
3.894282816613717557e+01 2.743536012387097145e+01
-2.963895263875901165e+01 3.593421872974943199e+01
9.578957845600115206e+00 4.400509067289345921e+01
-4.401029956263692533e+00 4.060534947432361008e+01
1.165532874820327969e+00 4.715222015313424464e+01
-6.144991571883668513e+00 3.070620399355076913e+01
-7.296377106432045956e+00 5.592749858516231853e+01
-9.086677290887173797e+00 3.013869670148115887e+01
-1.212567948040450538e+01 3.273843622892464822e+01
6.113542260531050765e+00 3.278121189020082937e+01
9.723404900165874665e+00 3.549827224380157986e+01
1.055323050604684099e+01 4.103019662592939198e+01
-1.227874054652414237e+01 3.075512793012071100e+01
4.549753244373767380e+00 6.585045194636506949e+01
6.393992078776164156e+00 3.164184313828895867e+01
7.790002963379947687e+00 5.723688139039257550e+01
1.460383460857180005e+01 3.572262541454333729e+01
-2.629294429853552728e+01 1.049040540434164370e+01
2.121444146625609761e+01 1.741390706406452438e+00
1.875137511448392758e+01 -3.525674004956854901e+00
-3.666664194473209193e+01 4.680963983044171606e+00
-1.511913716514823669e+01 2.032256356657915219e+01
3.079722260609168671e+01 -1.130907776296878708e+01
-2.093010476219151172e+01 3.074776972987383772e+01
-3.196267962743143443e+01 2.324759447552633063e+01
3.138103036744627516e+01 1.786271131845333571e+01
1.080110469192767475e+01 3.212534905981456035e+01
2.295712382949207608e+01 3.187904513577192134e+01
-1.751637324358020464e+01 -9.309008246275299214e+00
1.275276511950017877e+01 1.787456348009173634e+00
2.607681974904863154e+01 2.707789749014221670e+01
-2.132951479020129426e+01 2.080056741497137551e+01
-4.568190797729913299e+01 1.564017904743492515e+01
-1.007445437548575384e+01 -7.413841499901545617e-01
-7.755753902903127717e+00 4.349926141350379538e+01
-8.507695193842177872e+00 3.647922485114209934e+01
-1.529062158714519093e+01 9.415031042025209018e+00
-4.440882892994269326e+01 -6.223157574382395474e+00
-2.612900338470574901e+00 1.926319417179504967e+01
-4.509960402701119619e+01 -1.484882628447195785e+01
3.098226594490027708e+01 2.204136922165702117e+01
1.806519493543878596e+01 1.422505987368846192e+01
1.739268186801927740e+01 -7.193358057201583833e+00
-1.744007198585283902e+01 1.088651584575679721e+01
-5.019824987949113648e+01 -8.492496354812439918e-01
2.125640643895188830e+01 2.524792847947573637e+00
-2.894921473440384219e+01 -5.416738319264655210e+00
1.411874448502204338e+01 -2.699697135897404365e+01
-3.919133679767760725e+01 2.748985070934014985e+01
-1.880947324114014307e+01 2.744921909330910026e+01
-1.691108341097934442e+01 5.318229986719428481e+00
2.038051477916797438e+01 -1.356800037043208462e+01
1.399566318494787609e+01 2.669681809348223922e+01
-4.237609275984723922e+00 -3.994345415987278614e+01
1.422397896630362091e+01 -1.830046553172238077e+01
2.362962042718637079e+01 2.250420869652581146e+01
-4.630617127566380020e+01 1.234953670080483867e+01
-3.626259704299306463e+01 -1.226138384155418137e+01
1.583542973231101136e+01 2.778410978344463711e+00
-6.258757619811400552e+00 -1.116562147199235611e+01
2.625670621761891255e+01 2.465867636196697532e+01
-2.220679559877092402e+01 -1.960890494843033238e+01
1.599692196698810065e+01 -6.918727828752595954e+00
-4.180418997594293984e+01 1.056745065821612428e+01
1.463945201094805881e+01 -1.039088064090280561e+01
-3.256339016744464487e+01 2.522577803729582868e+01
8.011639171960634798e+00 9.415346675528272868e+00
-1.905986984960080832e+01 2.483876130481606381e+01
1.415776969649320982e+01 -1.719184985670420440e+00
7.890994716733616521e+00 -1.543636747891366134e+01
-2.576324920604327318e+01 -2.186139787704424009e+01
-2.121671856304928028e+01 -6.401602062005350646e+00
-3.700604098578146761e+01 1.799460782252469926e+01
-3.322334865606632803e+01 1.192039312369160342e+01
-4.828016538559379001e+01 -6.519446054551931269e+00
2.358396490729139039e+00 1.877989249938910987e+01
-1.724005287711832368e+00 8.470605767617914950e+00
-1.772551421162765450e+01 -7.241105424528653245e+00
-3.483810627247733294e+01 1.596259938709809134e+01
-3.184452820208178103e+00 1.610616437376386934e+00
-4.835706405927945895e+01 -2.615600156318354408e+00
-2.559521698678549839e+01 -2.271384864756073085e+01
8.991216221300334155e+00 -6.423842288659948885e-01
3.345554292627694792e+01 1.700701587962742733e+00
8.265930650049574169e+00 4.507952827385537375e+01
3.206227706816031997e+01 -9.577359596570058642e+00
1.984496386412208224e+01 3.554249776364496682e+01
2.513987632704643715e+01 2.968390114716308403e+01
-4.155939204773721229e+01 1.764692136798182176e+01
-3.363806817520556081e+01 1.339984739055074670e+01
2.822982474394837737e+01 3.388428225925848380e+01
-3.627688886707751692e+00 2.008506307124034507e+01
4.051292933881510017e+00 -1.426834741194347522e+01
-1.117933166291677693e+01 3.567491564797831138e+00
-1.128074827032281036e+01 1.913938446212524269e+01
3.134264589218378916e+00 -3.053868639691779308e+01
9.733530434254440422e+00 -1.090251219132818328e+01
-1.790169686589320719e+01 3.398190036999100272e+01
2.987114663054402186e+01 1.446995353876124213e+00
1.000732634213038708e+01 2.214170422960008722e+01
2.479335320356501526e+01 2.129377497423480037e+01
1.757837414772497198e+01 -1.247635281081956826e+01
2.518602916484719145e+01 3.710377351366042831e+01
1.443422535035200305e+01 6.466321027314982928e+00
1.197405638496463176e+01 1.025403300443620580e+01
4.100697602214576420e+01 -1.796399171455124844e+00
2.109090992001310561e+00 2.180137331641228116e+01
2.132526120755336407e+01 -8.242656451398271855e+00
2.024608299930068611e+01 2.351653857915139412e+01
2.173746421958354702e+01 -1.048991987237151413e+01
2.737027948774485964e+01 1.522534340704695843e+01
9.580414446306251719e+00 2.640442740410536970e+01
-3.321978728773134826e+00 -3.075725380175901691e+01
-4.825501935443261914e+01 1.128252852104915549e+00
-2.516734587533752787e+01 3.711998660652110971e+01
1.556321022147818667e+01 1.153607820090352121e+01
9.718704424513468609e+00 1.040426565049845919e+01
-2.979068750128863297e+00 -2.039963310392515083e+01
3.368227035188439089e+01 2.152086329243193319e+01
-5.343260186432571501e+00 -2.150448501697623627e+01
-3.203061320987688276e+01 2.804292750822912517e+00
-1.321317336683485522e+01 3.982458638489698721e-01
2.282272271082382620e+00 1.198768665163180458e+01
2.072532455751389691e+01 7.966535263747092088e+00
1.261905816462412666e+01 2.370894648464778953e+01
-2.132843047639645828e+00 1.027491608860288430e+01
2.195291451906998148e+01 1.488007188737268827e+01
-3.399352216184139763e+01 -2.232143521338915448e+01
-1.956424858157958724e+01 -1.998096236765492151e+01
-9.540444792654897199e+00 3.710867380321887232e-01
-5.874090924192371332e+00 1.813052666035478921e+01
-2.080312420548441921e+01 6.962082954159938275e+00
-1.201834400101911449e+01 4.470591737932067389e+01
-2.591030317513028258e+00 1.890267240734977605e+01
-2.840585954113035783e+01 1.688576268976985872e+00
-3.227051501061751537e+01 1.650647155324990578e+01
1.469683147284985836e+01 1.821459195713046597e+01
2.342469876125683825e+01 1.195465352109733104e+01
1.348540979241185944e+01 -2.295144162948900046e+01
1.700173784729373594e+01 -1.444491017909158570e+00
-4.685480683555673664e+01 1.123760589609517346e+01
1.466405721498762205e+01 1.094267096424054664e+01
3.092448984652407518e+01 7.541960968524350051e+00
2.956527977097282189e+01 -1.249795940312833586e+01
1.875901275920958966e+01 3.122380674570935710e+00
2.498180807806081916e+01 1.205969204712756149e+00
5.416241063945394174e+00 1.061061069669996115e+01
-1.131527858901524652e+01 1.696668423935809411e+00
1.879462004425908717e+01 -9.810243273972050204e+00
-1.950286393783259697e+01 2.166171670220621692e+01
2.396784678675961544e+01 9.749856980073419166e+00
1.663317037168967616e+01 -1.699777456729595926e+01
1.824403025462737471e+00 -3.877891957988159000e+00
-2.536772460143541252e+01 -3.003913447939700987e+01
-1.460425227652893199e+01 -3.307074401388165796e+01
-3.351245934261292092e+01 2.428507040049588639e+01
1.592182748453475583e+01 -2.717402188062113311e+01
1.730447853236861455e+00 1.054265015672983274e+01
-2.940022905444693535e+01 3.310007823265598148e+01
1.162320959529516529e+01 -8.470079578070205173e+00
-5.237456057150432720e+00 2.284953770741120138e+01
-2.679499361765792287e+01 2.122609363557479867e+01
-3.962208653056419116e+00 4.629603711299562718e+00
2.261215793744197100e+01 3.866259668174462405e+01
-1.118405316180288445e+01 -1.190821498046115146e+01
-8.808121758001496104e+00 1.008656412288936544e+01
-4.578265609110648171e+01 9.444778684104878863e+00
6.083186408990020055e+00 2.297786804528515692e+00
-3.720836736538355893e+00 -2.840109561223075119e+01
1.891105021994662039e+01 3.378687980089427612e+01
1.177554530616079198e+01 -1.606069245907342591e+01
1.085344141206222979e+01 1.885410673067209331e+01
-1.714935117283357968e+01 2.496585673285924756e+01
3.401534281475012911e+00 1.285906215364290794e+01
2.589123910573181320e+01 -3.745668047667222389e+00
2.556519246345266172e+00 6.298600649458827583e-01
-9.141289149917387391e+00 2.259864637236193730e+01
3.832162673508904049e+01 1.265253174032933969e-01
2.057343899239899443e+01 1.762598575405401036e+01
3.738674707314722845e+00 -1.232535625207769492e+01
7.689611521208246536e+00 1.564912047257095651e+01
-1.383177754764779799e+01 -7.812365449807487039e+00
1.269031204439064275e+01 1.933000608044977042e+01
-6.322799413699692117e+00 1.169406962658580795e+01
-3.526166663081421149e+01 1.228000765885556334e+01
1.724835508228978398e+01 2.070387580763122415e+01
-2.444655219452561568e+01 1.250347850019124785e+01
2.875047954607127920e+01 1.159161216666424821e+01
3.168079806373364349e+01 2.685627802061977221e+01
1.536058738600750928e+01 1.406914987727434330e+01
-2.993312334452851076e+01 -2.073579740780413516e+01
5.592872012843677076e-01 -2.628163872555597891e+01
1.024211144114992145e+01 -1.996793257029234780e+01
4.765428744994553156e+00 -2.135139359473096121e+01
-8.177972518609701424e+00 -1.736170537078952592e+01
-9.670825009798008409e+00 1.999748126940496817e+01
-1.733594292893808131e+01 1.851954865851482879e+01
-1.505335867248539472e+01 2.880458091185020919e+01
1.583155764695745127e+01 -9.216956948562160079e+00
1.468947183485581398e+01 2.161844894002302908e+01
-7.431107575353481209e+00 2.314772256716649679e+01
2.125268780880394948e-01 -2.101176729756296169e+01
-2.298953815579578119e+00 -3.271672786765519447e+01
1.767203311140866973e+01 1.194389843026345588e+01
-6.004091430346586655e+00 1.240615921615752981e+01
-1.081396319894877500e+01 1.759684516035704149e+01
-3.603999441488412714e+01 -7.587974978644011159e+00
2.817044352375933869e+01 -9.011988592471192661e+00
-2.470519960117785629e+00 -1.525566590927081378e+01
-2.068961104477926582e+01 1.218127471851008181e+01
-1.911233197884758539e+01 -2.137358797620626660e+01
-7.658018432187109426e+00 -2.888470391311965102e+01
-9.974719974420279911e+00 -1.452178352118484739e+01
-3.586099027356637237e+01 -9.482013970710667650e+00
1.304989138358479117e+01 -3.465147738915645093e+00
-2.462225983615642377e+01 8.865630994012514421e+00
8.454396998174370514e-01 -1.727661947706348755e+01
4.812209759169360446e+00 4.196341120313457296e+00
-8.429639640646998444e+00 -1.160201010527234899e+01
-1.363024909262890638e+01 -1.418171479404471569e+01
-2.412507165852711921e+01 -2.605714324562536177e+01
-2.083115526237858717e+01 -1.436662444130020688e+01
-2.198582723826984164e+01 -1.372146531936068570e+01
-3.630430998256056796e+01 -2.003117115256537062e+01
-6.767949968922573944e+00 -1.515113839178464517e+01
1.755477552867483304e+00 -1.127328463848029116e+01
-6.116707554540776748e+00 -4.015207299671435948e+01
-2.360666947884435984e+01 -7.469004456164165084e+00
-2.019654574426895621e+01 -2.074673005748837085e+01
-2.139772120341131867e+01 -4.571600290532987998e+00
-3.234996935487469472e+01 4.187913980420034932e+01
-1.213489331572484708e+01 -2.914279192539193275e+01
-3.464233475548331143e+01 -2.702492805969211531e+01
-2.007041648334641337e+01 -3.329095396816874342e+01
4.813303861886218726e+00 -2.702840930973908939e+01
-1.696903889549202304e+01 -2.381382484816761291e+01
-3.345177129842754482e+01 -1.686719138370894155e+00
-4.394438143495565186e+01 -8.285596170511237091e+00
-1.781261188450745436e+01 -2.764121886765439129e+00
-4.894519906977788537e+01 -5.640969292363104515e+00
-2.384491823167072866e+01 -3.756961683248074024e+01
-3.020009480735808793e+01 -1.489125123023048047e+01
-1.439228227266238669e+01 6.457733056628780943e+00
-4.802384285889295512e+01 -1.424490661169840955e+01
-2.273562945277110003e+01 -3.661159677710053018e+01
-2.399191794017776402e+01 -2.448458821659919593e+01
-3.313082466182394370e+01 5.191867497063471504e-01
-2.471488195227213325e+01 -3.181530435256778944e+01
-2.491683273961202261e+01 2.430824916031319560e+01
-5.639143794202566795e+01 1.291024328272076005e+01
-2.763880878422627063e+01 -4.908559389300344300e+00
-1.286484972607374999e+01 -2.035083979819820854e+01
-1.305792365444827929e+01 -2.381094162079941157e+01
-9.582496489668694828e-01 -1.574868842129917290e+00
-3.702513302965091668e+01 -1.595933824160440828e+01
1.022251230813027822e+00 1.067126334889829842e+01
-1.881589985377523533e+01 -3.672232934572819829e+01
7.483669130874150532e+00 -1.845092041243095338e+01
-1.558335330370786664e+01 -1.918445219114569866e+01
-1.059867976749758611e+01 -2.110386712693497913e+01
-8.151333198472997310e+00 -2.545945796112574300e+01
7.946340832161857826e+00 -4.318130511192414644e+00
-2.005095276558258988e+01 -2.655298092407217680e+01
-8.403941306450681381e+00 -8.033404777391091045e+00
4.213588656943960231e+00 -1.091223572367653638e+01
-3.566423910045358525e+01 -3.083014571551583316e+01
-1.071480281415086999e+01 -3.265919033862125787e+01
-2.622088761940976553e+01 -5.158063462463635673e+00
-1.123751212454433990e+01 1.023536012827474373e+01
-1.778966314886543287e+01 -3.557659889789977115e+01
3.260907232042140169e+00 -7.421059538175333259e+00
7.518931996802450612e+00 -2.551425493226757624e+01
3.214650155530623010e+01 -4.023375912639095731e+01
-7.477587058570267509e+00 -5.613800022582044136e+00
-2.409069788667577683e+01 -1.414234771179408412e+01
-2.333976973275369815e+01 -1.173638620351534456e+01
-8.854520958236202333e+00 -3.135413470443111450e+01
-2.824312546034412463e+01 -2.332828026545777789e+01
-2.783816185914056440e+00 -2.313277011203605582e+01
-3.138047164694351210e+01 -3.289751667109071320e+01
-2.856223129750884127e+01 -8.480265055159497578e+00
-2.090025268345489629e+00 1.486326102233518753e+01
-2.681333254285170042e+01 -1.753744511395403549e+01
-1.734849856733502804e+01 -1.350143134379202525e+00
-1.300472082879238656e+01 1.540364225522003583e+00
-1.216109684952190406e+01 -1.329195851027864705e+01
-1.573019465716824250e+01 1.236928125330045702e+01
-5.815106334655243403e-01 3.068187386382455628e+01
-4.191079545190696365e+00 -2.660354815707452403e+01
-2.892758634545228702e+01 -1.488282739519081854e+00
-3.863108099409004126e+01 -8.578372711252402194e-01
-1.060203392762780972e+01 -7.008536094296799135e+00
-3.059920320180238917e+01 -1.259039484447164270e+01
-6.327646935093391711e+00 -3.289637661279031988e+01
-1.844555044784509157e+00 -3.665902093062472389e+00
-2.667462741791729997e+01 -1.406927043761299423e+01
-1.468305198815823864e+01 -1.091356521212534503e+01
-8.373328279295979115e+00 -7.401542088854151658e+00
-3.216881822703417271e+01 -3.276085238505882558e+01
-2.506405462835901332e+01 -1.036905175311592986e+00
-9.296595680429433628e+00 -1.562821643828076823e+01
-1.944566961212449741e+01 -1.398848796219337487e+01
-3.460170293196399172e+01 -2.883088895577898469e+01
-4.240510753257122900e+00 -1.079991743448758790e+01
7.557008653386927399e+00 -2.887617173372741597e+00
