-7.600256347125136358e+01 -1.899365554478865477e+02
-3.822760122726202070e+01 3.370911861476242422e+01
-5.224892157665532721e+01 2.095937894558910273e+02
-3.015649867702847473e+02 4.757833333620168048e+01
1.905387296576363099e+02 1.438891578032975076e+02
-2.167800640730978046e+02 2.163116458189363414e+02
2.915997552708026888e+02 -3.545674634733039454e+01
-1.463985411494571167e+02 -6.939281389815575096e+01
3.217121480032093217e+01 -7.614559089322956709e+01
7.732139167293281901e+01 -2.003625663568977018e+02
-1.641276794013230358e+02 7.493425801862193225e+01
4.581398247363759424e+02 -3.809345834494218508e+01
-4.566779214322966709e+02 3.908221074918485982e+01
1.463801096554579431e+02 -8.538512612265000357e+00
5.629888206452770305e+01 1.244666609803688289e+02
1.940098978376566663e+02 -2.728748591582216818e+02
