3.561178694806708478e+01 3.449998915261171817e+01
6.634402778419808300e+00 -1.044901154711345015e+01
1.519840044599030193e+01 -4.090560415828057472e+01
-4.973942615077348250e+01 -4.189636638588343232e+00
5.145395794235201947e+01 -3.622511653855729463e+01
1.602412332005624762e+01 6.080852436671384531e+00
-6.039320675436225372e+01 -2.628187759118786104e+01
-2.320671266743493888e+01 -6.890874818422160786e+01
5.256234256938157756e+01 -1.811757871686060284e+01
-1.062077608552063452e+02 -5.652777519057202937e+01
7.352902494253973487e+01 1.031471337364271257e+01
5.785286110268179627e+00 -5.545358354432822523e+01
1.544669144473492572e+00 -3.917585556243810885e+01
2.913061050278383135e+01 -8.793143788065577837e+00
8.744802855253446694e+01 -1.906330997242782388e+01
2.436327758052347647e+01 -4.314697909577134993e+01
3.626994333793027891e+01 1.915088723929976311e+01
4.374601580251115251e+01 3.305458610454145685e+01
-4.634636425287759209e+01 -8.470305289909045143e+01
1.384044248742773497e+01 -6.147829650456849038e+00
-6.206508380761374610e+01 2.879698777708039614e+01
1.181895699288936044e+02 2.383178410529409419e+01
-1.488850945446262983e+02 -4.405838538210173994e+01
-1.571953652476113961e+00 -4.934952413543725669e+01
9.754583453587262909e+01 -2.944735354190557430e+01
3.714102402174602702e+01 -5.051180629487840434e+01
-3.755835064980730209e+01 2.002440287795933926e+01
5.400406937970617882e+00 3.573029308264418091e+01
7.009360279888726097e+01 -6.641111770856422680e+00
-1.752930838834918070e+00 5.606066560311705160e+01
-6.507329998386653713e+00 -3.084009926193395046e+01
5.376730461946331729e+01 4.920286242198581306e+01
1.238964068822983755e+01 -3.797082410104751204e+01
-5.649233148338511512e+01 -5.047909187004200504e+01
3.770034964639037867e+01 3.822397929646950843e+01
1.994062293919071038e+01 -1.863344386955130005e+01
-5.783618554217361662e+01 -6.049461032077392275e+00
-4.124325037272849670e+01 -1.835222459130866923e+01
-3.838825002958658672e+01 -4.566342285492105901e+01
-6.113929256440911786e+01 -1.881058983184346545e+01
4.498321361149552189e+01 9.281391404013396595e+01
-1.212065383028858534e+01 -5.793257902553740024e+01
-5.412312672679126635e+00 4.807659948500943869e+01
3.762741014564250364e+00 -4.716170788623366406e+01
-6.668121243009213828e+00 -5.113835524141745026e+01
-1.676998855642177766e+00 -1.677927069283942529e+00
4.242964290257687310e+01 -6.844365208684378921e+00
-6.542737395445982429e+01 -5.184311058773201353e+01
8.344791236033437087e+01 1.823527622010971783e+01
6.970628482480593746e+00 -2.623613772048210180e+01
-4.449287190748293375e-01 -5.876102760376368650e+01
-5.264089644435120618e+01 -9.544672286184912480e+00
4.295938133183810237e+01 2.025001592289644492e+01
8.755507086375558856e+00 5.139262532784219673e+01
4.165085242366405538e+01 4.342081005458261700e+01
3.904746428072863296e+01 -1.340386251740649470e+01
5.261183180014128880e+00 -3.274662877994611421e+01
5.840730148863283233e+01 3.873759143996468879e+01
-4.838879188658081176e+01 -2.711974030643797207e+01
2.818630396541799854e+01 -1.625848801363936147e+01
6.899375103796582209e+01 1.861400129482945642e+00
-4.578978115704136087e+01 -3.247899724149587541e+01
3.435707058346721254e+01 -3.504034857104296918e+01
-5.830470759807581516e+01 -3.189493182947270711e+01
3.053107051706852815e+01 -2.164669814808710413e+01
3.200773467630558144e+01 4.803056439878518802e+01
3.118271892824146718e+01 -4.112824371587262817e+01
7.327570910315856167e+01 -5.129240554001986396e+01
7.326420794771808964e+00 -6.917998739598483837e+01
-1.443679163436242519e+01 3.166229653967333135e+01
1.822598934206595445e+01 6.429303344455918534e+01
-1.144290009037841749e+01 -2.452712640913081188e+01
9.295691049785421711e+00 -4.627978540171277899e+01
6.428515476248925609e+01 3.381575580347783472e+01
2.359317184632838504e+01 -2.446231753198700076e+01
-8.572831141364593677e+00 4.482788837340542187e+01
-2.745721013963322932e+01 -3.222204011636838317e+01
-2.414598493269560464e+01 2.130406768362652770e+01
-5.480818554270108933e+01 5.476027100562417615e+01
-3.115487430557660886e+01 2.160199371717658323e+01
-6.312128918768564034e+01 -5.811438831657057591e+01
1.491574128798427346e+01 1.769562575094777657e+01
1.565472068510263881e+01 1.099781224918866052e+01
-4.326069035043704503e+01 -2.879591838427814299e+00
-5.289880544952093544e+01 2.134267560686245702e+01
-2.855271587617528084e+01 -5.832264467341319403e+01
-1.523909261048163266e+00 7.278851494933752520e+01
-2.520559212766420032e+01 -3.508880418766577236e+01
-5.373547480451732383e+01 -2.291057098808647297e+01
-1.569324982768782561e+01 -6.304776473054488406e+01
2.304483920890849191e+01 -1.521668118315690155e+00
-4.295248692935387425e+01 4.409630655033604540e+01
4.061719545491646954e+01 1.165005111036528973e+01
-1.585566107014622084e+01 -3.472395913006141654e+01
-5.197853688977553333e+01 1.160816213773028061e+01
-3.119273406960195505e+00 -4.366868507969464730e+01
-4.060468925466120993e+01 -2.575770340239403211e+01
-6.419659942983567014e+00 -3.726215180066261468e+01
-3.810871688448041539e+01 3.551613475481878002e+00
-5.513058865430267019e+01 9.920026636857403446e+01
6.772623484167944241e+01 4.031988810369691834e+01
4.428069174694777388e+01 2.762655398564270115e+01
-6.551088359454723786e+01 -2.514539468325536209e+00
5.027493348545659302e+01 -4.286497972060302430e+01
-2.681962568609857556e+01 -8.645475676260229392e+00
4.052032339005840811e+01 -6.756105962816822341e+01
-2.549268066069522831e+01 -2.277316587952455507e+01
-5.466702663074824997e+00 -8.167159201712287597e+01
8.905852054558782527e+01 7.580785683736232272e+01
-7.270390429047385084e+00 5.695060663573399751e+01
1.042451802880041889e+01 3.876921858316795522e+01
1.596168455550968801e+01 4.989679401134024772e+01
-3.698816717659151010e+01 -3.101826309565257844e+01
-7.797280341722599317e+00 -5.543600252800542449e+01
-2.693661306505710673e+00 1.860859547200363906e+01
-4.851709777850627603e+01 2.149595652128655665e+00
-8.847852313011506098e+00 -4.711013607120740687e+01
1.315151649465278751e+02 1.416173869911650485e+01
4.155197171532652334e+01 -2.688871053370441544e+01
5.678685158941540578e+01 -7.728440678498342820e+00
6.447717701216895136e+01 -2.450895627028589985e+01
5.415287261077076408e+01 3.251044625141976496e+01
2.992645024872127379e+01 2.159765569821996323e+01
1.901398717848999098e+01 4.174116840234560044e+01
-1.553794137257371055e+01 2.616334210854576270e+01
6.867889069086598397e+01 1.547697372904524116e+01
-7.323544646588140949e+01 1.055899439097121899e+02
7.789159515646917953e+01 -1.601401829334398030e+01
-3.350034088878280691e+00 8.700370128634679290e+00
-1.147480981581556136e+01 -4.316418139846171442e+01
2.850316053110547898e+01 3.038023422362561732e+01
5.465063760173169527e+01 5.564417317415884412e+01
4.841631779042164396e+01 -2.226062758754817850e+01
-1.723032118407456181e+01 -4.146669005188014268e+01
-4.810495415251584461e+01 3.929007515866375400e+01
5.017770213819547109e+01 1.826516425574613578e+01
-8.004218891872463360e+01 -2.836031956714664659e+01
1.269382379628049762e+02 -3.842825115066057862e+01
6.540892975403069443e+01 -4.625721213668717269e+01
9.208244272159981847e+01 1.934040507886987470e+01
-8.442840162952973060e+01 8.550578830681158138e+01
-3.535526756482196831e+00 -1.522568952813649013e+01
3.968651333403688852e+01 2.696543597295529082e+01
-6.360214210974248772e+01 1.271429669247072880e+01
-1.342273300136336278e+00 -1.759290640653441073e+01
-5.129614502125798481e+01 2.944410238533714264e+01
1.028764716195931861e+01 -7.572035696149204398e+01
-5.765368518920539742e+01 5.276873973573830590e+00
-1.741453466738242195e+00 -3.201606945468922305e+01
-3.186882857984733874e+01 2.773376132777690373e+01
-3.791995920460202285e+01 3.750682250999422251e+01
3.982360320905153905e+00 -6.646794738093311672e+00
3.181872721852415964e+01 4.699600385473856612e+00
-3.547168041054510468e+01 -8.646355431036693062e+01
-1.636535314174798117e+01 -3.854328440908578557e+01
-1.950684448098930446e+01 3.083595673383311642e+00
-1.062994026832778083e+01 1.456649742375125633e+01
1.407768534161737861e+01 2.767965440172377356e+01
-2.422267081421233215e+01 -4.652681606767068700e+01
4.505756021778491771e+01 -3.338448878562047639e+01
3.485391555429825416e+01 -3.082682448330136182e+01
-3.144708343817377383e+01 3.628078647401089540e+01
-3.442373092393736300e+01 1.480750500306131023e+01
5.072770219004706149e+00 4.538769174112557181e+01
-1.737506298934374627e+01 9.797713424642219948e+00
-7.060873655908046942e+01 -2.430913180401998730e+01
5.681196438739113574e+01 2.087632524268639145e+01
-8.052669442838887193e+00 -1.795199806837432277e+01
1.127806437520464389e+00 6.076025098952380432e+01
-7.004838711855485123e+00 -5.110453688258153271e+00
-1.345942437789368995e+01 3.354786871847727614e+00
-1.217578264113826414e+01 2.071408738680080930e+01
-4.381725123655784415e+01 3.563571207464013213e+01
-2.844036807963815860e+01 -4.009255260465733883e-01
-3.968883337222217023e+01 3.082025118151400278e+01
-6.440617447620179803e+01 4.983074807116241622e+00
-2.876785765455917687e+00 -1.932480907847488538e+01
-8.193271056225611915e+01 -4.369709456398899050e+01
-2.070570251549337470e+01 3.371957815502013034e+01
2.970404748140319739e+01 -3.516563909894868800e+01
2.267685152577772456e+01 6.101877517786603278e+01
6.347644395177977117e+01 1.048195466454564340e+01
-2.077253924664137230e+01 2.613867435431901853e+01
2.861592063476514625e+01 -2.777650111260578569e+01
-5.812950916800455303e+01 3.106034932562007000e+01
6.126330450866527855e+01 -7.609501156955715828e+01
-4.062459360335395075e+01 -3.733993199409464125e+01
-8.129853175980608526e+00 3.913776206575030869e+01
-5.544023561871622974e+01 -4.237480771940339963e+01
-1.781229257468455884e+01 1.826692858276632947e+01
-1.832587068723230317e+01 4.963899254945612682e+01
6.359907106031962520e+00 -2.706643864378541764e+01
-4.885977255733941149e+01 -1.623932188101691665e+01
9.459693546796708574e+01 3.249115591957816918e+01
2.953359541789577847e+01 -5.008178528962299936e+01
-6.565021140162625102e+01 -1.096920500518192654e+01
5.948804161790011591e+01 2.159832093541523612e+00
-6.912730954895453195e+00 6.443014091714145763e+01
-1.798827698616374038e+00 -5.356776184663119977e+01
6.364675134681510116e+01 -1.059796485624216444e+01
3.297226580505568450e+01 -2.252984569221077038e+00
-3.329690129545562627e+01 -5.211832025929934886e+00
-1.463054907877080701e+01 -4.931567825477657152e+01
4.461880203874951434e+01 -1.100496517056969203e+01
-2.343112566598151147e+01 1.516947086418946355e+01
1.385585814208844511e+02 2.243393171982592094e+01
-2.955933559450247117e+01 4.852584636785717720e+01
-4.633571716769699833e+01 -4.646187788024811027e+01
2.981110776978620791e+01 1.212250077621143163e+01
-4.636363056656067982e+01 -1.168083861799114231e+01
-3.156539863048986660e+01 -4.438032329253601915e+01
9.602185829824573915e+00 1.610744704198689092e+01
2.399392748427430178e+01 1.128378110866782009e+02
1.512779860100607543e+01 -2.608030010264973697e+01
-2.510046437632180272e+01 -5.241556334072937062e+01
4.625042920572972349e+01 1.151953640807672929e+00
-7.364000551914867287e+01 4.892423343978485661e+00
-6.680991091311499375e+00 -6.160116133428947194e+01
9.608812757988121689e+01 -3.943792193690033798e+01
-1.097290313869286571e+01 2.606543294965220525e+01
5.037538757690613522e+01 6.551040222837091420e+00
-2.658297621393614563e+01 3.235616265880399567e+01
-7.167095257858765223e+00 3.348931510925624622e+01
-3.654324522022203325e+01 4.403457891254208079e+01
-3.178918261042909776e+01 8.340450677053658168e+00
1.327952227951040065e+01 -3.175891525138085925e+01
1.796117051827521038e+01 -4.699107477526472820e+01
1.966848905302803985e+01 -3.839749113623390997e+01
-7.538964201602924220e+01 -5.148825092672826287e+00
2.422649676660418905e+01 4.335723284126284938e+00
-1.898200683512346032e+01 -1.490932045809096351e+01
2.572750357523397824e+01 3.640368214361914312e+01
7.319772324982737643e+01 -1.504704052670581582e+01
-3.290065615600130400e+01 -2.030740186182629614e+01
-6.141096743124962387e+01 1.941447069224331301e+01
4.032406120228977642e+01 -3.963223685377454331e+01
-2.107054860023959719e+01 -8.961089643818358486e-01
1.933531756304670068e+01 2.299202588414068771e+01
-9.804498844174040073e+01 -9.780143209879135213e+00
-2.687400689385023611e+01 2.660334269433102605e+01
2.243020259758411683e+01 1.396391594966540417e+01
-7.693073634027685159e+01 5.360553403514266790e+01
-7.643948191949643256e-01 8.147514608247445267e+01
5.212930582069960295e+00 6.317061362454692386e+01
-3.086933926122288341e+01 4.175893352567009487e+01
-2.576800956216628791e+01 2.398256621350294893e+01
-2.503005898994086920e+01 -5.700631965253454503e+00
2.432053143981756449e+01 -3.278502450753591546e+01
-1.981752025526541416e+01 -2.301768203613543307e+01
2.386610744481781232e+00 -2.439520713859832313e+01
-5.251548562356850880e+01 -3.667685640057332108e+01
-5.905404169142286008e+01 3.920859172157730654e+01
2.235739416998400841e+01 2.840961556349196826e+01
-4.889225774668064872e+01 -6.212021077364127564e+01
-5.798383747478414563e+01 -7.495986826466322839e+01
-3.562772847973963053e+01 -3.116287133631402995e+01
-2.371260379331661028e+01 1.743766699720636737e+01
-1.078250262451784636e+01 -9.363203572233974592e-01
-9.214714854644444841e+00 -1.183300374820924006e+01
1.058793515046449052e+01 1.151094024773290769e+01
-5.248840856601162130e+01 4.646358585618818182e+01
8.208710544253349894e+00 1.127661502740899238e+02
-5.370444044817871543e+01 -1.488732718197206317e+01
-3.062286305508776252e+01 -6.338831507368863072e+01
-4.337311023626445206e+01 -8.495358608646449738e+01
6.050030634763984239e+01 -1.032031489096178234e+02
6.579055252141350252e+01 5.523778598328586753e+01
-3.788843000263131700e+01 2.558884110189475436e+01
-1.522269209960823488e+01 -2.214387561501109047e+01
-3.948786035622771351e+01 6.931844805339032689e+00
-3.813781985905927741e+01 8.411339942689789950e+01
-3.759444115658278918e+01 -5.722695150244919660e+01
3.571264345621789715e+01 -1.838712801881910508e+01
1.157317078256550680e+01 -1.648895408729156031e+01
-2.820715659242115692e+01 -2.066392991860702111e+01
-2.477635596464362067e+01 4.571859497728360111e+01
-1.801710175015251636e+01 3.947679722186877882e+01
-4.028884636701183553e+01 7.492657809700803284e+01
-4.609516961762432175e+01 2.474919610063524544e+01
-3.794443316289061130e+01 -6.023797603298948200e-01
-1.866925448696225587e+01 5.784470967578868539e+01
-5.855623612834077818e+01 -3.545277350630355073e+01
-2.297321462659384395e+01 -6.028349435378033405e+01
-1.116431507691058442e+02 -4.473792854387684059e+01
1.412541242737854041e+01 3.436296782494254387e+01
-3.321574320852550954e+01 -9.946238569132818341e+00
-3.150277894057946071e+01 -5.107298733811398250e+01
-7.490511166632474271e+01 -7.524627128014248001e+01
-3.809153938354408098e+01 5.834363739880004829e+01
2.142538937594521631e+00 2.906302839606166799e+01
-4.799388576136755802e+01 1.994768114359587585e+01
2.201014814248636142e+01 5.198389836520011187e+01
-6.271152948677079308e+01 -4.028304952430602270e+01
-4.369901804627630781e+01 1.426781885111629933e+01
7.141895429690621633e+00 2.755409359760966836e+01
-1.223689272760413758e+02 1.127438931908809394e+01
-3.228733951860201046e+01 -3.790569999551210145e+01
-2.510086295854419092e+01 1.021842424512606762e+01
-7.764380097782378698e+01 -3.832337199716366882e+01
2.975307792391450690e+01 5.302566189925337170e+01
4.831661049296670285e+01 4.359813417004586000e+01
-4.360396343579904799e-01 -6.637691056701645209e+01
-1.453657272837486225e+01 4.450465320568118699e+01
-3.256660374715250583e+01 -1.940174052561665263e+01
2.463435338587806811e+01 1.998636542174425301e+01
-2.379492667845894260e+01 3.883158838311099714e+01
3.151481869008373948e+01 2.668816266891933608e+01
