6.769178341309080338e+01 -1.081012612630767933e+02
-1.172464795451126633e+02 3.726791077652402695e+00
1.260151996696726684e+01 -5.442467086132533893e+01
-9.554577762965037380e+01 -3.357735227731865280e+01
-8.418462116792724714e+01 5.871599303598224395e+01
4.238245160736585859e+01 -1.056979043509732605e+02
8.095979159835417605e+00 8.637566313627459413e-02
-3.970251126935786345e+01 -7.455702517684069619e+01
5.245795937425083366e+01 -2.745671376685424292e+01
2.376396880762784747e+01 -1.112755843952362511e+02
-2.168546546314339096e+01 -5.956436515727405379e+01
-2.269785532222643099e+02 -3.831430145106226348e+01
2.813395343354497768e+01 -3.934297927247832405e+01
-8.614830484134959931e+01 6.905633027021459647e+00
-9.981282317651964320e+01 4.668952098468526657e+01
-9.297229949193440035e+00 2.555251222286650759e+01
-2.087436175135923122e+01 -4.396641878307546136e+01
2.497775748228010073e+00 -2.614282715668515777e+01
-3.473304871975737740e+01 -3.553670153635442830e+01
4.772789791089426359e+01 2.685567997214585390e+01
1.219460339233752961e+02 -3.193457671035609735e+01
-7.971380448199984592e+00 -7.761761481390810502e+01
5.313772307063725719e+01 -1.258047147055544315e+02
1.690112654892037369e+01 -4.527067941424098052e+01
2.825010878676752100e+02 -2.953458023989116441e+02
-9.914571905501922799e+01 -2.351149986144938282e+02
-3.217464358201934260e+01 -1.213942681529283050e+02
2.203089593207222663e+01 1.173525185778730275e+02
-1.055432982111411349e+02 -7.808925607736884444e+01
-9.582742735260642064e+01 -4.207489789679391912e+00
1.751341842218961631e+02 9.515925117936808419e+01
-8.979091753072144400e+01 2.252561948059707220e+01
9.027620324038205979e+01 -1.223992069116825547e+02
-1.140449863303372524e+02 3.420124032347436582e+01
1.597215217285079092e+01 -6.561522782192969316e+01
8.613915014709650109e+01 -9.850819230556010098e+01
-1.229564472152309520e+02 8.779475006296297579e+01
8.486862374751490279e+01 2.082202095114477061e+02
1.017959173521800835e+02 2.193211830606792145e-02
-6.992396672322372808e+01 -5.019702150563642107e+01
1.606696305918451912e+02 -3.706659018381881765e+02
1.090512443314553366e+02 4.510797169523522854e+01
4.936195088903454931e+00 -1.297978153403551005e+01
4.371520938168258397e+01 -5.933358564974987104e+01
1.119473606582041896e+02 7.515423198667910754e+01
-5.369417702747337984e+01 5.132422644517750854e+01
2.329412883440294735e+01 -6.810675936312029499e+00
-1.439651407802358207e+01 -9.134676405021842527e+01
8.631588613986481562e+01 -3.295501652205764742e+01
4.851164055454071899e+01 -8.957987027392864121e+00
-7.070022729578826670e+01 1.452529873468670196e+01
-5.693797097684594632e+01 -1.773435245420420756e+02
-3.527313598884778401e+01 9.140330718218545769e+01
-1.095932070936656828e+02 -4.272143146108241751e+01
-5.032289759649921024e+01 -1.095096946869881727e+01
7.235642418114203167e+01 1.256007897047973998e+01
-5.236853576374970487e+01 9.409552531346935211e+01
-4.783321802419969515e+01 -2.684577402643488142e+01
-1.339696673499747419e+02 4.661344580324733755e+01
7.355021427302851578e+01 3.239987422684172946e-01
-8.377457309593290802e+01 7.641450436056217654e+01
9.006366354102121363e+01 -4.948151557695414482e+01
3.568174119779057207e+01 -1.154853989188907271e+01
1.966833799339781308e+01 9.199170505602701553e+01
-1.093889670517237533e+02 6.739095811269156400e+01
-7.266883303903907176e+01 8.996668892992795463e+01
3.761365501110805809e+01 5.120221200982356891e+00
-1.215911854579482991e+02 -2.085333646977521127e+01
6.322506249489646990e+01 -1.635085237651733436e+01
4.125991102275830258e+01 4.541149319532560469e+01
-4.743917910885090095e+01 1.451317295793219273e+02
5.953977301971093539e+01 8.226033599967644605e+00
1.791509728840465954e+01 4.833822021800439472e+01
-6.477680920822805888e+01 -8.350488916184858113e+01
3.603257897197669024e+01 -8.701915109721691977e+01
-1.649897585958171220e+01 -2.685956952539514120e+01
-8.804936105785573508e-01 6.328032964075181610e+01
1.110915716373811364e+02 1.872822410199537657e+01
3.520528348613743930e+01 1.887891888527595938e+02
-5.546621111904907586e+00 -6.307870222292380902e+01
-7.158696659966318521e+01 -2.667459529233854809e+01
8.631426789184672543e+00 1.415745074250616256e+02
6.208264040443398102e+01 7.878397013131564108e+01
1.949837919191943172e+02 1.207112228773040528e+02
7.454135430804009843e+01 -4.910306767198633793e+01
7.480972067578666440e+01 -2.312339942243558966e+01
-2.800525247374885751e+01 5.022208263833882569e+01
1.066426582851222093e+02 -8.104222194303648052e+01
6.067516862992489735e+01 -6.825340874450472484e+01
-3.549047870763401846e+01 -5.640291332690854631e+01
-4.465908301767059640e+01 2.016404049995485792e+01
-2.751549232734352302e+01 -9.962128536350311947e+01
1.288339258823668558e+02 1.691333372807833868e+01
3.878639876327211056e+01 -2.595777482725786456e+01
8.261754246903302601e+01 8.798822097858567304e+01
8.344265055861890801e+01 -9.379014882705099865e+00
3.442877610111504794e+01 1.012383137723116988e+02
-3.484177099593427585e+01 -1.121695125218251299e+01
6.372667822809075489e+01 4.340307617880232272e+01
-4.372033678031380077e+01 6.758045922939656691e+01
-7.239461990392622681e+01 -1.053331847179335341e+02
4.105154791966830174e+01 7.178956795893296317e+01
-7.482144500154768707e+01 -1.290266198552271817e+02
6.486221326330068848e+01 -3.345711472696901012e+01
-2.255031439775772029e+01 -4.507470587066009671e+00
-1.586815538435655348e+01 1.394529140102431199e+02
-2.322215236578453101e+01 -7.618464203390971079e+01
8.716449173150618890e+01 2.091447612181093163e+01
4.374619312270714744e+01 -4.583907284808836380e+01
-2.244980652845567448e+01 6.667126452736017939e+01
-1.656292280090726479e+02 -8.016815743967217145e+01
-8.185900875058869985e+01 3.578386857337974902e+01
-5.150743815892659683e+01 -1.080941446008037445e+02
-1.700792469184090905e+01 -2.327953562123343545e+02
6.758144345969921751e+00 5.642072554097089920e+01
-1.299269388596382591e+01 7.546021471668154845e+01
2.600576413124334607e+01 3.839923771605904790e+01
-4.106911486849490700e+01 1.147950685326946001e+02
-4.722916812322535662e+01 -4.843515464972508511e+01
-6.759148199756018016e+01 4.472780791041248705e+01
8.589570284519808752e+01 1.080460297756401928e+02
3.502280108439177297e+01 -5.238125380880270399e+01
-3.379198443139443953e+01 3.063526341595558122e+01
5.623690206250594059e+01 -4.869397997748079376e+01
1.207090906723928381e+00 1.208013390130591631e+02
6.509664827464587233e+01 6.227238945866724151e+01
-4.356082304445013165e+01 -9.165215523335464809e+01
-8.906730822945918646e+01 -1.697576382655030969e+01
5.338813105981935081e+01 1.660500294199435700e+02
7.628261470114384224e+01 3.535424798732816498e+01
-3.073866139367880805e+02 9.334678386895932078e+01
-8.493949296674278671e+00 4.840082873319460788e+01
-8.619319030733270992e+00 -5.108653804899419271e+01
-1.181538571967931661e+00 -1.203002745833436933e+02
5.017931575753465268e+01 1.287189131092991801e+01
-8.276163362018408520e+01 -4.221443715950105258e+01
5.029430720318291748e+01 -7.400361912730686242e+01
-1.106962996123410505e+02 -6.992388105867756387e+00
2.277078689416028396e+02 8.271765730120591797e+01
9.019503899300768524e+01 4.070832887653600807e+01
-6.061805564989924733e+01 2.879576499948737833e+01
5.779868888638593383e+00 3.543774031773651956e+01
-1.066681946233830303e+02 1.489271088511495478e+01
-9.650020679833286863e+01 -2.628993855111436346e+02
-5.011017667751346494e+01 5.720043146340911377e+00
9.524805199314236859e+01 -1.791361651183369474e+01
1.293628849552401228e+01 1.719201647319848689e+02
6.248303751354927016e+01 -2.625984782241216564e+00
-5.237184325620062531e+00 8.906046953595897264e+01
2.742652659880642219e-01 7.801991530705652167e+01
-8.866353133219126903e+01 -6.710273133010500146e+01
2.323885570822730529e+01 -7.630958937012535159e+01
-1.637553821546051438e+02 -4.211867016329024693e+01
-1.603152567312710346e+02 2.877036568965532837e+01
8.871199362219755358e+00 -8.384135187425401625e+01
1.404287192267792932e+02 -4.846977955017541007e+01
6.240177535028500699e+01 -8.388642427032762328e+01
-2.807619357746218469e+01 -2.226595132838709645e+01
-1.634381345455709607e+02 2.707467358348422408e+02
6.147181855694666552e+01 2.088813333757952151e+01
8.310996710277112243e+01 6.286535406813597859e+01
-2.080331130872526302e+01 3.175158463326973646e+01
9.825128896292517311e+01 -6.486723322257878976e+01
1.275751647184740278e+02 5.195644692902059347e+01
-1.807233911658379932e-01 -9.880606852778267069e+01
-3.411037047005021350e+01 7.305580516542186764e+00
-5.105175893208961924e+00 -4.088643101912103894e+00
-3.451583280520491712e+02 -4.859476991626739277e+02
-6.089712138814573450e+01 -1.779969254240170784e+01
1.984379725710020637e+01 -2.438987084198085142e+01
1.910447849728770464e+01 7.715508167663858785e+01
1.703175950520774506e+02 -2.122874249625545531e+02
-1.393623736612053499e+01 9.465846227828144777e+00
1.152585455373059489e+02 -1.281693234769830170e+01
-7.403023238584057708e+01 -9.250371207857270406e+00
9.743154492775616404e+00 -1.682214772730683876e+02
2.003717574028874253e+02 -1.418178417725297713e+01
2.670411788602013914e+01 6.322324204243631129e+01
8.706058506601870306e+01 1.704880594168859034e+02
3.119446818915039188e+01 -6.731958786847130227e+01
-5.694087862141300604e+01 -6.919511019994135381e+01
1.980611254145289593e+02 4.473795576711385991e+01
9.919064347224686173e+01 3.033905986666052854e+02
-2.788971482694937620e+01 7.773390942799385073e+01
-5.876062072632827693e+01 7.513023329751442247e+01
8.004104573061101746e+01 -7.506703411964899431e+01
-1.295022310841624744e+02 -7.195663541767305560e+01
9.601260933694286237e+00 1.551766445630436486e+01
5.063352871322522475e+01 5.207480498328978058e+01
-1.524652532208935929e+00 -3.823661373313802869e+01
-6.891160768883214871e+01 -6.525592877412921666e+01
2.836430446611991485e+01 2.451127368934936257e+01
-2.997345696259955261e+01 1.073866923798437512e+02
2.112417529614725709e+01 9.623136130654170728e+00
-9.575723530678085638e+01 3.636259637403528586e+02
1.678253559721727868e+02 6.791516092658717696e+01
3.914284905138012505e+01 1.247197431111492705e+02
-3.288696244734134133e+00 1.226146293154583411e+01
-4.282461447428119072e+01 3.907452253018720256e+01
8.511724424603751515e+01 6.525529937359827670e+00
-6.191996830848254696e+00 1.056202327515197510e+02
-5.879757228303445515e+01 -4.034218171812867126e+01
-6.693227957247680138e+01 1.108729003736472976e+02
-6.257367347649804401e+01 1.924116161272631631e+00
4.413472983217433665e+01 8.774779197701813871e+01
