2.958197057819474196e+01 -1.128692899279392137e+01
1.434950569550530197e+01 -2.474163810338532699e+01
3.195527116388511146e+01 -5.572892264128001649e+00
3.036037190292692500e+01 -6.921672279671637007e+00
2.126473011780361588e+01 1.307981508758391476e+00
2.232085192549294206e+01 -2.959080417792188111e+00
1.094495248245315722e+01 1.415377953206189332e+01
2.415010829313751728e+01 -6.753361651020253653e+00
3.105980608387279318e+01 -1.136374628549207699e+01
3.020888063514863831e+01 -1.160895361850196750e+01
2.964356275811514507e+01 -2.236730486613136293e+01
3.050562562001727684e+01 -9.434163806594238366e+00
1.473236743352825684e+01 -1.153359111440249052e+00
2.935313731675832116e+01 -2.117779930896987040e+01
2.773960704546930955e+01 -1.783801954133899770e+01
3.030253835746455593e+01 -7.300039241146893509e+00
2.685181748280528424e+01 -7.101147799430818530e+00
2.667568177785794603e+01 -2.193263855657209049e+01
1.453254935329777986e+01 -2.705647775983976189e+01
1.586717477043235469e+01 -2.478839563832778836e+01
-2.484863772204104393e+01 7.011233762115626433e+00
2.574218022427513830e+01 -1.840360151825420587e+01
2.553103931481702560e+01 -2.274716308765477812e+00
2.746243893131625313e+01 -1.033173992499177629e+00
9.737812529329282540e+00 -2.324914757625323247e+01
1.170628279710018305e+01 -3.828910504275564008e+00
2.499836527104623940e+01 -1.204667354385396116e+01
-6.081578427876083381e+00 5.081909950033200118e+00
2.321153542796273328e+01 -3.710121046097866859e+00
2.489345149047801442e+01 -2.836116373862501927e+00
1.433991208062586686e+01 -2.172152034900193485e+01
2.603261442921975899e+01 -2.079142331298901425e+01
2.046781036319676872e+01 -1.006945074711864008e+00
2.769050659772724643e+01 6.535119023582002029e+00
2.627887827171443291e+01 -1.797910671404993366e+01
2.409504212605783735e+01 -1.302340853193855708e+01
2.477585123633052433e+01 -1.665921302697084272e+01
1.512986592685987475e+01 -1.464589387750991989e+01
1.676422514157806276e+01 3.781700437029997364e+00
2.890467758022158762e+01 -1.344152567482514904e+01
2.998560503532872445e+01 1.874511440994535150e+00
1.217462755953000197e+01 -2.294865554049809120e+01
-2.406095166140592312e+01 7.949882276842165751e+00
3.033179367319428010e+01 -1.689630952963669230e+01
2.563588125190073086e+01 -6.801979969859008435e+00
2.113506921974567465e+00 7.710307644384934989e+00
-7.189412422651627388e+00 3.120198942557692590e+00
2.728748262346390518e+01 -3.094590587908407020e+00
-2.450059101357257418e+01 5.711179587846206829e+00
2.042557733920042295e+01 -2.157836691188550304e+01
3.733189878239707582e+01 9.238071274498254937e+00
-2.197287518726017552e+01 2.040546745871664402e+00
2.698275446772027308e+01 -1.863607450060171900e+01
3.000274518612955532e+01 6.361400512231973892e-02
3.168724041632063404e+01 -8.667968630922286977e+00
4.509249340934594841e+00 6.256686457023010739e+00
2.116930718539551037e+01 -1.760488278600163881e+00
1.183172141564091184e+01 -2.365944227398668609e-01
8.536211023021104793e+00 5.107751863822869609e+00
2.771439959279126697e+01 -9.518763680999386523e+00
3.047897353317201308e+01 -3.089083235432531271e+00
2.880048571486844722e+01 2.134920207161786543e+00
3.027386143055960588e+01 -7.624418339114812371e-01
3.824162471478235403e+01 9.737150881705437300e+00
2.912936576770525576e+01 -4.756788229936404377e+00
-2.335139666768612798e+01 4.278188592188602257e+00
3.262067336120584571e+01 -1.111972019217988183e+01
2.693630346198515113e+01 -2.289857605904965787e+00
2.817390159408798667e+01 6.306938531688523142e+00
2.851630503333641187e+01 -9.160698769874837666e+00
1.298965852507142316e+01 6.076301151246791932e+00
-1.958592128488957229e+01 1.786086009010639586e+01
2.598750263355075774e+01 -9.554361475558392769e+00
-2.420543117367742880e+01 2.792561213197070291e+00
3.845864174415788028e+01 1.110135290040664557e+01
2.859658878951204031e+01 -1.936630528964640519e+01
2.427466169764058534e+01 -4.812842843320283670e+00
2.051641806687156233e+01 -1.944265713939205753e+01
2.648894065318150481e+01 -2.273345571708658852e+01
-1.907748746818545271e+01 1.815613145981762599e+01
2.737911419960879300e+01 9.752754117550087587e-01
2.737809128257543989e+01 -1.344055673826003883e+01
2.855411618536337670e+01 -3.775220627723280487e+00
2.720123194165071112e+01 -7.050193015368270366e+00
3.159367831692325979e+01 -1.254980463811713243e+01
2.619680330203840413e+01 4.420721751844123304e+00
1.971290483407408090e+01 -4.478847013220276452e+00
2.360100606469473661e+01 -1.417496460075972919e+01
-2.518536538867771668e+01 6.619247664124423558e+00
-1.355486489992992460e+01 7.472933334704290331e+00
2.807494093615203568e+01 1.838296660309022501e+00
2.156737157147585648e+01 -4.607502105002192927e+00
2.000518768232416278e+01 -2.529260765598420058e+00
2.869438993696926943e+01 -1.246965313828389199e+01
1.374016704805426414e+01 2.802196941446886580e+00
1.475840116939212443e+01 -2.524474020383796358e+01
-1.770834984482028318e+01 2.066486980867922085e+01
2.912081374700699854e+01 -1.717341053793379757e+01
2.936310609058415366e+01 -2.514725987966784704e+00
2.783554566555223531e+01 -1.504238275324939522e+01
2.860946454253767612e+01 -1.459315718860316302e+01
-2.251256554997662818e+01 7.500896859300182129e+00
1.382512217417410127e+01 -2.227998620441229249e+01
-4.134065325969976890e+00 -3.110142414238370456e+00
8.214695120151285224e+00 1.290882740407190710e+01
1.855260402202826953e+01 1.476719106753721533e+01
7.364293593850051778e+00 1.544086853649925395e+01
2.133444892598240727e+01 3.030230775348084771e-02
7.649721529325852032e+00 1.536010998211756018e+01
1.429258457667140370e+01 -3.161926705326196796e+00
7.235974961939763972e+00 -2.176694737393211199e+01
-4.705876952465255947e+00 -2.423568174223211802e-01
-6.290329490904858822e+00 1.575408106257254559e+01
1.916074969307483400e+01 1.567276331009928914e+00
1.362168660116716268e+01 -2.744684265993684136e+01
1.408539294101303341e+01 9.845013789455778763e-01
-3.138833461800459634e+00 9.208063008624707280e+00
2.687694990751516144e+01 8.564401736508344243e+00
7.456741789438483536e+00 -2.703243280151102113e+01
1.008184107210127145e+01 4.073515514355827705e+00
8.943867798070771258e+00 -1.126121641475365109e+01
-1.730034088661884439e+01 -4.810451295584472930e+00
2.037632969998965038e+01 1.188070707588838282e+01
2.908748395230594141e+00 1.952807439300447712e+01
1.922603649034226692e+01 -1.371068369237148588e+01
2.707428138378901039e+01 -6.122024403017912064e+00
1.721081109164856571e+01 -1.253653824763766345e+01
3.920646382681773900e+01 1.308528907236888728e+01
-1.867576585681069901e+01 3.028631788484296194e+01
1.718270936638944235e+01 8.515832748841352995e+00
-1.561504599714900188e+00 2.325243663314424936e+01
1.039048858723199054e+01 -1.916195065988201307e+01
8.961727707616185867e+00 5.058841548779587249e+00
1.960563862030221571e+01 1.778986044761649055e+01
-9.681605495762928726e+00 1.075761355833223831e+01
3.654806717050124831e+01 1.526962379827682170e+01
7.751782007594968382e-01 4.622870185752686045e-01
1.625317226633110845e+00 -6.492949639238940307e+00
-1.969996717350563387e+01 2.222043790469426838e+01
-2.831860721186309604e+00 1.231398151861406731e+01
1.428711371053714707e+01 1.253051960816015686e+01
-8.135474786892677557e+00 -2.055485602982969340e+00
3.373452361171648040e+00 -1.926928917602976199e+01
1.159508699215028393e+01 1.221458568858573912e+01
1.775765574682969472e+01 1.712132588597520311e+01
9.377631339584082681e+00 -2.299313589623633547e+01
-3.258205353720418529e+00 1.581477551652043267e+01
1.006425856181321077e+00 1.125834852173824352e+01
5.764651954195597838e+00 -4.844713963426821479e+00
-1.549958385834277408e+01 -3.747507974175701140e+00
5.406065582904552969e+00 1.449426628981007248e+01
9.334015462317751144e+00 -6.110076513050183955e+00
8.369358333746037104e+00 2.451624542514511518e+01
8.456806547620047354e+00 -2.764186423996555675e+01
-1.436458421883616410e+01 3.022333022818173021e+01
1.859891968716506483e+01 2.061231220569114342e+01
-5.504092958325281337e+00 -2.928582894339583298e+00
2.110671957258920983e+01 1.900951326231568927e+01
2.228520388756997761e+01 -8.821776708790217469e+00
2.520939796592165649e+01 7.300413390194623098e+00
3.590862559749405936e+00 -2.006721641661113864e+01
9.250868270241499047e+00 -2.248186116032160342e+00
2.701305704935689445e+00 -9.794670324144105322e+00
1.206152418424707129e+01 5.692571713226270980e+00
-2.423981474869366437e+00 1.456432020607009115e+01
1.174727969263565086e+01 -4.549954998947670859e+00
-4.545291161729998919e+00 2.271492199673673795e+01
1.403747287721578729e+01 1.598085617713334727e+01
-7.928467229047349463e+00 -3.067796180707088372e+00
-2.412400955338456665e+00 -4.501381932073857506e+00
3.667323909429102002e+01 1.299142665073891578e+01
1.140575110236404655e+01 8.335371577950741795e+00
-9.563326023609952653e-01 -1.225340272796239383e+01
9.807071506825360885e+00 2.525314745823698814e+01
4.528784304182541298e+00 2.156901156958795696e+01
-6.147987616968772606e+00 -2.848849603638506700e+00
2.538706918482515107e+01 8.054857813039035364e+00
3.791479487715930929e+01 1.484244562676934009e+01
1.319070164966966630e+01 5.108133500564851381e+00
-1.584817341626956200e+01 2.767505619732203215e+01
2.429416100307030035e+01 1.081169584185552779e+01
4.091144254906000555e+01 9.755194305536983634e+00
2.384832392463658479e+01 3.792321873639841190e+00
1.009850365016572837e+01 3.631702211520678958e+00
1.915923705855386672e+01 3.297460975211281564e+00
1.216416368228416012e+01 -2.731983538069915696e+01
7.767443058171208392e+00 -2.855125914202263715e+01
-6.963154839065217594e+00 -5.003237604318409915e+00
-4.305373755398091085e+00 -1.628946353072660447e+00
2.032630697616577109e+01 7.773464000393938811e+00
2.383506909504082927e+01 8.841145556318460663e+00
1.721684054490692262e+01 -9.093008529022037933e+00
2.327899784944565553e+01 -1.538810150711195091e+00
1.145496796884514445e+01 2.350659926404456712e+01
2.107751549002222546e+01 4.272358038977861483e+00
1.562918729032049470e+01 -8.394756919155316410e+00
-1.767070934122254755e+01 8.551940333024479202e+00
1.972830902541068809e+01 2.357974153358789948e+01
1.304910517292178973e+01 7.701629995394074335e+00
1.083383203432617670e+01 5.829136939206585488e+00
1.112443047627246528e+01 -1.228598258463676762e+00
8.506924371939611262e+00 -1.236265508228732024e+01
-2.303222582071981250e+01 2.688425113635411279e+01
-1.435196102212171354e+01 1.252843983388704352e+01
2.630311294966282176e+01 6.202313667370783712e+00
7.913281223032740286e+00 -2.508976537976234056e+01
2.157779822136831527e+01 1.566658263977662102e+01
1.018339931425224876e+01 -2.628163512006572589e+01
1.660377680173523984e+01 -4.297775690609584309e+00
7.785631231548850728e+00 -4.116687107502010612e+00
3.745395398718969915e+01 1.693068764413635563e+01
1.590572316366981376e+01 -7.933485367504041541e+00
6.048711281074534263e+00 2.943492094768311862e+00
1.062486514297325968e+01 -2.436940658970518570e+01
-1.913980050514592524e+00 -3.284009600716017996e+00
4.936146035451965730e+00 -2.636121064521384483e+01
1.707332726672086665e+01 -1.279002152651425250e+00
-2.694145227002588072e+00 1.702057267771978744e+01
3.721074209344462957e+01 1.248054557828870870e+01
8.065666905469715431e+00 -1.707586834277797649e+01
1.286823570854660304e+01 2.677652334690000657e+01
1.729893013637236132e+00 1.321077688143464890e+01
-4.282801738017560922e+00 3.730450846955533972e+00
2.227202818147809893e+01 5.991701748531034433e+00
-1.488181040868181704e+01 3.547075433258796551e+01
1.196817603385499851e+01 1.427110853832055071e+01
-2.110221549343699721e+01 2.110325050053291207e+01
1.165328909375834421e+01 1.211907493628451515e+00
2.673860291085658147e+00 -3.517164865886083902e+00
-3.770401838896939584e-01 2.513458217397639061e+01
1.334470189323397982e+01 -1.995090130953701912e+00
1.043516989144290363e+01 -8.754196573453123520e-01
-9.636577506705380713e+00 1.086045385610037251e+01
1.046761490891406332e+01 9.386607276831183455e+00
1.834321796709135555e+01 4.559383918807937142e-01
1.669036365308595293e+01 1.129837941461971917e+00
2.059577895132105496e+01 2.939528599622922567e+00
1.569239116708261861e+01 1.626901919352814119e+01
5.499132135165347712e+00 -2.275662571015608293e+01
-2.053340144082009999e+01 2.486584152369094980e+01
-1.766042344219892613e+01 3.427329287654240630e+01
2.068397677455129369e+01 -6.023752740694450658e+00
1.800183336026985970e+01 1.085307334506626731e+01
2.422322230187971925e+01 2.893987485590081121e+00
-1.262826970719430086e+01 1.347022055409076557e+01
1.284850863256682096e+01 -1.709182464060600992e+01
1.543151192127395888e+01 5.006558688553614189e+00
1.876512727537770076e+01 -7.130436450506587143e+00
1.073691434989264337e+00 1.533148292769042520e+01
-6.112553001932178098e+00 -1.571664024768554713e+00
3.252349170031255454e+01 -3.211693050807825411e+00
5.899420965970983310e+00 -2.480391886713898586e+01
8.154793528144505643e+00 1.046584770969689693e+01
4.440227126534518121e+00 -1.178007885671601196e+00
-1.520209218574719756e+01 -3.504721862975542557e+00
1.571714446705572144e+01 7.429053706369179721e+00
-1.219855529680764050e+01 6.140466972271079626e+00
1.321466746395403291e+01 4.491938409979018942e+00
1.247009878793011239e+01 -1.228768483717398219e+01
2.387627980360436553e+00 4.103612335607166095e+00
6.534677784101704523e-01 1.230852040848507079e+00
3.342920119505199494e+01 1.275098359515499347e+01
1.131770137107078966e+01 1.154651656889978106e+01
-3.992940495995174643e+00 3.054300475247766933e+00
1.104548132533214577e+01 1.187645747531168361e+00
2.342477766705052034e+01 5.941208389437095505e+00
7.923488246399453594e+00 3.161113325501470950e+00
1.230134732530460973e+01 8.894702970074870318e-01
4.208015215204627069e+00 -8.204510893184867371e+00
1.790310917322283046e+01 -2.119437576378758514e+00
1.952940308726025620e+01 8.393752302186902270e+00
1.792623131782953738e+00 -2.585838381817544995e+00
1.636821829852148014e+01 2.384749463778072709e+01
-2.078892218679312398e-01 1.160675184530788151e+01
1.243029893937906216e+01 3.773378123747900936e+00
6.333607066204893776e+00 2.449115282709852792e+01
9.686105164693229241e+00 1.751884713360135137e+01
3.134159090587621765e+00 3.282582562908302304e+00
2.475806029256273888e+01 -1.543710179168022334e+00
9.909220568403727114e+00 1.039183368614703618e+01
1.797154203636072012e+01 6.656524135235882156e+00
8.537162620898621768e+00 -2.042624120135952737e+01
-1.424204756529153215e+01 7.431743518489366096e+00
-1.266349879974305637e+01 6.191454474367472649e+00
9.982323033602291673e+00 2.342479421864988254e+01
1.218163388689908189e+01 1.605301416651935043e+01
-2.346423566253400139e+01 2.971308563594840635e+01
5.154469504650008638e+00 4.751017676302661030e+00
3.519887032664545501e+00 -1.252389316210850012e+01
2.462777759792057353e+01 9.957326502889717545e+00
1.252165700122005987e+01 -2.529469481672650844e+01
-5.470855587739090531e+00 2.104645613458569287e+01
1.461197894770394612e+01 1.039979150391468288e+01
-1.710360875108691658e+01 -4.400662162866412430e+00
5.509084375565982405e+00 7.960277582828375609e-01
3.942529014313119085e+00 8.403148890334078303e+00
-5.002686522133236835e+00 1.841134905942063682e+01
1.135244248044802973e+01 -2.693939699906409047e+01
1.854982798681371747e+01 6.693646108586458254e+00
1.671543831062461649e+01 1.322090359945475235e+01
1.878235010785031278e+01 -9.726476637383751012e+00
2.321101399947742649e+01 1.504772289849646283e-01
8.752466197389535907e+00 6.236044455895774163e+00
4.799611211621927609e+00 -1.869975573723361251e+01
6.060505425866052676e+00 1.218760309489376681e+01
2.196668803931274638e+01 7.607525916556177492e+00
1.937736212937419111e+01 1.427255833954635200e+01
1.057894806292337364e+01 4.570492492061799972e+00
3.136923205866586351e-01 5.545124070889691836e+00
1.959133126214234011e+01 -9.820776796638753581e+00
3.601642957232753872e+01 1.192213682122156193e+01
4.242655855331036285e+00 -2.318771677290349587e+01
1.307198398447443566e+01 -8.287707842807547465e+00
9.766496782879105609e+00 1.276079049196045290e+01
1.213773107468856338e+01 2.542265828218111778e+01
7.969322196735362240e+00 -2.285546169279560402e+01
1.456085628201485349e+01 9.843512835371470260e+00
-5.190263729258759895e+00 -6.528816549670380276e+00
8.672047290063186864e+00 -2.255756902834112054e+01
-5.075531161217241127e+00 -7.375684018402534292e+00
2.972405851414896549e+00 -2.309503627173178941e+01
4.907697736763267926e+00 -2.020559528615836342e+01
1.654286706129516560e+01 7.761573796835543604e+00
7.781594312431708182e+00 7.948477242337450122e+00
-6.067441835197963762e+00 1.149596035822391649e+01
5.721101456974833965e+00 2.013386042408986754e+01
1.427320340716106983e+01 7.955201358261700051e+00
6.977009841649272737e+00 7.269481139309497131e+00
7.585032015183649001e+00 -2.137956998562663191e+00
8.939377281982446632e+00 2.714894251403367598e+00
-4.475152802356276105e+00 -1.069972053638629816e+01
9.864180285756122046e+00 1.968666058916524975e+01
2.233429009397881870e+01 1.624958670801821548e+00
-1.211990755162798017e+01 -6.421415104973920762e+00
1.757289926401559299e+01 -9.323373148474701111e+00
2.057143702131002883e+01 1.806013687870143158e+01
1.089186554109659788e+01 -2.205529198825012216e+01
3.181126067727930362e+01 -4.113914436082229287e+00
-1.774075800090293598e+01 1.288440262790847690e+01
-3.255689090618328674e+00 2.395989296380849964e+01
1.927668783754748105e+01 9.886571110828635156e+00
1.556776226537281183e+01 -1.111393516809706483e+01
2.023698423894833454e+01 5.566651980442881786e+00
1.532805423444985671e+01 6.034569454040408232e-01
8.995738480384623870e+00 6.708767730630276205e-01
6.913862941800429596e+00 -8.525524302038727242e+00
7.209214869880153920e+00 -6.284746751229516315e-01
2.203344629975472646e+00 -5.838673400258331370e+00
3.952422473268803138e+00 1.910136829838895878e+01
-1.902587152183839692e+01 2.549237543584116850e+01
-1.061428289136437542e+01 2.273360983123186685e+01
-1.251519543097918685e+01 1.831872244443275832e+01
7.283611804211319374e+00 2.130167307116089503e+01
-8.530749311553575964e+00 2.931126393724128576e+01
-9.250642489832191728e+00 1.722331670133275949e+01
-1.364019416314919297e+01 2.102684062325255354e+01
1.423084609095298703e+01 1.987853970406529669e+01
-1.326871723609038689e+01 1.881110016050089939e+01
-4.052802089616575287e+00 2.868091785613938072e+01
1.327637047281533889e+01 2.214668458334864454e+01
1.528291241488905161e+00 2.338219476602874991e+01
1.069432226542594400e+01 2.208609626198999010e+01
-4.284059955098833861e+00 3.118566018849146460e+01
-1.479955275179234597e+01 2.873440022222933266e+01
-1.083007603103463978e+01 2.618047970390561119e+01
-2.163011038009817710e+01 2.860847304808115865e+01
-1.072497658257834807e+01 1.332790713473794852e+01
-1.063751901488887341e+01 2.145279908452338802e+01
-7.564740641920663755e+00 2.858161749325219603e+01
-5.281193946579120890e+00 2.465047582556163874e+01
-9.892454085823530363e+00 1.907838492238998640e+01
-1.174536323602127652e+01 2.437650055077672206e+01
-1.349474182851536597e+01 2.389789804949628405e+01
-7.383004204140522830e+00 2.688476609186503197e+01
-1.631834441543634640e+01 2.885410046775974635e+01
2.520612856516263633e+01 1.126223102383074048e-01
-1.379190904110777183e+01 6.258779600264393395e+00
-9.876057709358422310e-01 2.823361342438130706e+01
3.504533418484093055e+00 3.233537955689426724e+01
-1.437355336688745311e+01 6.187590084321635153e+00
-1.260899293475679173e+01 3.196233955591895182e+01
-1.199991291532599424e+00 3.401551464151026494e+01
-5.568614362406819396e+00 2.730175877084852587e+01
2.361403692276886446e+01 1.675528128476867096e+01
-1.059097833266565836e+01 3.236873949342982115e+01
4.462804781669188259e+00 1.694945414411428786e+01
1.050819317614206660e+01 2.104127318143297742e+01
-1.673824383133386817e+01 2.484589741594799150e+01
-7.502655676835146004e+00 2.034266502557161260e+01
-1.049451264320818389e+01 3.606439075676835415e+01
-9.193833510290005506e+00 2.745274135838012697e+01
1.720437887177793357e+01 3.120896667814872849e+00
2.808724806853003031e+01 2.187577772172164714e+01
-2.305176645068069163e+01 2.366653041498707211e+01
-7.711797542357586188e+00 3.552997706332983086e+01
-1.995639328730069906e+01 2.379772396374159626e+01
-6.413281612694852640e+00 2.352131929022048240e+01
2.406242075427879357e+01 1.750766905860223943e+01
1.203308799691951769e+01 2.705046663079901137e+01
-7.195516639075991705e+00 2.252708776123444068e+01
-1.839207900612472812e+01 2.607481045636422934e+01
1.130506564452100626e+01 8.167544597535055573e+00
-1.198831732956288754e+01 1.666574308709510177e+01
2.918787793064300118e+01 2.077650035346150759e+01
-1.257231593030922134e+01 3.018350693599828460e+01
-4.141865619556170941e+00 3.619600150110312597e+01
-1.387611016780791751e+01 2.676237314306337467e+01
-1.562282089618378045e+01 2.829819187673983549e+01
-8.608579400800996595e+00 2.375093679409621217e+01
3.420259248536687391e+00 1.339708579418433487e+01
1.588424015733020944e+01 2.102052049244356269e+01
-1.593547082426560557e+01 2.130461485219200313e+01
1.140475923784012657e+01 9.230952916091156979e+00
-1.733784104668245973e+01 2.547935839374373757e+01
-1.813422992582619742e+01 3.220047345879221012e+01
-1.049566798650202593e+01 2.395032051686687424e+01
1.370683200809001079e+01 1.374807616177051628e+01
-1.021591709036670181e+01 2.698658900413644446e+01
-3.639564485853104880e+00 2.605563193293256319e+01
1.746240324010925349e+01 1.879656063997584070e+01
-8.950128084494384240e+00 2.509810471479715588e+01
1.579753034673315604e+01 1.092451026371362133e+01
7.820094087243256276e+00 1.998413874831786785e+01
3.071064842144205720e+00 3.207869620638614805e+01
-7.094965369802640254e+00 3.482162948540000968e+01
1.053177680029677354e+01 1.603124573908184658e+01
4.345300217871701065e+00 2.468651343172400203e+01
-1.445044626377283947e+01 1.511802653774599570e+01
-2.193650362435375101e+01 3.226224883298959867e+01
-1.214666390676681251e+00 8.136139309316293478e+00
-1.338705884544347580e+00 3.376324884055911468e+01
-1.448927735988385201e+01 3.366405017247090115e+01
1.504877719743277353e+01 2.254280113991679357e+01
-1.603219016557579835e+01 2.503066947567023348e+01
-1.473086847791826415e+01 3.187239666051725351e+01
-1.204449790902380713e+01 2.473306496903932938e+01
-1.620091688444243516e+01 2.897540333422881886e+01
-9.217177775086520697e+00 2.619273501060439457e+01
-2.044624276045197586e+00 3.075577987011428505e+01
-8.917812395560770211e-02 1.922202101405329344e+01
-3.316904835942020124e+00 3.440361117286141024e+00
-1.745364072995841198e+01 3.164732650963488680e+01
9.596736137409717315e+00 3.413194243824933949e+01
-9.563717427027293994e+00 2.464843597327032398e+01
-9.127058928403007698e+00 1.013432182644938884e+01
-1.179883909884451576e+01 2.353485394659436380e+01
8.507250422554454850e-02 1.749287828614333762e+01
1.310599540405472041e+01 1.771983206391465160e+01
-7.178804108885193713e+00 1.755875457731180234e+01
-1.405470755587802145e+01 1.839206280872245713e+01
1.704043198198741038e+01 1.907735365261821769e+01
5.892300733467592089e+00 9.582028485120687833e+00
-3.019747767186681475e+00 1.923956625104204932e+01
-1.505353815959722219e+01 1.852050811124730245e+01
-2.191253849794058084e+01 2.656141003979788096e+01
1.110944254069323378e+01 1.638671247739717529e+01
1.235656372601113384e+00 2.130935696777667943e+01
-1.914685386782683452e+01 2.908912416895535102e+01
3.846148325872807749e+00 2.714392305367498892e+01
-2.096238361989406940e+01 3.039227114845386524e+01
-7.192873785277743792e+00 3.756520433796861624e+01
1.290625037384559093e+01 2.201297959135143500e+01
-3.378617827525590922e+00 3.109042553056328728e+01
-1.091913688252441972e+01 2.249698227719959931e+01
-2.323330418946436993e+01 2.464377150228443725e+01
-1.068930860486757162e+01 2.534934811979872649e+01
1.568777772851815966e+00 3.434729215562259697e+01
-1.157403662181452120e+01 2.737740851398801922e+01
-8.802593447232867518e+00 1.613964355428643316e+01
-1.560400676321902402e+01 2.523225056717256365e+01
-1.439296189896329281e+01 2.711932408924201710e+01
-8.782152759225109406e+00 1.540158356415404661e+01
1.678966931622367653e+01 2.303199850410970484e+01
