-4.130117803320136005e+01 -2.364203501662898788e+01
-8.463135886639733485e+01 -1.047842312723319047e+01
-5.844580304340205146e+01 -1.847175577576323136e+01
-6.356000934962595039e+01 1.655950717375302972e+00
-3.609768475899991103e+01 -1.724986637390921373e+01
-2.349471833298761680e+01 -8.075271123882131974e+00
-6.650580687830829163e+01 -1.241300433326845143e+00
-5.872848205274554090e+01 -2.614672574457362941e+01
-4.549935532800338933e+01 -2.606940237693168783e+01
-2.990230527229014612e+01 -3.988246562048464483e+01
-7.824085477583074066e+01 -1.383819916085437107e+01
-4.131559818700186781e+01 -4.103438041312534779e+01
-5.358047443594192316e+01 -1.220250465957158070e+01
4.276465862154176456e+00 -1.827310838481363575e+01
-5.044311339543651940e+01 -2.554496943976781864e+01
-1.471278758073065696e+01 -4.894296506488828413e+01
-2.975559402195518288e+01 -2.586832281081262863e+01
-7.126947642751451895e+01 -2.901304320512871726e+01
-4.910819641987887962e+01 -4.669369913246126202e+01
-5.329266844440602569e+01 -4.932422412118564381e+01
-6.719685904878109284e+01 -1.174716284322304638e+01
-1.471588367431413857e+01 3.111823312255556573e+01
-5.456632118024362654e+01 -1.467125751474287654e+01
-3.321492113735055085e+01 -4.311526260385759457e+01
-1.097879561564976569e+00 -3.547709942328378219e+01
-4.819415229159551473e+01 -3.485369650987716028e+01
-6.456995787448718715e+01 -3.399215083237272950e+01
-4.002356765102051384e+01 -1.862918612267908003e+01
-8.621437277671819288e+01 1.393733098267891535e+01
-6.181736408508476899e+01 -3.280326193965245096e+01
-5.467061776455017963e+01 -2.020243230147618974e+01
-4.850761531625342116e+01 -4.258691143113382083e+01
-6.294720649866117412e+01 -2.431367983839347602e+01
-6.130323698505301167e+01 -2.268311841393134998e+01
-4.356391929976580712e+01 -4.282743667725226544e+01
-6.862603494134600624e+01 6.955505262655456988e+00
-5.583667779381561758e+01 -2.853975353432334661e+00
-4.891438507858406837e+01 -3.806194341259933367e+01
-5.348776815828865239e+01 -2.581912909023141012e+01
-6.711151293663179729e+01 -3.924904228016377061e+01
-5.755387878278813218e+01 -1.565830365273090763e+01
-4.562832235511021395e+01 -2.381260843455542187e+01
-5.210118445848117830e+01 6.755712074989233429e+00
-5.254000905700745960e+01 -2.496673062730340931e+01
-4.465672010901048594e+01 -5.036640701986679858e+01
-5.585493522732410554e+01 -3.604532085144569464e+01
-6.283057862930268556e+01 -1.749431542079077673e+01
-3.706057149564977493e+01 2.234238634956265201e+01
-6.861129787260183832e+01 -4.146629882204926787e+00
-4.661567304318148075e+01 3.384486200704089498e+01
-6.147380186578741501e+01 -1.432447026167920967e+01
-4.608152407934298367e+01 -4.974972696549780693e+01
-3.343057039818384624e+01 -4.179123802493698037e+01
-7.047877263901206391e+01 7.244567295048195632e+00
-2.454795968151930907e+01 -4.826587716313016330e+01
-7.224472205245673706e+01 1.119782941125463083e+01
-2.536885777013328180e+01 -3.282486172836893701e+01
-3.070280914381478254e+01 -3.334566542068552053e+01
-6.136310453483970662e+01 -2.554593677389691564e+01
-6.670421071935288637e+01 -2.628747069441474338e+01
-6.166822835116220602e+01 -9.191076829577080609e-01
-3.585383343902342546e+01 -5.112787848080026976e+01
-5.674594280204869534e+01 -1.834502684914100179e+00
-5.491009695896168097e+01 -2.171018226865864875e+01
-3.352510218798806818e+01 -2.970562228658539539e+01
-4.514702783592794333e+01 -3.396421310428785745e+01
-4.994670357600959676e+01 -3.396481074766300168e+01
-6.722712810085978674e+01 -1.348573155824798420e+01
-5.992455551562992611e+01 -4.872215365072417370e+01
-5.736616278217773157e+01 -4.055936201034141675e+01
-4.000060725981855114e+01 -5.017133145132201832e+01
-5.257993655333105210e+01 -1.718037638450204341e+01
1.332271119179428531e+01 2.274808161667468021e+00
-3.610567935051373301e+00 5.563333204588384540e+00
1.195091260512861098e+01 -1.035386130636959123e+01
-2.252472795826261276e+01 1.259337228812142051e+01
-7.161094754442255805e+01 -2.412565968026330410e+01
3.077517024007375035e+00 -2.074854140110347700e+01
-3.011961888143066801e+01 -1.974713999757932115e+01
2.253994948486219840e+01 2.876414659188530898e-01
-6.365753332490297112e+01 7.874803362878511237e+00
-5.723671846255227180e+00 -2.236356443166410202e+01
3.836970865372063333e+00 2.385474253058271543e+01
-2.679507859534864522e+01 1.942462247719961255e+01
-3.336236276430215142e+00 1.703983096644527251e+01
-1.773614499356611418e+00 4.648915238776103465e-01
-1.957521695096833270e+01 -3.965820139172048897e+01
2.838355819613993347e+01 -2.209707674316558901e+00
-3.382646639743253303e+00 6.527769429545519131e+01
-7.421221338516298260e+01 -1.362124208448151741e+01
-6.471915211695242931e+01 -3.106178418892640636e+01
-3.563619919713516282e+01 -5.322421471038925489e+00
-4.474678721626536770e+01 -9.778427914024401701e+00
-2.574797147784034834e+01 4.322262996569308058e+01
-1.301918653860557384e+01 -2.622460292931095793e+01
-3.872727177252156139e+01 -1.794878021879644070e+00
2.530090142987014090e+01 2.315672210884440574e+01
-2.237088782912370988e+01 -8.681321296832550161e+00
2.410265534387324937e+00 2.540580330078504812e+00
-1.451398136318801058e+01 3.333101006136222821e+01
-5.731216022516397501e+00 3.320375372105905853e+01
1.529103197266588410e+01 -1.297687048088485007e+00
-1.714478539837131166e+01 -3.317355665378730123e+01
-2.259737552800638838e+01 -1.469236707260104602e+01
5.189913261614274909e+00 1.960185059205621627e+01
-5.099434620031178156e+01 -2.458131586614792141e+01
8.218718806850278114e-01 4.764111468497352320e+01
1.267623716349764251e+01 1.528028395410523821e+01
-3.540494998150028039e+01 -2.240005762223912456e+01
2.951624825860398715e+01 2.446646424362242112e+00
-5.827776470701990519e+01 -5.662916151879253235e+00
-6.772891698552635731e+00 5.350461992694571123e+00
-5.300734432222387227e+01 1.807977482571013894e+01
-2.737565544583197408e+01 -2.736435686145868473e+01
-4.434857675449242009e+01 7.097502054158076135e+01
9.545640635016489739e+00 1.889189047195087312e+01
3.782734769062206936e+01 -1.012848575030468012e+01
5.332121728596151966e-01 1.440196930875521630e+01
-1.261699754380900096e+01 -3.056204420355960849e+01
-1.768785052757526799e+01 2.724334467304770158e+01
-1.715611979248889440e+01 -2.911300490566408428e+01
8.697500213815002823e+00 1.211141130949588707e+01
-8.679632189463127645e+00 2.618462104383037214e+01
-3.868719212357994763e+01 4.646170480856292073e+01
-1.404345997402971591e+01 7.450034120558312623e+01
2.121873699290538440e+01 8.447083207543015781e-01
3.465445317519580470e+01 6.737510142668878821e+00
-7.963298348627313672e+00 -5.014574174055618228e-01
-1.244468683671247966e+01 3.314981204132462977e+01
-6.117715078672797091e+01 5.417052769758545594e+01
1.635120679873243787e+01 -4.771121924314980944e+00
-3.842872436206378950e+01 -1.165114614127194237e+01
-6.621919786910881101e+01 7.610234856255532065e+01
-9.410036716944480517e+00 1.050718568469923397e+01
-6.320132407261362495e+00 -2.776514362917726331e+01
3.538296840811803623e+00 -1.799228237742807579e+01
-1.650430235891180075e+01 -1.433594035747300666e+01
-2.057546501409627027e+01 -1.314151751794402401e+01
1.295401441179985724e+01 4.564244015782342068e+00
9.137183469392235580e+00 7.017207932076026111e+00
-3.577639841612149496e+01 6.066200568493153256e+00
-2.817856512508339861e+01 2.810507491617739273e+00
-2.832749259582579526e+01 3.175206971614276696e+01
-3.509858368605824097e+01 8.193505201140236949e+00
-1.853520632091752063e+01 8.142942052563086008e+00
-5.905374447885621692e+01 9.930262548875754547e+00
2.486046993298824059e+00 2.981994744157576349e+01
-2.241179261411060253e+01 -4.440644833506832612e+01
5.067855515428050239e+00 -1.245292386468840462e+01
-3.757635984034372711e+01 1.525668377216159399e+01
-2.675466250169100135e+01 -7.582570251659227267e+00
1.314833441000832259e+01 1.209907817059363744e+01
-2.534614013851267700e+01 -2.530386811452859774e+01
-2.687058068581326786e+00 -1.498067797911385135e+01
6.556728237648784763e+00 1.712540068159486495e+01
-1.893348899383785167e+01 6.739584544046575587e+00
-1.728995789729702182e+01 1.388541457386182110e+01
-3.461813026787409342e+01 -1.142074358106178877e+01
-1.046917749429173661e+01 2.013910875392874189e+01
-6.587866368787627103e+00 -8.333987219305528882e+00
-1.624155733930351175e+01 -1.093545599538224700e+01
-5.975613885531689817e+01 1.770723598932864817e+01
-1.691905004988852568e+01 -4.442617772501984774e+01
-1.828397181237534852e+01 -1.177051678153784131e+01
-7.382380231899310807e+00 5.067682295972059592e+01
-6.364868584380414518e+01 2.932951595220601604e+01
-1.097136717858108312e+01 -2.757963504492564510e+01
-1.954359428644798413e+01 1.444514395107828975e+01
-3.298375375110295948e+01 2.762178480396725533e+01
-8.371544599796838781e+01 -2.420437783902799822e+01
-5.314280621715340658e+01 -1.770095945215326338e+01
1.374851199868166729e+00 -8.779701922302251660e+00
-2.755714785257493205e+01 -6.916840816528335267e+00
-4.948254960894191612e+01 -9.264379921732309953e+00
-1.162648868638196475e+01 -2.409766811505727446e+01
-4.467254751847161032e+01 4.127422200708188171e+01
-1.554432370629493576e+01 2.551258635750725290e+01
-2.391204424709689746e+00 2.258869759246837816e+01
1.584235685969029817e+01 -1.354817712298224741e+01
1.130455478502405242e+01 5.031156906026213704e+01
-4.196142396126272445e+01 -3.597518760952703332e+01
-3.602415516544677132e+01 9.807342752262839802e-01
-5.584755719338431845e+01 7.919144546527692619e+00
1.168417411806342621e+01 -3.987446385409955329e+00
-3.103621036198300320e+00 -2.631455589938039097e+01
-7.509762146803575789e+00 -1.395080024517409711e+01
-3.352548819194885787e+00 3.837611864141766915e+01
-9.276960110946088633e+00 4.293084304374616522e+00
2.740837136235944982e+01 1.642109729816857877e+00
-3.197085389895141816e+01 -1.749889591103980280e+01
-1.943786728977747913e+01 -6.005040584938197590e+00
3.646043523342494375e+00 -2.292867724630299620e+01
-4.565257688839641226e-02 6.743501927679351304e+00
-3.976526834413487421e+00 6.837483879108412488e-01
-3.047518614315069740e+01 5.631838700208829707e+00
-5.305674300368756491e+01 4.361232867613820474e+01
1.642884769573918824e+00 1.066735823575162101e+01
-4.879197945248250790e+00 -9.365169388165261566e+00
2.998207669275392107e+01 -2.620698085056367788e+01
-3.882046748234605715e+00 1.891574323235024124e+01
1.675390159466483286e-01 2.584885688227346989e+01
-4.726074808219348711e+01 4.523802839661623665e+01
-2.235221760637206145e+01 3.006451322649215641e+01
5.554359594649481480e+00 -4.912271973668059388e+01
-3.699390190582423799e+01 2.292107809183634970e+01
-5.117288639378309512e+01 6.362947453004079712e+00
-2.372444287721017986e+01 -3.891038884803285924e+01
1.134280178578518772e+01 -2.056208875191707364e+00
6.051657518809767211e+00 -3.339862345972536417e+01
-4.265845647384265860e+00 -9.286434758429225056e+00
-8.287913357093241018e+01 3.078653562767203056e+01
-8.627922508344216368e+00 -3.295897760875188709e+01
-5.446184929677691855e+01 4.071874034359317562e+01
-4.678896814818090633e+01 2.161797832145338916e+01
2.998901017414051040e+01 -1.352897388256861788e+00
-2.407865454398070781e+01 -1.102660310178733560e-01
-4.506511141319390390e+01 3.141313451561860504e+01
-3.177882659221374695e+01 -1.264016133412154552e+01
-9.113924222499099059e+00 -1.187276017330434463e+01
-2.336079947891588660e+01 -3.318146245460112720e+00
-1.845389536369080474e+01 -3.139871684030138255e+01
-1.679270578937939362e+01 2.409838141611285067e+01
1.695571026184420660e+01 1.654554358643040501e+01
-3.351110735900743975e+01 1.263214872459827021e+01
-1.383144242352449815e+01 -3.364458326392130516e+01
-2.798518068101704515e+01 -2.434703310850192892e+01
-1.302981641168513960e+01 4.393489048262396501e+00
-5.806168471117576502e+01 -9.860956272823415247e+00
-4.970618698614202913e+01 -4.635444114431668261e-01
-3.225596681942745647e+01 -1.414107917112539603e+01
-2.588441190810593895e+01 -7.278490913774990467e+00
-1.490855502510777697e+00 -6.144684563281955114e+00
-1.208120335434220749e+01 -1.481638570199347349e+01
6.952993795280938416e-01 -1.365932760317134509e+01
-2.093004339811431080e+01 -3.636146744002947173e+01
-1.128847887553203755e+01 -2.021955346285840349e+01
2.650942010350234668e+01 1.764522659391871784e+01
-4.005263163181749064e+01 3.305903276200006502e+01
-5.737866203583969593e+01 3.800368325262825664e+01
-2.995429358018519039e+01 2.146864589910546428e+01
-2.984224725243270271e+01 6.006873974159398699e+01
-3.703258804249428238e+01 5.416525637969068896e+01
-4.061607419044140244e+01 3.944812367424467281e-01
-2.536766598765935754e+01 -4.217056884226465741e+00
-2.470531561292386513e+01 -3.539703036499948041e+01
-6.470894219517144830e-01 1.460961018401179778e+01
-2.330684367712803251e+01 2.766200396894920743e+01
-6.859919789726450290e+01 -1.764073243509183797e+01
-4.215531812492906028e+01 3.616991634901061303e+01
-3.065871963610064199e+01 9.555206256869622550e+00
-1.099520382267341034e+01 -1.951097016315783250e+00
-2.477400104045704765e+01 -1.852942832517704019e+01
-5.141962259891356979e+01 -2.971307398930063570e+01
-4.589734706731866964e+01 -2.561422093520938859e+00
-7.978994349267113373e-01 -2.135247628291725164e+01
-5.429928650289463832e+01 2.815059608642233968e+01
-4.933851845545862602e+01 3.587052686667716728e+01
-5.676109402026240502e+01 1.319440435788051147e+01
1.355522314257623506e+01 3.211914482392079861e+01
-2.500473503385379104e+01 2.544033281014713310e+01
-6.431046459217354538e+01 1.993024061799649971e+01
6.129310811126549297e+00 3.278822336671845505e+01
-5.501699311023880057e+01 1.340157494836350871e+01
-4.742188340980479211e+01 5.434636482381927891e+01
-2.991932311305152936e+01 1.857048651817500939e+01
-4.842233636544076347e+01 2.422420776691717492e+01
-4.872261866197723634e+01 2.688388050387836969e+01
-6.332147816932060636e+01 4.771318269309632143e+01
-2.125729850177471292e+01 3.972063440733423789e+01
-3.972951769668364363e+01 2.643117087140966603e+01
-6.447463551429868289e+01 1.448729763569465234e+01
-4.927594610324032942e+01 6.510047413812810646e+01
-4.287176868735693347e+01 3.944864569305224222e+01
4.233153673521606208e+00 4.582417987902759648e+01
-3.847536021535425732e+01 1.677388185446166347e+01
-3.295465102265382029e+01 -5.444645734955066096e+00
-4.198055920473094460e+01 9.457899551103972513e+00
-5.700464795062926981e+01 2.339622725771207001e+00
-3.337776012902502032e+01 5.264728231046262863e+01
-2.491463869079302640e+01 6.010228354053520405e+01
-1.426330933028525649e+01 5.951089703194683977e+01
-1.177639508871066987e+01 3.671859799501574173e+01
-2.896435470590897410e+01 3.875997365790335181e+01
-3.952841201087897360e+01 3.133919138895923950e+01
-8.572599558560099808e+01 -2.900839887514495530e+01
-5.107531936163871933e+01 1.168350015730651492e+01
-6.948635794165820556e+00 4.096693848960241979e+01
-7.742136760949819063e+01 -1.937236844267046454e+00
1.425698211200210430e+01 2.192809770046654450e+01
-6.061745601276948392e+00 4.533437895107727655e+01
-7.457630675195435543e+00 2.946527284294216642e+01
-2.095058064061537451e+01 4.330322790833947977e+01
-4.352504808166849415e+01 1.787159414275280866e+01
-5.642272675656636238e+01 2.200595772214409607e+01
-3.405679588288482051e+01 3.318583192031576345e+01
-6.881880046156820185e+01 4.541634130930422941e+01
2.846237656984267517e+01 1.615035709620452309e+01
-5.297465703401348946e+01 3.201425825381906520e+01
-2.856461163458921249e+01 2.921113302253097999e+01
-1.642953554109312364e+01 5.367107602349160089e+01
-3.761554622106019963e+01 1.669196448545171663e+01
-5.084865681070728982e+01 1.580681077680033475e+01
-2.596056537595767466e+01 3.799172705871004752e+01
-4.140838549624498199e+01 4.460522968228530516e+01
2.970669452512497699e+01 9.606552066592151107e+00
-4.180246933157160072e+01 -1.452169597826177139e+01
-2.493245123007187658e+01 1.559163343943374613e+01
2.477532093970809424e+00 3.766931576687724714e+01
-1.520051296790096096e+01 5.731419551072644225e+01
-7.683519498457376073e+01 1.467895552319595076e+01
-5.079321292879215122e+01 2.887484202593519456e+01
-7.662271346232483182e+00 -6.087086227662672933e+00
-9.130292432660409929e+01 9.402991808866940637e-01
-9.683547665213986022e+00 1.187806354414426835e+01
-4.376411863841359207e+01 4.852894403578349625e+01
-2.857069146023318496e+01 4.979175850074160081e+01
-2.283016041942600438e+01 1.157798625975002693e+01
-4.792559454970165689e+01 5.679446174108800705e+01
-3.098814197619494593e+01 3.323188425410814517e+01
-4.541071016428126228e+01 2.322823070810326840e+01
-5.568708202720950595e+01 5.004854202526675522e+01
-1.919937197371609727e+01 7.954371397331475357e+00
-2.505269495115310718e+01 7.104198499143666368e+01
-1.583517912009636319e+01 4.217914290578444536e+01
-2.733361136646470158e+01 -3.256280599135570242e+01
-1.653435751037340040e+01 3.775585155118292846e+01
-4.608729390114192626e+01 1.312605599471958584e+01
-2.358315545622225073e+01 1.799805032619479306e+01
-1.863409501022091064e+01 2.913919483124501042e+01
-5.038258053490366706e+00 1.352028570967046939e+01
-2.130443157392728892e+01 1.590657199907754560e+00
-8.200182279290318377e+01 3.938391354496926766e+01
-6.668291042014928394e+01 2.492725083997137148e+01
-3.761018807350003357e+01 4.130407804215937517e+01
-1.214831004228658173e+01 1.053251116492225581e+00
-4.440209367097233439e+01 2.919679567353907501e+01
-5.686715254874066972e+01 1.822291007812218311e+01
-1.227906604937830615e+01 2.674771458156531878e+01
-5.275550505789464495e+01 4.732244639372975570e+01
-1.036808590736914226e+01 2.505910993380282292e+01
-5.852180289611391117e+01 2.755880912709451280e+01
-2.868850109375550161e+01 6.092796304190125767e+01
-3.369240396628201495e+01 4.088566753980374102e+01
-2.453418807143834357e+01 2.125676210293861246e+01
-7.169358124410267763e+00 6.738628385782932639e+01
-3.728565804099514480e+01 3.826311934731727149e+01
-3.588385248137704053e+01 4.832354864661586191e+01
7.268909961197450365e+00 4.682916267359284035e+01
