6.037403099577961285e+00 5.048459115835772337e+00
3.148242893144843624e+00 6.713261011790168098e+00
8.276170491456531053e+00 6.939469791968641665e+00
2.339969414876236442e+00 1.497310420153857713e+01
1.844515602820347100e+00 1.393414329870513058e+01
-7.921818062637234092e+00 1.457139794977370961e+01
-3.505300688286036248e+00 8.461687972315761641e+00
6.427725960980787079e+00 1.450971462752514896e+01
-4.764601441432635198e+00 2.792246825879749927e+00
9.263743717523009735e+00 3.029243859162555896e+00
1.335456354567432946e+00 3.283204350801569582e+00
2.648654757256611258e+00 9.309774522328822854e+00
1.227217963463566619e+01 1.029189062658740283e+01
-9.041612220620789842e+00 1.033801872179794401e+01
5.524009983481679598e+00 3.033342750698680312e+00
9.684851324860316524e+00 8.529957392589404108e+00
6.917250216754438519e+00 1.087576549192100650e+01
5.643279559046555427e+00 1.654220029785330226e+00
6.977654828713119706e+00 6.546934357395154613e+00
-4.587517698080064932e+00 5.089591033103873841e+00
6.796272489338594625e+00 5.096424197769127140e+00
-3.373853381795706707e-01 9.794174649153825740e+00
4.228088542151489548e+00 5.746187415471050386e+00
-1.883315762275949989e-01 7.700775960053853453e+00
-7.199862040371256100e+00 1.457753238313732957e+01
2.554905463332301174e+00 1.309608725846194766e+01
1.264495936431897682e+01 5.162958398082816203e+00
9.261566118358803834e+00 5.618582604073463216e+00
3.902509191223395124e+00 5.869676081107336074e+00
-2.422443083168676736e+00 6.668443200046087149e+00
-7.878084086653339035e+00 1.033912922172071802e+01
3.999409563214995522e+00 4.351965450542227387e+00
1.296370563876198823e+01 7.919738038583218120e+00
-1.930081766794408127e+00 2.520007139882091352e+00
-2.004731671366664081e-01 1.630642394777958160e+01
-5.153850351844437405e+00 1.437646906351385212e+01
1.079808750004806583e+01 -9.299087181719276618e-01
5.555034757962129532e-01 1.593660539728848669e+01
-2.546852349858323983e-01 1.464525300136039476e+01
4.878828649590820632e+00 4.767703692050263342e+00
4.565203402392950416e+00 1.307742557904666469e+01
6.065368062141944350e+00 6.152808698449033997e+00
7.142954792575487710e-01 1.636832728129395420e+01
1.995242764589943762e+00 7.352860207714789098e+00
7.285866281983278014e+00 2.495441243804284337e+00
2.755139804579191498e+00 2.328446423609934701e+00
2.786533424828721905e+00 2.679161103580369296e+00
-7.311006462941696427e+00 9.522020000295722042e+00
6.934303123582349571e+00 8.787824505901907557e+00
4.519023236001855182e+00 9.523767778108204851e+00
5.144304355487737013e+00 1.557191588896803314e+00
-3.512841246477850454e+00 1.074007325677347247e+01
-2.031382638896778836e+00 9.967442505130309272e+00
-7.997113413987069208e+00 1.009153720215000938e+01
1.307741220669073456e+01 9.036837527561440098e+00
8.585351776911313237e+00 9.963618410081254595e+00
-1.180292331621275892e+01 1.227396689457481216e+01
9.179752097553894430e+00 2.179384764383137441e+00
1.092924496466418027e+01 5.462870239844404452e+00
6.345433619507182543e-01 3.480595410248707111e+00
-7.740028574084016455e+00 9.374348173887213420e+00
8.420548513753054465e+00 4.933604656640055097e+00
6.662450017390294299e+00 5.080340793004667788e+00
1.020976533815560927e+01 -1.012139052878486378e+00
1.090385204783885875e+01 7.420460323019542948e+00
1.242590648183429103e+01 7.077338315198996810e+00
5.443100098025005273e+00 8.364527903342079185e+00
-1.020435547291576261e+00 1.662112792765291047e+01
2.232233835268581323e+00 9.995464173828050747e+00
-1.064941173085033110e+00 6.002214099988453455e+00
-4.038371258373685713e+00 1.179873524703393528e+01
-5.213453103912841780e-01 9.365743484781290817e+00
7.016475579846429333e+00 2.955928302872905533e+00
1.190916625737693124e+01 1.769686283350349143e+01
8.020947129161160039e-01 2.230185039960812077e+00
1.308889181301090865e+01 8.824829385739317189e+00
-1.050741559021913574e+00 6.555431439797276383e+00
5.087330539844574062e+00 5.732315300395061541e+00
7.750176055246147833e+00 5.723003617297957923e+00
1.133972047268814798e+01 4.442950829106323773e+00
4.690762664075921684e+00 5.655988520295993638e+00
6.658948024074721417e+00 1.457146760878987202e+01
4.162059187838791807e+00 1.899102367628791921e+00
1.130673517264648931e+00 1.612882264712422753e+01
5.492465686483501308e+00 4.930788179234374624e+00
8.292839563170222306e+00 7.912967794612816519e+00
1.180167961345804883e+01 5.005610679870088120e+00
1.037920736804578148e+01 7.620368496478934439e+00
4.148425495224054238e+00 8.954879316275915713e+00
6.635146601145780032e+00 8.271415226730193027e+00
9.855449212843144124e+00 7.778052467939883030e+00
-1.682318062690742577e+00 6.945093144070029645e+00
-7.956949595118727458e-01 6.371604371364804287e+00
-4.317229420428094322e+00 2.051609238444670247e+00
3.879183390337249682e-01 9.966154224195916456e+00
-2.365859958912119865e+00 1.290693025098555857e+01
-7.050336191179701117e+00 1.051309983651990798e+01
1.103986052878003399e+01 1.179503636855072557e+01
3.271956816421027980e+00 9.315668768338561279e+00
8.651294683600211144e+00 1.356722598627147569e+01
1.205659155360610413e+01 8.614757155022875423e+00
1.573022666061281827e+00 7.279562844346620487e+00
1.028883589105826246e+01 7.501679710459534078e+00
2.156470168518793695e+00 8.819159346875482086e+00
-3.534431255210855660e+00 3.492346169160769342e+00
4.286585677174453046e+00 5.090167702395641314e+00
-6.657607081375118696e-01 1.506473794051589721e+01
-5.225182707099959245e+00 3.165302096791212882e+00
7.389943104340440883e+00 3.656877820736362139e+00
7.123044819439499520e+00 1.525408951752015696e+01
3.269635545461549331e+00 5.233442496456715887e+00
6.340435081043545473e+00 1.371638127962375542e+01
1.363360584610708237e+01 9.045971148562493624e+00
9.474731763996853573e+00 9.090211392739846019e+00
8.018070295824100135e-01 1.586378833882108452e+01
8.559731292761927790e+00 8.497825786196290920e+00
4.195983474600864405e+00 1.269958290610004248e+01
3.285798627303337938e+00 5.760910578539617966e+00
1.075677521625609501e+01 -9.374860348603918370e-01
3.227189061243809221e+00 3.618905487440644997e+00
-5.247317000858158664e+00 4.910840191063292615e+00
4.846228117852374062e+00 1.192709006252191450e+01
7.676415402541099553e+00 7.109664358221192693e+00
1.381248027845789750e+01 8.511317195783798084e+00
-1.802235117790435215e+00 1.060982356491995837e+01
-3.431468551405855383e+00 1.131517283333866430e+01
4.012513733344477695e-01 3.844943194131738906e+00
-1.401183506955123059e+00 1.483227520336481398e+01
1.746567484428363848e+00 5.827245376236153795e+00
-2.885887104303097583e+00 7.592055557839991309e+00
1.116545357628125323e+01 3.409011321474888057e+00
2.965261075338945673e+00 1.190243321276639143e+01
-1.462638106073764765e+00 1.138243602967343726e+01
-2.886988721729099594e-01 1.711330284939693414e+01
-4.996136956785765193e+00 3.806913638657640764e+00
8.996711367955402494e+00 1.130941200200712693e+01
8.640250948347654614e+00 1.356058411571168776e+01
1.184078196239089742e+01 5.974898675258820901e+00
4.413931707965310203e+00 4.197270336622979769e+00
-7.037939206790830848e-01 1.472587804057073768e+01
1.201885814694611865e+00 5.240617224552087450e+00
4.055497281472777438e+00 8.906050116010007400e+00
-3.163157557173397194e+00 1.213464051380435471e+01
7.254755739712237528e-01 8.436456193238484502e+00
1.806032423543372456e+00 1.379467171286137095e+01
1.120730568189256182e+01 4.789149598328932278e+00
2.002468951643274764e-01 1.457278121474264765e+01
6.749919447971548969e+00 1.880123093666733780e+01
5.160760990396365600e+00 1.769453409915616859e+01
2.740640073320057102e+00 1.880568556259576596e+01
9.945966591568187187e-01 7.485324023989004871e+00
2.029208059480091531e-01 1.167984339263563420e+01
1.088904611030629610e+01 3.173904528056288310e+00
5.466860757748248645e+00 7.657792724419530295e+00
6.629699288410438207e+00 1.472654570850293787e+01
5.641222011448267182e+00 2.105118490484894522e+00
4.814070355465165818e+00 1.203603417206465487e+01
-2.809430059703839966e+00 7.760097795720843905e+00
6.959316756339585908e+00 1.321861918635706346e+00
1.210260283911675572e+01 9.716949429740624922e+00
3.393672640506196991e+00 1.345728145260292585e+01
-5.167752984362371294e+00 4.997972271660936272e+00
1.797939781374132906e+00 1.373316044221001775e+01
8.057307956889880884e+00 8.115955056171600290e+00
-5.311855187281124824e-01 7.898320969911979184e+00
6.910068849245313949e+00 6.831037350572181310e+00
7.555296776835024097e+00 2.736522219206060313e+00
5.450799029569505239e-01 1.648126145596295800e+01
1.014251076994626821e+01 5.450995542177444086e+00
-1.582658813665220876e+00 1.063476301735808960e+01
-2.250371539083681593e+00 8.523105327692672262e+00
-5.557173662363545930e-01 6.483088088229193247e+00
1.103987383348072981e+01 9.344950892593724134e+00
5.402617041749808280e+00 7.765641341790354701e-01
3.987547321925454469e+00 7.108682886860735906e+00
8.885355417722031746e+00 4.857530386805303024e+00
2.180293090884531659e-01 1.169543011014586220e+01
-3.738466436381933544e+00 8.537967036817011746e+00
8.981024927538150848e+00 7.922761674480421235e+00
6.059152950848065267e+00 4.677584968486746320e+00
4.183329442136701992e+00 8.842801673352344238e+00
8.679456983709558315e+00 9.951201689011428542e+00
6.959130934157778725e+00 6.852849778388215185e+00
-1.345632858545498856e+00 1.735685890018413957e+01
-5.797122339763614463e+00 1.469959581510665458e+01
1.028990623683186634e+01 -1.011717157472291184e+00
-6.101390163042961223e-01 8.965896602987498909e+00
2.828394681561666513e+00 1.210808126319997413e+01
-6.052418329265381036e-01 1.706485625466826050e+01
2.394112793292671792e+00 9.689012153549649398e+00
-1.797312090122727524e+00 6.018881141757567832e+00
6.261465799792992115e+00 6.283697605693011390e+00
4.028178234924028045e-01 1.102457350427876825e+01
-2.497066918980863637e+00 9.671313596445502370e+00
-1.125945420973131661e+00 4.894671032499277707e+00
1.050894073977166876e+01 6.290935921649640328e+00
8.183953283106298215e+00 3.663399839284370518e+00
-1.529370390410458969e+00 1.640926927512574096e+01
5.160681647332239663e+00 8.536178589097531244e+00
1.115465671307613249e+01 6.538866268179327257e+00
9.502664955389496626e+00 8.624194390274364963e+00
-1.951404239151048881e+00 1.128111232522416785e+01
-7.449360804830339688e+00 1.154760390799006231e+01
7.208511288122987359e-01 5.047373504016428925e+00
5.888933914636589328e+00 7.148648131442882914e+00
1.002049764139978372e+00 4.123509105778587980e+00
2.025571250788785527e+00 4.508534081143480421e+00
3.347685747241167409e+00 1.897447659229545636e+01
6.281511236436386980e+00 2.909460885044522271e+00
2.732077731946038313e+00 1.242559893949810679e+01
7.322324068147700871e-02 -1.929673263236062475e-01
6.595891351020064519e-01 1.413210890034021538e+01
4.331863983084206282e+00 5.773162933825908283e+00
8.996800963113383176e+00 6.901757124409172661e+00
4.515927952599346540e+00 7.346232988117670004e+00
-1.765250701446186565e-01 1.689644172486012152e+01
1.268032150616319775e+01 9.248095859513302486e+00
-2.746408718246728387e-01 6.022055797483822914e+00
-1.624447073044410050e+00 8.958385709664755225e+00
4.354194498070222075e+00 1.711869197107681728e+01
-9.668654158684231170e-01 7.364766251454051726e+00
4.347838775886436746e-01 1.685260508324416762e+01
1.681181777336860472e+00 1.474995269636019835e+01
-5.894519167949042959e+00 1.191221224138158519e+01
-2.272395138624700550e+00 9.258585836501479704e+00
-3.965681061174343824e+00 2.038258535229489965e+00
1.212645861103348111e+01 1.035151658933240881e+01
-6.390315528596890449e-01 1.480592924170488622e+01
5.122794572062918661e+00 2.926872895701299715e+00
5.591287339017039670e+00 4.046981099881120869e+00
1.340566699384811322e+00 5.611910481812903306e+00
6.086883387721418792e+00 6.766204232127550178e+00
3.200099818344677161e+00 1.864226266634795337e+01
6.308225936535424516e+00 1.358350472134405074e+01
8.096833120745735357e+00 6.329488739841462319e+00
9.668416726606725575e+00 4.133368717690113492e+00
1.537265268608093149e-01 1.623384383084468041e+01
-1.876530566514741372e+00 9.081213710267089567e+00
2.948523330780611573e+00 2.956144125954927926e+00
1.147887651614680316e+01 4.801237203046516910e+00
-6.114766972807887946e-01 1.472443110005148625e+01
1.634618808345707386e+00 4.283938849412511018e+00
-1.450013609514479551e+00 7.951691771815156962e+00
-5.017422897543621474e+00 6.401582419030424909e+00
1.273962936480908503e+01 1.549531815527112499e+01
2.512294005061615820e+01 5.724003097778040505e+00
-4.565592294743016311e+00 -5.799123769447752430e+00
8.154039486551697635e+00 -1.710078235421275750e+01
-5.169211350004616179e+00 -1.344076902194834844e+01
8.407268772111370581e+00 -2.180644356371652037e+01
-1.186975837775834819e+00 -2.539998751048376846e+01
8.075872915632953397e-02 -2.907150038468980213e+01
-4.828570318237885850e+00 -1.606205522562374810e+01
-2.185730684043855288e+00 -2.372768300316876378e+01
2.269843933028725047e+01 6.383829598908030256e+00
7.724944601682800505e-01 -7.616568143126697166e+00
-2.594307663953541621e+00 -2.344612382712255538e+01
1.681561452822404590e+01 -1.305564722631480379e+00
8.657877758053823536e-01 -2.199485106757151698e+01
9.669675571842669015e+00 -2.377282195712527724e+01
-1.464146808973396663e+00 -2.362757611637143640e+01
2.858046768264643767e-01 -1.799874955848221347e+01
-6.192656676898795176e+00 -1.905991982725566558e+01
-4.033423280367121500e+00 -1.776493687842005542e+01
5.339514189866408245e+00 -1.882853810293748253e+01
2.546712910011990072e-01 -5.070295384552592211e+00
1.195475919567299705e+00 -2.548437337889143706e+01
2.700599434172274727e+01 5.937205565826984000e+00
-2.313717060389727909e+00 -1.932104657662668146e+01
3.580468323169413214e+00 -2.080862330283438411e+01
-3.467352052730853451e+00 -1.263244325692503089e+01
-5.683640881347548302e+00 -1.185579138067344118e+01
-1.077367860027173663e+01 -1.942129632315247534e+01
1.360441298304212454e-01 -2.679061724246490428e+01
-1.206364616715455362e+00 -1.586619808027506195e+01
2.179417175906965554e+01 7.119860725104213195e+00
-4.013177342345835896e+00 -1.370265583344655269e+01
-6.317994843906845404e+00 -2.061996579749421343e+01
-1.049666045094861033e+01 -1.649204054711764300e+01
-6.631592095379258645e+00 -1.579610933037759679e+01
-1.003561461632092566e+01 -2.226951111035754849e+01
3.705731935103738994e+00 -2.662702945700702983e+01
2.031954140232475226e+00 -5.534805991765170852e+00
-9.283833960078293757e+00 -8.096926499513816822e+00
4.790201831797723742e+00 -2.000742884885607964e+01
-4.187576619413941437e+00 -2.786790970249177235e+01
-1.022246583987706892e+01 -6.225629455287026381e+00
-2.880309140808855251e+00 -1.082753670335386253e+01
-7.119980003337474272e+00 -6.979243418060314674e+00
1.257670266331042441e+01 1.554640789105459575e+01
9.382237577183145660e+00 -1.886730781151054614e+01
-7.989702269404946655e+00 -1.432056215763031659e+01
-1.010750169114201924e+01 -1.430542931074661794e+01
-7.063155486339759648e+00 -1.984762250044205345e+01
-2.031064727849082097e+00 -2.489026570580210773e+01
2.102194257558305246e+00 -2.314712436763428016e+01
-1.337985512621810713e+01 -1.320109685758074924e+01
2.740051370422106114e+00 -2.273015212548536113e+01
-1.194529404233325742e+01 -1.271888179499223348e+01
-8.210701852527597211e+00 -5.544496828527267773e+00
-1.002699874707018601e+01 -1.168763490592253262e+01
-1.550925916135567295e+00 -1.501770335270873957e+01
1.303592340725391097e+01 -1.742270616818650453e+01
-1.083826824791837673e+01 -1.686518536801979096e+01
-1.314819634080182320e+00 -2.257199001128969229e+01
-7.097740419817910151e+00 -2.127069062534659238e+01
1.605408606753947964e+01 -3.620334682909184920e+00
1.409176699969892077e+01 -1.560469415545023608e+01
-6.417651861522783996e-01 -2.423847118377143417e+01
1.840131197585032297e+01 -8.110271768244045276e+00
9.446150864146819259e+00 -1.744495098635441011e+01
-1.310293714664161557e+00 -2.111842064813199116e+01
-8.807697151354259901e+00 -2.116790221140207606e+01
7.200441054393136309e-01 -9.505587089267903522e+00
9.078243330482804296e+00 -1.872817823799905668e+01
2.661277739632764039e+01 8.758668565326022559e+00
2.662956156472157332e+01 9.564701153641275155e+00
8.419870109807455094e+00 -2.115818140969549077e+01
2.197921677461577872e+01 8.846434908416515697e+00
2.400123337172391302e+01 4.620621854855928134e+00
1.186414471168285445e+01 -1.001014547271512356e+01
7.610498143700906937e+00 -1.722958273562935716e+01
-3.017979980524186256e+00 -1.149764138402155211e+01
-9.978528133617169615e+00 -1.385421928187484930e+01
2.745501925002001631e+00 -2.043675688321294359e+01
4.363503554576912080e+00 -2.079660815214176850e+01
-6.131072421862325816e-01 -2.307670878836928807e+01
8.714545405453396620e-01 -1.482440040122705227e+01
-2.242822703505880089e+00 -1.953589231361168999e+01
-1.110747515042024514e+00 -8.139399910218786616e+00
2.170817933149578050e+00 -1.025306720659009230e+01
3.265479321740603069e-01 -2.799672200232716079e+01
-1.471990274469612814e+01 -1.678795986387498118e+01
-1.330372149499665468e+01 -1.436706295128551858e+01
-1.615960617844541858e+01 -1.598284442305785724e+01
-2.825609349111650737e+00 -1.715945136824933570e+01
-1.192841962109812393e+01 -1.952944864862231711e+01
5.460059487427661118e+00 -6.544361763695297540e+00
3.726132132697940857e+00 -4.904225195012406502e+00
5.400956096952684860e+00 -8.824313559747555047e+00
-5.061202058407127780e+00 -2.248480305404982005e+01
4.708351296849284218e+00 -1.443420309483309616e+01
2.748132751989933009e+00 -2.840720309855204562e+01
4.534666153503829733e+00 -7.646433171010649232e+00
1.570127366953311565e+00 -8.305503052414524134e+00
9.478018944657842226e+00 -4.963031048663117062e+00
-1.178783408274839140e+01 -1.294478050897871491e+01
8.676873866082933651e-01 -2.768266462285582818e+01
3.486356372728284470e+00 -1.656717322352775668e+01
-2.364989851014460243e+00 -2.126768992886835363e+01
1.375494184877563697e+01 -1.680737569248944041e+01
2.740838145803744652e+01 9.552674496388668501e+00
1.197503147597732909e+00 -2.652690078117668548e+01
7.398929150719260051e+00 -1.266932501189685212e+01
2.396346171755048005e+01 7.502787836247525988e+00
4.869656808948366944e+00 -1.206260488445699863e+01
-1.281361008785183841e+01 -1.470116837780543761e+01
9.087168053660461098e+00 -1.847350758189745790e+01
-8.048705475196168635e+00 -1.493856140458913018e+01
1.164044469675587168e+00 -2.298136511939642901e+01
1.055834269744261977e+00 -1.683862096338458869e+01
-1.344276805580441803e+01 -1.452325494523399385e+01
-3.437704086645640089e+00 -1.063729780668099778e+01
-8.156612474074885100e+00 -1.723173296404889498e+01
2.324060875452545716e+01 4.933642269775361910e+00
-5.799019937616261444e+00 -8.571190856951778514e+00
-1.040342569189627220e+01 -1.488011956650291268e+01
6.775100107496903057e+00 -1.012303829724518955e+01
5.100030672950923716e+00 -2.093439241836918185e+01
-4.929617140097545480e+00 -1.495346489362018616e+01
2.796141024265137176e+01 9.009249296386904859e+00
-4.624819374136546202e+00 -4.107776178870015116e+00
-1.784469926661042205e+00 -4.562146653047941314e+00
-4.066226870434710983e-01 -1.620812799175034513e+01
7.516751716833784958e-01 -2.253090685183990871e+01
2.382431189469371091e+01 6.111600460024102510e+00
1.206811948385875688e+01 1.563332396781023981e+01
-5.816695282204791262e+00 -7.306173878534417909e+00
7.750717634310495541e-01 -6.691529879543008263e+00
7.614585418325352961e+00 -1.344979665133548430e+01
3.439961463223909499e-01 -1.470913076479557979e+01
-2.676923458141899914e-02 -2.546621911079071410e+01
-7.544027237251358819e+00 -1.912662316592152933e+01
-6.575211501848516882e+00 -1.972163233985556019e+01
4.157290524574423607e+00 -2.484929025153306625e+01
3.406839060642389505e+00 -1.269859929667791576e+01
-1.340965117436845944e+01 -9.211779743395414499e+00
5.450829985623698581e-01 -1.675234623611861906e+01
9.357443850538431640e-01 -1.403153600342706397e+01
-1.052166215533447691e+01 -1.092035524667041813e+01
-1.219638539604360972e+01 -1.206763631950681415e+01
-7.500957532624018320e+00 -5.705419472951669846e+00
-5.159639624664719371e+00 -2.292005237588832500e+01
7.240524492374255772e+00 -1.956637807596210266e+01
1.296746998362469983e+00 -1.396694274303288452e+01
-2.557949989775854416e+00 -2.226912513616067457e+01
2.036943205670998402e+00 -7.903969848998201542e+00
1.004884956860367318e+01 -1.607115247082024112e+01
1.837938193751061267e+00 -2.703395010576902990e+01
-5.214995140545567232e+00 -2.016432523295982548e+01
-4.111897541849058868e+00 -1.918994480363674171e+01
3.134504797129897380e+00 -1.210142727660542938e+01
2.230310176743185480e+01 4.508184211070723535e+00
-2.229440337460108501e-01 -2.828257162086273979e+01
-2.699568046454584369e+00 -1.426928373341604228e+01
-6.328646071646478077e+00 -2.565342397722358214e+01
2.261314273115547735e+01 6.349406393049262576e+00
-1.021789550476025887e+01 -6.220551148902936589e+00
-3.045153194703568822e+00 -1.383061823415323133e+01
-6.899385090542170751e+00 -5.748836192493063990e+00
-6.949941139022317138e+00 -5.809483583028043796e+00
-7.655355209932509508e-01 -2.814363222440370649e+01
1.408832441854702822e+01 -1.574757646764428820e+01
-1.580153281228089845e+00 -1.288022844750166840e+01
5.238889995030160396e-01 -1.712520356976023095e+01
8.289793480297760198e+00 -7.805026512081172818e+00
-1.024226029773426738e+01 -2.083532559308375909e+01
7.679161283747847122e+00 -1.548815888293320064e+01
-1.033407656756277326e+01 -1.560014209574497457e+01
-1.436027339510586565e+01 -1.092523829292129633e+01
-7.531901586181133368e+00 -1.525367789277146002e+01
-8.579397188881717540e+00 -2.199117467830638972e+01
-8.550943271761115128e+00 -1.554097275248349241e+01
1.225729216782160513e+01 -1.781673039472299536e+01
-7.278883135901167201e+00 -1.953376678063877492e+01
-1.241789005606263707e+01 -1.660399600194471503e+01
-6.047388618369207158e+00 -1.373926582824668330e+01
1.316227508821587655e+01 -1.026876456717283936e+01
-2.828512047517286021e+00 -1.679379576656393880e+01
6.802066483733895552e+00 -2.281470906078854455e+01
-2.398439420626775842e+00 -1.050123787300869971e+01
4.015123289245893901e+00 -1.943855314204495244e+01
-9.122899736596019604e-01 -2.107174122011215900e+01
-9.177092992209084699e+00 -2.498606493939982087e+01
-1.012666852224373315e+01 -1.661786079025381113e+01
2.855517558504064013e+01 9.191293070096429929e+00
-1.428895690142930519e+01 -1.773373685414026113e+01
-3.295674068762862952e+00 -1.128201130492143633e+01
-1.000341226174913878e+01 -1.370149268712016344e+01
7.917159175983173647e+00 -7.182260794109791568e+00
1.194546474273374237e+01 -1.721352506724699438e+01
-1.074983127214002465e+00 -1.912415855857459945e+01
-8.691100207451116333e+00 -1.441365626705942127e+01
1.129066887168763600e+01 -1.416336374399350362e+01
4.547077658825307012e+00 -2.372322515992608771e+01
-8.618691642337791947e+00 -1.306727439614657094e+01
6.199331054200632352e+00 -1.347154143891309985e+01
1.140045653363845624e+01 -1.786311985374867817e+01
-1.144165750969728279e+01 -1.696403790672263767e+01
-2.602560001224984987e+00 -1.041061597746156053e+01
-9.536071260124124649e+00 -1.913710560386217452e+01
6.061613377836136962e+00 -2.013448710945109710e+01
-2.273989221494631341e+00 -1.853020484404511237e+01
2.341672312833991398e+01 6.518241936160081629e+00
9.605297589781368828e+00 -9.217100861781508669e+00
1.052599116899460086e+01 -1.849542309107459204e+01
1.552318293927580051e+01 -2.798663419526818519e+00
2.195922661365165496e+01 5.415127723954790362e+00
1.187568305155716786e+01 -1.017057857524568476e+01
2.707307454268665037e+00 -1.689453690056321378e+01
3.327592947512743482e+00 -1.604570533313004788e+01
7.570658508248606644e+00 -1.410772364872859441e+01
-5.560489542108238981e-01 -8.102872388303484996e+00
1.923156565675432139e+00 -2.013982679549389587e+01
-1.731548348079838373e+00 -1.311460743172169252e+01
5.228413614697482892e+00 -1.861261373954767606e+01
-1.243134829323141233e+00 -2.547572252133975823e+01
2.361831506391657953e+00 -1.779316713994913712e+01
-1.160867577735552159e+00 -1.701516090854205743e+01
7.900140603609998813e+00 -1.717561060106585558e+01
3.896933886932465452e+00 -2.082943389835122616e+01
1.422795463739953581e+00 -2.288932233110500647e+01
1.568239665333071908e+00 -1.608293613461057348e+01
1.160249011209133485e+01 1.588831669259819890e+01
-6.076281290410704194e+00 -1.150639155332139474e+01
1.245179264021700050e+01 -1.743357739352813596e+01
9.175560563460852137e+00 -2.426461376192518671e+01
7.014919720462239994e+00 -1.214164855445831215e+01
-3.573239849864198625e+00 -2.253657122237729027e+01
3.375616247751539234e+00 -2.353431706571157278e+01
-4.937054810700315599e+00 -1.226145380107482197e+01
-2.397708065737458316e+00 -2.696480801866141874e+01
-8.064138281252919427e+00 -2.076015792950488148e+01
3.932872648182156539e+00 -1.798208401381521782e+01
8.446842645550892925e+00 -1.337821982798044473e+01
-7.522040547002854183e+00 -1.311435800181488176e+01
2.310383458499138953e+01 5.044083420490438563e+00
1.321174872932842526e+00 -8.924120726578671281e+00
-8.359868083253216398e+00 -1.354039588273605510e+01
7.534819875312717130e-01 -1.993467680624764071e+01
2.264481675117757220e+01 7.830805965663212298e+00
1.971388767858191216e+01 -6.196961760337132752e+00
1.125069149244121469e+01 -1.426660539660877447e+01
-5.729237012176132460e+00 -1.071647803730384219e+01
-1.348697809939154624e+01 -9.199244650922649313e+00
4.937903542671293167e+00 -2.001632911727699593e+01
3.368002085320746630e+00 -1.606225011441756223e+01
-1.631279264251273275e+01 -1.581057600395557650e+01
1.787626882839392639e+00 -2.689212410702563005e+01
-1.435190442879007655e+01 -1.064678941174642546e+01
9.598193160819867842e+00 -9.218432878694164501e+00
-9.335308627721120023e-02 -2.119092170763396155e+01
-3.133683912987972775e+00 -2.705534922652607932e+01
2.712892940633838901e+00 -1.944201289343541106e+01
6.058151665959451648e+00 -2.123965823459968405e+01
2.363078657975049524e+01 7.085956423124039283e+00
1.554157867588489950e+01 -2.749088761861779417e+00
-5.711526759793770225e+00 -1.799925543141961271e+01
-3.118879395245992558e+00 -1.914345043972700822e+01
-3.883755182338579637e-01 -1.836917668125736469e+01
-6.205401309798597609e+00 -1.203667243193344127e+01
-9.686465831330060894e+00 -1.563722916718522704e+01
-5.892762814550746020e-01 -2.454498409570661721e+01
-1.038435721479323881e+01 -1.741758721983329394e+01
3.419353223835152278e+00 -6.161491929460716221e+00
1.673266505286641248e+01 -2.468845627261404552e+00
2.718372396716042161e+01 5.168423616701799617e+00
1.559908264805164713e+01 -3.247780629644669403e+00
2.719188632792367599e+01 8.022153936164867716e+00
4.330089881383061723e+00 -2.513020458835209325e+01
1.238878244194097000e+01 1.551805059320358637e+01
2.510684887142976329e+00 -5.415536407487769210e+00
2.231203107780754991e+01 8.358458455841061507e+00
2.991928054169793683e+00 -2.359440988310486631e+01
2.145019559173411583e+00 -1.807995241970883882e+01
2.219648367443900483e+00 -2.172672910498987164e+01
3.268781747949998984e+00 -2.418238995945175418e+01
2.243930325275125170e+01 3.615425953564653128e+00
1.279306311357719039e+01 1.540496973799783298e+01
6.672549091152289336e+00 -2.334534866525263297e+01
4.021682148704074145e+00 -2.120242212740037857e+01
3.377438744540879334e+00 -1.298813659509279361e+01
-1.429193909819510111e+01 -1.431145358952069024e+01
-1.487388834229547374e+00 -2.634389634357893684e+01
-1.204253802641351534e+01 -1.839519312581750654e+01
-4.743151999480488712e+00 -1.294380133201574168e+01
6.578948107856541050e+00 -1.953267144853428050e+01
2.764894828040780794e+01 1.039668881081248664e+01
-1.619776792802042786e+00 -2.815163831375913972e+01
-2.592784635477365818e+00 -1.120558789635284036e+01
-2.144605318152502438e+00 -2.284956434153485105e+01
-3.553216447486124974e+00 -1.597731583064976668e+01
-1.352645468621099667e+01 -1.142645282415642960e+01
6.490363125188017612e+00 -1.868453614219727044e+01
8.880539735422370740e+00 -2.449679143028813399e+01
4.424233147698037882e+00 -1.106382400778328190e+01
-9.166126873645414008e+00 -1.347516089867882272e+01
8.622961354153607871e+00 -8.370097751022479216e+00
-1.424458364385530551e+01 -1.796610149083933905e+01
7.403708506621144103e+00 -1.081827542026046984e+01
1.614424559983645313e+00 -9.110293237937677091e+00
1.700350895416784525e+01 -1.416809809549604005e+00
-9.473033197403683658e+00 -1.452648133721715951e+01
1.880437111954747209e+01 -6.469946670828481849e+00
4.569334435192237365e+00 -2.174217624067821220e+01
-8.662144507015126393e+00 -2.164270686898362683e+01
-3.424050615445622725e+00 -1.360220881363639123e+01
1.270226130561963096e+01 1.546580105945550265e+01
8.363572345976352906e+00 -1.625094661685078989e+01
-6.496416809225906697e+00 -1.710381317405190060e+00
-9.964397673952561263e+00 -1.809142658683175497e+01
-8.789307398416925210e+00 -1.739469283897445706e+01
9.922867491085264335e-01 -1.880917385337987824e+01
-1.131086126563544347e+00 -2.828059044632518848e+01
3.672440018142745455e+00 -2.432163381809231595e+01
2.660438298177777483e+01 9.516414620537990032e+00
4.483184302256555398e+00 -1.668816386059718582e+01
3.941666010017208510e-01 -2.802048404870181031e+01
-4.507150567700424659e+00 -6.895088099759728806e+00
2.256555179734291983e+01 7.805691747117188939e+00
-1.284451226426002357e+01 -1.993879427109245484e+01
-8.216785664314855353e+00 -2.064224726368937368e+01
-1.335445937526409743e+01 -1.461912689557885514e+01
1.973525300648531156e+00 -1.866074863420477215e+01
8.382790652144080923e+00 -1.429549423356595739e+01
6.380288023966131483e+00 -1.422918374217903725e+01
-9.412694542611676596e+00 -8.801926653971417380e+00
1.055456398692403930e+01 -1.590381272439291394e+01
-9.104932080933085814e+00 -1.048332367938222554e+01
-5.408571921807961980e-01 -1.234761167063834009e+01
-1.420985041150815320e+01 -1.813985266770690430e+01
9.981429415190325116e+00 -1.279844760907274193e+01
-1.251928914093278422e+01 -2.154627282733238403e+01
-9.772633623242882317e-02 -1.994573678432064767e+01
1.178763543143881698e+01 1.577781855917208631e+01
-7.950368539297859805e+00 -2.361001232635875269e+01
5.334558187580427990e+00 -1.286368231358693670e+01
-6.174144114354970014e+00 -1.671312176169726982e+01
-5.673681683008780396e+00 -6.244658816648507305e+00
1.016961397500443454e+00 -2.166222431209591548e+01
-9.595150554516122199e+00 -1.858967769161394301e+01
-1.176236531358831705e+01 -1.801845321807914857e+01
3.223420559738333857e+00 -9.985347206642929407e+00
2.527287245007637750e+01 3.803161561030533822e+00
3.964596176040219966e+00 -1.055455826888849735e+01
-1.046040740492690269e+01 -1.864465183572457008e+01
-1.155966236575152806e+01 -1.699843846511073764e+01
-5.068878464282997598e-01 -2.351766242790916195e+01
6.217108242167510568e+00 -1.170789083400710417e+01
-6.126389955064992066e+00 -5.943728074406985584e+00
-2.881070094115266933e+00 -2.132445400836547833e+01
-4.191492354006497223e+00 -1.396626861642222117e+01
-8.647817463267228888e+00 -1.955669648927993620e+01
2.250477565382464817e+01 4.636631146039853490e+00
-2.534770628689197114e+00 -1.542382658777004245e+01
4.645855677051785593e-01 -2.381165502024927960e+01
2.922194190034963412e+01 8.236614223955223579e+00
-1.601068541219246910e+01 -1.622909098227821545e+01
-4.257739519497846459e+00 -2.516682121082346413e+01
6.564229303349489175e-02 -9.477967911673411905e+00
-1.488250972322008092e+00 -1.388668916661500852e+01
6.588457236305830023e+00 -2.475567541806295679e+01
-1.506147598800648524e+00 -1.971842501451282459e+01
1.953129949636414153e+01 -6.363261473719139971e+00
4.345678137055130286e+00 -1.832199138369650626e+01
2.760429429735307139e+01 7.748060678464613993e+00
8.142550120658988977e-01 -7.538758376645894543e+00
1.552879626954788428e+00 -2.065605750742098579e+01
2.188967483752759069e+00 -2.716926974918666815e+01
-4.500564918452232277e+00 -1.740393061819759168e+01
-1.138503803188123520e+01 -1.950972148174459875e+01
7.165822669135581968e+00 -1.285003114371850685e+01
-1.333321415169290347e+01 -9.820438513609730080e+00
1.297851148472959126e+00 -2.735805415784676597e+01
4.904778048852435290e+00 -7.256847919600598829e+00
1.120503025995335200e+01 -1.859469903468842134e+01
-5.183027331221846445e+00 -2.016846419928574008e+01
2.649275629236688134e-01 -2.174978424185837866e+01
-3.107484904313375651e+00 -2.576572482156850086e+01
9.405279304000348617e+00 -1.449335348905912113e+01
-6.357426897436684321e+00 -2.388403097423958599e+01
6.164688058187745234e+00 -1.697920766271213111e+01
-8.150071547394674099e+00 -2.129406809095176811e+01
-1.967180568341914348e+00 -1.393431173419941160e+01
-1.299957807129265674e+01 -8.936831861533153898e+00
7.245914671374123373e+00 -6.585392920934030059e+00
6.565972307573247235e+00 -1.472920949661117263e+01
-7.719592628974442761e+00 -1.025414171291558851e+01
1.200380201568115268e+01 -1.491974416966810502e+01
-2.917033702959221930e+00 -1.507976407218475323e+01
-8.651252439630253477e+00 -1.837967048526244440e+01
-1.113197735527591803e+01 -1.320511536906960792e+01
1.569848361487929500e+00 -1.235526116242077421e+01
5.365190814240206052e+00 -1.969598837644767642e+01
-6.778627888892892805e+00 -2.096799958563052257e+01
8.005130155226911626e+00 -2.168946000706458221e+01
3.264923990373162166e+00 -2.339246180717870871e+01
9.389582441907542432e+00 -1.136209138794811935e+01
-4.294391004285214919e+00 -2.510652877409801320e+01
4.679806502258824885e+00 -1.420515487928293652e+01
5.446181752172832624e+00 -8.466683003315642608e+00
6.297886858149182032e+00 -1.341918447071335940e+01
-9.174380854179423395e+00 -2.499262453601727429e+01
-5.785877629297501379e+00 -1.099818943915845360e+01
-7.136552700292115858e-01 -8.037002429583864682e+00
2.858992762359534723e+01 6.825851696923693090e+00
-3.987141193747061774e+00 -1.666771509298733989e+01
2.636620726700569239e-01 -1.278349302851168900e+01
-1.163219967644575092e+01 -1.542702226652824216e+01
1.710476058567978441e+01 -6.784884492317376115e+00
-8.308125421872048832e+00 -1.699603864354991956e+01
-1.644328793627717999e+01 -1.564590590129178871e+01
7.993567445712394637e+00 -2.126216585029623829e+01
2.218241880662308319e+01 6.034836135246777644e+00
-1.372444748417645188e+00 -1.708098436285392552e+01
1.430598393705146965e+00 -2.544206647870156246e+01
-4.219218241937878311e+00 -2.780630309933068744e+01
1.188267896101968901e+01 -1.102246782530823488e+01
-3.334034861282404449e+00 -2.345944509644914433e+01
2.694563407074765937e+00 -1.452623500671992218e+01
-2.984687064257157685e-02 -2.524217257947576698e+01
1.566795409649894277e-01 -1.279149835341697283e+01
-1.089459647369028561e+00 -1.530426359886735277e+01
-5.835767710698204880e+00 -4.811315311700983699e+00
-9.070129570173126154e+00 -1.792321368990554475e+01
7.256479986001722615e+00 -1.170859709811823990e+01
-9.191891684882805835e-01 -1.773872985893753551e+01
7.858785224806421610e+00 -1.398265111343649103e+01
-7.306019975081004425e+00 -2.438030587104869085e+01
-1.007574646710890498e+01 -2.079139924828409747e+01
-4.772277966881535161e-01 -1.659342846908898039e+01
5.358535578019544943e+00 -1.621835416587491352e+01
2.621192069319256035e+01 1.012501602833761183e+01
-9.374705440232160569e+00 -1.002943428416119076e+01
9.470280157594879178e-01 -1.032310298658896208e+01
5.222392412633719339e+00 -9.848997278708687020e+00
2.582604462337724005e+00 -2.606750974247192687e+01
6.164638668116820597e+00 -6.038733416174919100e+00
1.082294792829318508e+00 -2.095508520273873643e+01
2.204758167989257167e+00 -8.442980727796248530e+00
-6.523731340177784332e+00 -2.561005308355265697e+01
2.749091253240412591e+00 -1.446901097700280303e+01
-4.284613150879760468e+00 -4.229740702429752197e+00
8.487439009289825975e+00 -1.357842948404092098e+01
-1.216511856522683921e+01 -1.476669326202785371e+01
-1.650936701143885355e+00 -1.966496074486166989e+01
4.053896100651298795e+00 -1.071445523947658351e+01
2.070537277620313432e+01 6.839990348623077310e+00
7.539238805340263028e+00 -6.982099284372446313e+00
-1.915117208919832947e+00 -2.363653766458702776e+01
-2.932308051621182798e+01 1.545891611787078368e+01
-2.384946014690110161e+01 1.469862155924697866e+01
-3.035574653209820184e+01 1.036086885899415577e+01
-2.291272782918706241e+01 7.385709575935252680e+00
-2.825033220112701926e+01 9.828768234503209911e+00
-2.263634741554216845e+01 1.526190370452890832e+01
-2.813288539532349475e+01 1.183774237373137517e+01
-1.858145538108237105e+01 1.075635680509712166e+01
-2.696503876057809990e+01 9.319563727416314336e+00
-1.869375787596159810e+01 3.302846744692164105e+00
-3.133404893994167395e+01 7.075464000982614188e+00
-1.423237820188728264e+01 1.956889257031951246e+01
-2.597826425841753917e+01 1.449704804938682834e+01
-2.567201720944441234e+01 7.090428845616681741e+00
-2.278824294140275342e+01 1.588712468031090452e+01
-2.058366438951232880e+01 1.185407995641616274e+01
-2.755537323772223246e+01 1.126092149789336716e+01
-2.384033688341647661e+01 1.111048611971945022e+01
-1.962464430937301074e+01 1.026076950546965527e+01
-1.484928793815002201e+01 1.182038095871687311e+01
-2.193018833552904923e+01 1.517659800819640736e+01
-2.216173057016417047e+01 9.573685662952934550e+00
-2.335122839413646290e+01 9.089897985558152982e+00
-2.252549265496123709e+01 1.318750628499261524e+01
-2.818425884779201240e+01 1.161194299922344975e+01
-2.333387483689606512e+01 1.239338214929085780e+01
-2.593451170561877461e+01 1.449288559393613873e+01
-2.710324286739338007e+01 6.020738811037894322e+00
-1.706524998661185322e+01 1.260271170847165401e+01
-1.436279863593323647e+01 1.851681845680781890e+01
-2.442146198527827039e+01 5.572851631190035349e+00
-2.192954188278349648e+01 1.287815801774156554e+01
-9.908617286154887793e+00 1.860297956390732921e+01
-2.494353223574696088e+01 1.061203680215162315e+01
-2.238421342814144666e+01 1.904193524076186605e+01
-2.635115199910537953e+01 1.174656734596480767e+01
-2.525172486783046111e+01 1.431930365125739080e+01
-2.314298231941629425e+01 9.478524345374902182e+00
-2.780755955547654779e+01 6.503218603979051160e+00
-2.968291658824444568e+01 1.665478467233191751e+01
-2.156602250590246328e+01 1.403995144858789423e+01
-2.901541667380521972e+01 1.673711007043626608e+01
-2.636545409885801661e+01 1.272162305640888569e+01
-2.360633818022214214e+01 9.314217818502113388e+00
-3.058483714093449990e+01 9.977786472749528457e+00
-2.948881252033746136e+01 1.263970606278748576e+01
-3.112671759226986623e+01 1.080433222800163762e+01
-2.323064782383924864e+01 1.435320003278553713e+01
-2.504145668034673733e+01 8.214210371486768025e+00
-2.716343084720172385e+01 1.056552682176795877e+01
-1.666590307397688520e+01 4.641443151805321854e+00
-1.768384996313317359e+01 1.558859598096240617e+01
-2.655069241670273783e+01 1.771891434688157929e+01
-2.555569565989955905e+01 9.831833548160496150e+00
-2.150252999758281192e+01 1.606029214497392132e+01
-1.691218530785506857e+01 1.506937817105380617e+01
-3.138042582961108451e+01 1.209690096740459175e+01
-2.371428357793021036e+01 1.333133719345796209e+01
-2.538778290143299188e+01 1.647224149338107679e+01
-2.431347495719510476e+01 6.552417933747186396e+00
-1.803008924201216701e+01 6.894884719388509886e+00
-2.299721412470946547e+01 9.765665673950854497e+00
-1.895097957812432554e+01 1.914844940485828317e+01
-1.570031946804947154e+01 9.116662577406687618e+00
-2.871894940433283239e+01 1.145949889463162741e+01
-2.534496156915789200e+01 1.585891064751645985e+01
-2.242896235338666600e+01 4.330615690669811002e+00
-2.408839478509444376e+01 1.479125782999768113e+01
-2.760172452620714978e+01 1.416700408906137554e+01
-2.945866169895669628e+01 7.567564227789878473e+00
-1.903831424507805181e+01 1.659964434179002879e+01
-2.148609273565989142e+01 6.469188505378579812e+00
-2.551924980074187843e+01 1.137922707758199792e+01
-2.788410408600108426e+01 5.628495550925303625e+00
-2.438166556548518216e+01 9.290324767548957752e+00
-2.838357909795757905e+01 4.534691207111484879e+00
-1.682178108068319844e+01 8.996536120394361902e+00
-2.246787741809322370e+01 1.774060831340727162e+01
-2.118575308606923358e+01 8.990284464422451549e+00
-3.033625203204401188e+01 9.515346774658480555e+00
-2.574059650046090653e+01 1.131238997974792504e+01
-2.529123757076511225e+01 8.756242558431779344e+00
-3.021351829816643786e+01 1.718945650913892464e+01
-2.829819703757867799e+01 5.472564877893883128e+00
-1.051220621447880887e+01 1.732644737714642247e+01
-1.868492026738598710e+01 1.927510583347349993e+01
-3.150589788943691616e+01 1.428945191491017930e+01
-2.248551431278958290e+01 4.609108326386817112e+00
-3.120283866057285849e+01 7.010174893390652251e+00
-2.674681022471061453e+01 1.374345221836300190e+01
-2.665591432838642660e+01 1.400123766654004598e+01
-3.095024608797519861e+01 1.029188478054428479e+01
-2.487376982502237510e+01 1.315303667215577477e+01
-2.115147527644233705e+01 1.572543209433054834e+01
-3.177818525840399388e+01 9.351331591172957758e+00
-2.799278315528408001e+01 1.709617774396444290e+01
-1.576181655566190543e+01 9.148468643638917541e+00
-2.336200221004766320e+01 1.950231177907685520e+01
-2.707524643131112541e+01 9.749049174179823751e+00
-3.164596867275222891e+01 7.557938801962198028e+00
-2.276616901972395723e+01 1.971291348214529648e+01
-2.186798142941830747e+01 1.643771167779221898e+01
-2.898804536831892520e+01 9.160751388932267147e+00
-2.078124093168383979e+01 1.439153400757414758e+01
-2.371121726213386083e+01 5.977700789290432581e+00
-2.703506187154762586e+01 7.926111919371618519e+00
-2.833774887083954042e+01 1.368820460371955683e+01
-2.851725008933849281e+01 4.829179920946804927e+00
-3.143223355974360445e+01 1.126049410530221095e+01
-2.648120497157180608e+01 1.369976322707821303e+01
-1.881472361197806009e+01 1.371988060141523214e+01
-2.097906434844397339e+01 1.845162630714160912e+01
-2.680218891490090272e+01 3.177378548093325872e+00
-2.310280338791013222e+01 1.832714615923759283e+01
-2.628963875541216311e+01 1.154242670196150655e+01
-2.840656911718681243e+01 1.304528553356374054e+01
-3.000029071779279732e+01 5.882448730674138204e+00
-2.369224911650493226e+01 7.281502521014924234e+00
-2.478472828549250551e+01 5.251345297463281270e+00
-2.029452680577552570e+01 1.794286607684136214e+01
-2.819028757568471022e+01 1.685731628013938987e+01
-2.646306992140350900e+01 1.782145108867657868e+01
-2.653809572246573367e+01 9.227924644079971372e+00
-2.306073675017267632e+01 5.811042627062351862e+00
-1.760301411009869099e+01 1.416026847477914252e+01
-2.881391563022746283e+01 1.771051138035163675e+01
-2.133819680213472125e+01 8.367430205385574249e-01
-2.161511372409303178e+01 7.739112283790293034e+00
-2.974826973546960929e+01 1.327540599079400785e+01
-2.843877429283482883e+01 9.054483541753613807e+00
-2.800013676728808321e+01 7.690117587983401393e+00
-2.807690572452301225e+01 1.733833489500692693e+01
-9.869819031175710577e+00 1.867905447327383683e+01
-2.149034334734363938e+01 1.810937432220061538e+01
-2.642447666261204731e+01 9.840505507339688762e+00
-2.672281759351185926e+01 1.124051359358436031e+01
-2.155311397026889964e+01 4.285077882964265505e+00
-2.392659492596723325e+01 8.199682977363746517e+00
-2.636722356715994664e+01 8.613567786781231916e+00
-2.017086835482428597e+01 1.625087571882389526e+01
-2.782890335159162021e+01 1.142936740670457141e+01
-1.921530095635728941e+01 1.533294820154787708e+01
-1.747551380761354878e+01 7.214908784273947440e+00
-2.085962160629245687e+01 2.015965914503258460e+01
-1.660974897038898135e+01 4.659476528164849363e+00
-2.956673655370905252e+01 1.668324924571682644e+01
-1.052610524616152787e+01 1.728196591421474082e+01
-2.291544462854394126e+01 3.180211536385926241e+00
-2.379574818623327914e+01 9.781287397844868892e+00
-2.391509769762841131e+01 5.892636785719969517e+00
-2.449347442468173952e+01 1.368953017556097684e+01
-1.456718503800044040e+01 1.470801003906403537e+01
-1.982935302272245082e+01 8.787000926708989468e+00
-2.345490587389286929e+01 1.002947796161851990e+01
-2.307494124810407499e+01 3.753785056749088245e+00
-2.393603136770952489e+01 6.752677257899908803e+00
-2.679170722844845187e+01 1.354400492518270838e+01
-2.185603659643922114e+01 7.965186449864155804e+00
-2.877115420644053856e+01 1.527217844520109580e+01
-1.873523566479335400e+01 1.472981897920924510e+01
-3.152558087101017392e+01 1.283630741578881107e+01
-2.160375945299828260e+01 1.528585222856951731e+01
-2.671594622621303827e+01 8.388693895785969801e+00
-1.869364199328311926e+01 3.310783034422075222e+00
-2.992745481407304808e+01 1.176993389786651889e+01
-2.947973896643702574e+01 1.013738930672160699e+01
-1.730776492723689586e+01 1.434126520138005034e+01
-2.416911371210476389e+01 1.250018280192015574e+01
-1.992404303764131157e+01 1.571759081742116493e+01
-2.403257742780532524e+01 1.821432779291570014e+01
-1.844484583252386400e+01 1.240063523216718622e+01
-2.079762834205843092e+01 5.508359888206015853e+00
-2.530875522726244498e+01 2.649947283865033754e+00
-2.713180642960583100e+01 1.332713804242205846e+01
-1.463197259478657841e+01 1.473374972088473989e+01
-2.499048033402337410e+01 1.017290994221120748e+01
-2.626681257252844404e+01 4.100695782827351366e+00
-2.666167275716264484e+01 1.543201274181593519e+01
-3.003358443720073367e+01 9.172615444615376035e+00
-2.256755897959863333e+01 7.438981738306612357e+00
-1.956497725592190307e+01 1.545717981788722462e+01
-2.282626724991201428e+01 4.855086647936841970e+00
-1.422246118040186147e+01 1.963110213546024951e+01
-2.542606472056321820e+01 2.923452805883651084e+00
-2.996193717666270473e+01 1.442596416795705494e+01
-2.625922710960500339e+01 1.331005189078131146e+01
-2.393263263603227387e+01 8.836000427948187408e+00
-2.692180081090821986e+01 1.098796668399463172e+01
-2.730826259556942404e+01 1.754652231251043659e+01
-2.093307782545345574e+01 2.015746058724282719e+01
-2.511852499658289517e+01 1.180764692752945777e+01
-2.034974268235948358e+01 1.300480066139469670e+01
-1.485218066341418819e+01 1.181571784515988810e+01
-2.153008218615163827e+01 1.178859350687871199e+01
-2.048789812199022720e+01 8.048104162154286811e+00
-2.100529336091083366e+01 3.391762273484011825e+00
-2.451521030194898643e+01 1.223007120144518645e+01
-2.473971922008629321e+01 7.826135728824874072e+00
-2.127554983270686861e+01 1.723769369565808773e+01
-3.094908209707674374e+01 1.252037655334713939e+01
-1.823235767341495261e+01 6.539692128358661094e+00
-2.127138338469828227e+01 1.026938688240549169e+01
-2.309383935080337125e+01 1.833406125401097597e+01
-2.756730407537676797e+01 5.691866397310810122e+00
-1.436298783463036877e+01 1.854377430073457589e+01
-3.030499506472686377e+01 1.651595972245417698e+01
-1.807890571874936469e+01 6.812111024756313249e+00
-2.134425803169666125e+01 8.296211646174227461e-01
-2.040050652579997958e+01 1.552502189410260591e+01
-1.985362902887507275e+01 1.568772733471995906e+01
-2.214745566780427666e+01 1.941136522288593014e+01
-2.781503869350444091e+01 1.035377248985859033e+01
-2.152829265429783590e+01 1.776731218611340068e+01
-2.704833329541457232e+01 8.941131511047709424e+00
-2.871664733840959371e+01 1.003163401702575186e+01
-2.553011225166839893e+01 1.288216782878893341e+01
-1.814612455316757078e+01 1.603245740342536152e+01
-2.991152688932529458e+01 1.069984729271610036e+01
-2.992527415694237192e+01 1.638849775119662056e+01
-2.284286843040990433e+01 1.076953091082035385e+01
-2.696018022803712100e+01 3.114795394366950188e+00
-2.365103662526186312e+01 1.659728196838701564e+01
-3.177107324661881904e+01 8.508743023504354852e+00
-3.086875482625811173e+01 1.222064851423719034e+01
