1.759348190203122229e-04 3.994642372337976115e-05
9.761926555869429893e-05 2.228648335174495049e-04
1.859279676198612001e-04 -9.709231469897042634e-05
9.477449446221272212e-05 -1.496375564966582818e-05
-9.992490430665249357e-06 4.095879384220003385e-05
1.469042280297758731e-05 1.446986544417801354e-04
7.591607525707892582e-05 1.223541798941456389e-05
4.431928943997827191e-05 3.339365012936867868e-05
1.490154868213329020e-04 -2.034166465561548188e-05
3.139401370700860955e-05 -8.500479867817427044e-05
-2.524377344388315783e-04 6.497122171215311112e-05
8.622933173831911048e-05 -7.383838893689871283e-05
2.258350750826566670e-04 -1.444368097965563198e-04
4.735577553039365242e-06 -1.858712872892409295e-05
1.528870324162684153e-04 1.464609813510554890e-04
1.573728974127170787e-05 3.777170678327708154e-05
