-1.823531426925702803e+01 4.400436063102182516e+01
-2.943375142333843542e+01 -2.578968693172033610e+01
4.529197468183315323e+01 2.811674207842385087e+01
-1.059267455077617726e+01 -4.683747331211505838e+01
2.298400322911667715e+01 -3.512398849556368674e+01
1.170188115574400740e+02 1.221302586174370930e+01
7.770063371748323178e+00 1.027095678867179487e+02
-1.668280321010720968e+01 7.351138787790892692e+00
-6.384001922538274698e+01 4.429965639181215664e+01
-2.555453241288197219e+01 -1.141652523258953664e+02
-9.838603999163179026e+01 5.619942018309831155e+01
5.050253296360796185e+01 1.154691901023383593e+02
5.207312219064712622e+01 -4.315242700756997607e+01
4.446048517516510401e+01 -8.102693737323933476e+01
5.371469823798087191e+02 -2.997007185648132577e+01
-5.770708781409933152e+01 7.440995966506608283e+01
3.786378574763118365e+01 6.205941617731648563e+01
1.589358736432160413e+01 2.721753161036988899e+01
9.053589849077418705e+00 5.454048084095035165e+01
-2.290606080020908308e+01 1.359854033720434074e+02
5.990575889102655083e+01 1.251538006986077756e+00
-1.027193508914902367e+02 -7.642631219084626082e+01
-4.232850669789500841e+01 2.387720746368056624e+01
-6.880958852354939381e+01 -3.880778462475097967e+01
-8.799953242032117373e+01 1.654408346195328505e+01
-1.338253179170066609e+01 7.518831502233742015e+01
3.230957750226713188e+01 -1.170690430008700105e+02
7.977163054210566884e+01 -2.566588756995182052e+01
1.052894602497263037e+02 -4.965370656606130950e+01
2.517245449675548130e+01 -4.405571099479525188e+00
-4.939259833501334640e+01 -6.631790689615719714e+01
-1.565929071868898781e+01 -8.012206894080949837e+01
-5.202301119095549211e+02 -4.877075183236443223e+01
-1.244455460029561067e+02 1.668133112345886460e+01
1.360088636283667540e+01 -6.642328354093170617e+01
7.925566198034840681e+01 -8.139089464652467143e+01
-6.630994523768309534e+01 -9.903386596796748620e+01
6.637936240920633679e+01 7.533811971229224014e+01
9.179126017882548183e+01 5.193762795605314864e+01
8.548460580032360667e+01 1.863264513954741730e+01
-3.801574634268354203e+01 1.014182416942206970e+02
-1.015801810643395031e+00 -1.594838238517909978e+01
-7.959566696059084734e+01 -1.131522365827929022e+01
-5.002143879320664155e+01 -7.493087295729086605e+00
