-8.069619959029881784e+01 -9.507671457589058406e+00
2.576946121635867559e+00 5.175072136502404874e+01
4.945006095761235798e+01 -9.121437980198324169e+01
6.678486166758455056e+01 8.997078961210948478e+01
-5.882623724144714572e+00 2.774996773685277862e+00
-1.608968621942302590e+01 -7.907621852881909774e+01
2.916616073612248883e+01 1.153824957335997681e+02
-8.234580714869837337e+00 8.636056892521118300e+01
6.440187921094856449e+01 -2.239050984288907387e+01
-7.002215146463838664e+02 -4.859833707064324244e+02
8.422421609737051540e+01 -9.448788378482095140e+01
1.031071544946969425e+02 5.332117944726348924e+01
-5.577593206981568841e+01 1.027925911123494558e+02
-5.980304131638512644e+01 3.602953040091932735e+01
-2.982653011505250262e+01 -3.175318432434945137e+01
5.339183176440486989e+01 4.933849875020428755e+01
-9.945885425198004270e+01 6.498648018547660854e+01
2.332825470601272710e-01 -4.956713625492074726e+01
1.113217997395231293e+02 -2.717863090448891938e+01
-2.992603862371977357e+02 -1.496033047289450678e+03
-4.781826765091270914e+01 -7.449730118344790242e+01
-4.756272282583615407e+01 6.955006241705793002e+01
-1.123685866412687346e+02 -2.981449187437893045e+01
2.802724866421991123e+01 7.556097280350654444e+01
-1.357154000448875664e+01 1.236235693205645561e+02
-9.629414607782506152e+01 2.329728121250316164e+01
5.459659132012749438e+01 6.100461610751914066e+00
5.000406634399641916e+02 1.332471433848805646e+03
1.651115380112651465e+01 -9.746086614544672955e+01
6.598773791921134944e+02 5.345370418804106976e+02
-7.665480882562928855e+01 1.359159166979324027e+02
7.971137930726983711e+01 -5.519519406665791905e+01
3.929058864977746879e+01 -5.321035208006033912e+01
-1.395638488665247507e+02 1.094116184406264303e+01
-5.533577451152586590e+00 -1.363456372073608804e+02
1.218052820436448798e+02 -7.812214692501885338e+01
-5.164487767194256662e+01 -1.115383258948540828e+02
-1.008747811999635218e+02 -7.719228718383574517e+01
9.469443515702380409e+01 9.100794878367564067e+00
2.074628841345733576e+01 -2.212293387227449770e+01
-2.532456592149944541e+01 3.389404912841714435e+01
-7.090928987933057215e+01 -4.401897066008148585e+01
2.213838125412030777e+01 2.501179760793780105e+01
-4.435485846130728760e+01 4.048072158388418829e-01
