7.174813312685746070e+00 4.541509261380663531e+01
1.881857360363393239e+00 6.593635711395936028e+01
-5.565868877312452057e+00 5.186043431779188495e+01
4.804332290833690067e+00 4.744967501387519349e+01
2.707805066965627461e+01 4.244065352353833021e+01
-1.355679275235496739e+01 4.627303934546800690e+01
1.863981345766741526e+01 3.970095287474987344e+01
-1.118060505416916151e+00 4.972557232521135262e+01
2.813213118597310824e+00 4.625703205084945324e+01
-2.139115823486541501e+00 3.607091919458407858e+01
2.344598446857320440e+01 2.466889406522801664e+01
7.850188990413359491e+00 3.554569719107495018e+01
6.786896761312870119e+00 3.170692912104952654e+01
6.001838424937710137e+00 5.811143314274390548e+01
-5.516449051249386670e+00 1.532685909773078414e+01
-1.594756816213669737e+01 3.587431762724724393e+01
-2.403581530582846071e+01 6.206224681593620573e+01
1.205183183467361374e+01 2.751983729166822457e+01
4.977060481755369636e+00 5.197105328506948041e+01
2.009814910069932381e+01 3.296468900964421067e+01
1.452456694955476557e+01 6.304037495084411802e+01
2.030576373088589648e+01 4.165241769473443156e+01
-6.126862715682901417e+00 2.174068444785022436e+01
4.913769018773182395e+00 3.468564189714847146e+01
-2.002123171955752401e+00 3.010171306905107258e+01
3.836136221012056780e+01 -7.838758912958589065e+01
2.407247449511525517e+01 1.368102764509224478e+01
1.808878119299672704e+01 7.148381651544970339e+01
-6.099813150927009708e+00 -6.326974046957283271e-01
-2.422874184831872224e+00 7.225755727375694448e+01
1.966786502065876263e+01 4.610830975199854009e+01
-4.597937808314966901e+00 1.513991134849230491e+01
6.676917193582865728e+00 -2.086643377419585388e+00
-1.299860270903875481e+01 1.222121157543456604e+01
3.198137438141291611e+01 1.798019534267899644e+01
8.420088243028299502e+00 5.868860591376641622e+01
-5.469855279338954546e+00 2.676238682556413551e+01
7.587904686196006310e+01 4.868029339567895519e+00
1.080010642416881694e+01 3.049606030463451845e+01
4.205300780484605205e+00 6.072654985195477195e+01
2.030390759389995026e+01 5.397715320251715809e+01
-2.422031837571259416e+01 -2.093188147164521240e+01
6.455864899064201801e+00 1.450603744483581536e+01
-1.557718234755036235e+01 3.216526239661982345e+01
-3.797739682565692831e-01 7.973909082258420256e+01
2.489319862843201392e+00 3.737694298956552075e+01
-5.006207632451367573e+01 4.477957300186425726e+01
4.559884326511717267e-01 3.027619727733395649e+01
3.506141275004849689e+01 1.974644823810647409e+01
-2.001964977587397954e+01 3.692938295498674961e+01
-9.518952053590217233e+00 2.461512120442690232e+01
1.736949173811830605e+01 3.511421487487309179e+01
1.044109290938289636e+00 1.160957186172279521e+01
-1.291824347737099465e+01 1.911876004662450867e+01
3.030760034978867168e+01 2.746716898141194463e+01
1.453313153290913817e+01 4.288180255012917996e+01
1.615458686850430681e+01 2.835553402544618251e+01
3.219580788109880132e+01 5.844643592465592974e+01
-1.319352509409416108e+01 3.146012906398791387e+01
3.287475474313003332e+01 3.125970897054222064e+01
2.960386293820912584e+01 6.733184079102903752e+01
3.248494372138758735e+01 2.069124430817866767e+01
2.096639665490001914e+00 2.496484144567089558e+01
-1.661214734985835761e+01 2.846232202424939928e+01
2.272094752974212994e+01 2.097514751958000545e+01
1.406765383638493283e+01 2.241722460129762240e+01
2.672196238671901014e+01 3.842014566780012785e+01
1.875171578061801725e+01 1.883832015567356422e+01
3.088263577933275172e+01 -3.719611065386580151e+01
1.896978877141706832e+01 -4.467552177014845682e+01
1.010403272141523416e+02 3.133585343586893401e+01
5.487063784891938134e+00 -3.938792121081294795e+01
4.599355209894432761e+01 -2.896859941554350470e+01
3.170824856150697713e+01 -3.021357500521243011e+01
8.026772445059316397e+01 -1.109317115834670808e+01
2.875842396235676546e+01 -3.976269898204183306e+01
7.171598835347759859e+01 3.027650225338428758e+00
6.899239277774292134e+01 -1.363621647231966350e+01
4.741191459648245399e+01 3.797626060356151356e+01
5.847196424311604801e+01 -5.239614811380966586e+01
1.759417860590670912e+01 -1.701524811910697110e+01
6.193660977183373717e+01 -3.333107136952767036e+01
7.205652295282284570e+00 -2.844249139904002632e+01
6.205694414924669644e+01 7.405558761612606844e+00
3.165085141884910769e+01 -7.140668473839812691e+01
6.810083948387992692e+00 -2.187763265733985918e+01
2.177542091744577846e+01 -2.479377933486712848e+01
-3.864760285982255539e+01 -2.455373797773760103e+01
4.306006244843659125e+00 -5.224960103447209292e+01
4.309031759290650143e+01 -3.030730227230096574e+01
6.378169161066125525e+01 -4.228881715398778596e+01
6.121930310455485369e+01 -2.871810441986647078e+01
5.891755632051798131e+01 8.168038910879594994e+00
6.461671574231397130e+01 -2.503002630827529629e+01
1.227952783694554029e+01 -2.913669369552571276e+00
5.037939506913941301e+01 4.172897085651207760e+01
3.403998288063636579e+01 -4.383371159778690895e+01
3.235376497409596652e+00 2.173518514809723001e+01
-1.383845359340962844e+01 1.430437256385862099e+01
6.345192250871664896e+01 -5.054645180751300870e+00
-4.670820657056030711e+01 -6.098186619153820232e+01
6.998870576170834568e+01 -1.942730094445681388e+01
2.805861175546164787e+01 -3.105965690696518777e+01
1.516217134677370737e+01 -9.810246481711185851e+00
7.509968728015887507e+01 -2.135331620804794994e+01
4.201229669300795422e+01 6.428739682290159863e+01
4.498625729956163610e+01 1.274044192549002474e+01
6.862959775239706062e+01 2.380741646402819711e+01
6.022419768514705396e+01 3.162080497816177882e+01
3.277835758216765782e+01 -3.181057822357257425e+00
6.763901430141446269e+01 -8.711187285937340263e+00
-8.260582749629200805e+00 -5.196097653930562643e+01
3.070100840784359875e+01 -4.794657987295776280e+01
7.523437343171389458e+00 -1.334453849664726555e+01
5.642248313753474775e+01 -1.863722977888232890e+01
4.946548197979204531e+01 -2.195966571503817022e+01
-2.433409892950340492e+01 -3.340327976471134974e+01
3.808624557021941470e+00 -1.938166350916610270e+01
1.714394892723089825e+01 -4.712815387629209596e+01
5.106544279298643829e+01 -3.416083954406779810e+01
2.272239114233923374e+01 -1.097894525047161096e+01
6.654634318390773728e+01 -3.838821480728269009e+00
2.039709138338207595e+01 -5.866944835114598078e+00
7.899777882335995116e+01 -6.178466272707494511e+01
6.172855746267718047e+01 -1.510755176522897436e+01
5.652344430708219569e+00 -4.416699763826384384e+01
5.623184455144154725e+01 3.483153066153514388e+00
3.679078068947169555e+01 -4.964877531786252263e+01
4.651394161342899025e+01 -1.703363897827823337e+01
2.077704173115015251e+01 -1.650688970260053168e+01
4.518035622974457510e+01 4.192956920837314527e+00
5.992395595414745912e+01 -1.115836007181136580e+01
5.685725580090123543e+01 -4.083019651605844302e+01
3.790930430708075249e+01 -2.563395184847949793e+01
4.981664595306678933e+01 -3.838128904835436117e+01
3.817321517125219543e+01 2.444336798553938905e+01
-1.053794938382910829e+01 -2.763443655757848560e+01
5.095033941776397057e+01 -5.432599093426170356e+01
6.858449153921597485e+01 -2.568521275872595666e+01
-9.224105581883724980e+00 -3.056926071891598440e+01
7.637181916179176255e+01 1.736415612841412326e+01
6.049632967981998632e+01 1.196053798872545570e+01
6.021341735299889564e+01 -5.079207584308734624e+01
5.827872750677952496e+01 -2.348113584710695534e+00
5.112211489055763991e+01 -2.898537254173909616e+01
3.711777249792526767e+00 -4.586561712308393624e+01
7.396271311114638536e+01 -1.989273730270004314e+00
5.437237679047300531e+01 -6.198067539409825599e+01
5.205183779317896864e+01 3.846056899776508686e+01
-2.157349940216931472e+01 4.371167197351525857e+01
2.087057802065151080e+01 4.606492626787328959e+00
3.755140957450598904e+01 3.648166626251291689e+01
8.073290837674693421e+01 -5.224474674530178220e+00
6.493863894762637301e+01 -2.224322787247584898e+01
1.400205120195582609e+01 -1.627023483081590527e+01
8.111946444963811587e+01 -2.668310587894582397e+01
1.179597568047765606e+02 -8.134411066679353652e+00
4.663404867290798705e+01 2.547717305286780842e+01
5.421693054098059150e+01 7.665192043064627647e+00
4.605588190373564572e+01 -5.010215490370043767e+01
7.080208364353262951e+00 -3.705683146282638774e+01
3.815818245665558806e+01 -1.324252705927307616e+01
3.985064087287171475e+01 -2.663427128862261739e+00
3.609533861551722822e+01 -3.028102687923037806e+01
2.898499630373685676e+01 -4.230984926185906403e+01
-6.052896052395356996e+00 -2.256951212496121428e+01
7.919256707755504010e+01 1.198475936821814081e+00
6.759022131600291061e+01 -3.414672332340499139e+01
-6.355545951128709348e-01 -3.922448720342494966e+01
4.638190923584852499e+01 -9.262083341886416576e+00
6.426515353849775636e+01 -3.780852854576329491e+01
5.214408507327357256e+01 -4.345484882784471381e+01
5.817234239980514587e+01 -4.555936595661039235e+01
5.139111978435832384e+01 -4.687944006103997197e+01
4.234469860233408411e+01 7.740788372748173884e+00
1.831382443003270311e+01 -1.266088358351764320e+01
6.846376170211530621e+01 -1.855988152994932250e+01
1.174597223082440678e+01 -2.401098930337681736e+01
5.998658769062880225e+01 -4.840471610924948465e+01
3.393566320225936295e+01 -4.919881975530456941e+01
-1.564096798424518653e+00 -1.748918655952363110e+01
6.329881162578017495e+01 -1.088681022918163599e+01
1.731890736800571418e+01 -3.956088965899794374e+01
3.362470290168077014e+01 -8.933789045806324935e+00
1.347711412815194443e+01 -1.849812729807817036e+01
1.586648564166637065e+01 1.931203761108808203e+00
8.507438366085553128e+01 -1.483514138903294466e+01
-3.282236114851141195e+01 -6.657139974807160243e-01
2.135263491057168395e+01 -3.092910919469279207e+01
3.735212895362678864e+01 -4.703234053059062170e+00
7.523389508237107748e+01 -8.590551384470876073e+00
3.763585257535585527e+01 -4.547817394502801847e+01
4.594544818060906977e+01 -6.816268400325350285e+01
1.812549827192419016e+01 -3.065541362763715938e+01
7.732959334676290375e+00 3.167340183307913115e+00
4.797824758021710778e+01 -3.899931289463028694e+00
1.339139598422685040e+01 1.257473687807019402e+01
-1.306828846517168508e+01 -3.421180331615101267e+01
7.132205432204190743e+01 -2.948089811166993712e+01
4.101886318309318114e+01 -2.043875915552444411e+01
4.749183481407251861e+01 -4.435227328695466653e+00
2.568593368892773654e+01 -3.927354626851432329e+01
4.158946906627227236e+01 -1.298031168919548861e+01
2.528777920915262811e+01 -3.461579052679337565e+01
-1.428095978110960651e+01 -2.874704426741978480e+01
-1.385310011739089830e+01 -1.865033916738903841e+01
2.346076831310296207e+00 -4.203516155104126284e+01
3.447273892225855008e+01 -4.740246523764403364e+00
2.205545841912196892e+01 -4.623053475648249133e+01
2.931519088700259701e+01 -5.384077509466686173e+00
5.113407842903406220e+01 1.757866727825798847e+01
3.515192736403160012e+01 -2.201613305953542010e+01
1.836754293594839638e+01 -2.751259730626157918e+00
4.249855785359785187e+01 -3.781269622954255283e+01
3.606262901150849132e+00 -3.624744944549976822e+01
6.382033485268637918e+01 -1.488371743395792457e+01
3.988524438541594463e+01 -5.113682604247227204e+01
3.324677272979582909e+01 7.025785499823405722e+00
2.554562639832298387e+01 5.259336506049434945e+01
4.978312973123888696e+01 -1.341443945215914368e+01
1.449269939686689312e+01 8.903829676833320050e+00
-1.745381061991275118e+01 -1.755343202268762681e+01
6.639676891674994863e+01 -3.443207942869992877e+01
2.142698132489275764e+01 -3.635853997511644309e+01
-1.522783025680116609e+01 -4.452789015156342600e+01
2.343798466200256314e+01 -4.248070918293908704e+01
4.197548986296066431e+01 -7.008019363949813396e+01
-8.746186141658551350e+00 -6.347054214629906710e+00
1.063738792346563855e+02 -6.384189919572691441e-01
1.211201109278888026e+02 1.330022057203900587e+01
4.692187104240801432e+01 -4.264898285103375741e+01
4.743901904576610207e+01 3.077261691561764323e+00
3.652562265736612090e+01 4.293779007244148715e+01
3.674890208195630237e+01 -3.802295579210641563e+01
5.529069577914285105e+01 -1.434096953364285554e-01
6.667608816907605274e+01 2.786473863722969568e+01
6.780947011297315896e+01 -1.296270636581097513e+01
4.134647100563296362e+01 -1.369819990704463031e+01
-3.400490773145036627e+01 2.774072142546158659e+01
5.114294002599817190e+01 1.189043039143727576e+01
4.530843882116454324e+01 1.860694803623834659e+01
5.295155897002286594e+01 2.474933915364663761e+01
4.925665675502897045e+01 6.034944479230126113e+00
6.829430687505134756e+01 5.088794642372501009e+00
4.222007584088310495e+01 -4.517667909178491215e+01
6.990392056179308611e+01 -6.810959904919582186e+01
4.714753017314091466e+01 1.603302918485194128e+00
-4.838397323146377005e+01 -2.574874507891386699e+01
-3.431109137382002672e+01 -3.117646522000129750e+01
-2.918705364866035978e+01 1.390528887289206494e+01
-5.057441349402546393e+01 -9.107038677421328998e+00
-2.733452424242904044e+01 -3.270048158396972582e+01
-5.205195995630179340e+01 4.169668500027839286e+01
-2.219377821510147086e+01 -1.212607719586809729e+01
-5.856442458302107923e+01 -1.944819338740203296e+00
-5.379530319839930286e+01 -2.235118580451789327e+01
-3.166432386652083153e+01 -3.787871670959155779e+01
-3.535677652936339399e+01 6.578428160191871044e+00
-2.557044158074849349e+01 -2.624423004743460552e+01
-4.996574957541858453e+01 1.772034602493590327e+01
-3.386466650144526369e+01 -2.923484474722018689e+01
-5.289141750902620487e+01 -1.396857632363892421e+01
-1.831730037018680690e+01 -3.962718651824744853e+01
-8.870131326465834576e+00 -3.709103304153563130e+01
-1.599652801669506097e+01 3.143870297206137199e+00
-7.757439523106466339e+00 -1.489518582384857304e+01
-4.038298308624371913e+01 -9.073514615106105907e+00
-3.242173971493154738e+01 4.804516183208428437e+00
-5.957482413978669200e+01 -1.297762651667816236e+01
-5.681726647847294487e+01 -3.100585295020053422e+01
-5.672811721239033034e+01 -7.886498067105271126e+00
-4.774907579681700298e+01 4.224990849719677755e+00
-2.135219227364698469e+01 -4.739831580551133960e+00
-4.503628004399202212e+01 -7.856316706068584566e+00
-4.602836464298360397e+01 -1.969400668341836180e+01
4.850472532401468584e+00 -5.741249327992082385e+01
-1.056570939837526701e+01 -1.831655589979605026e+01
-3.514862617048068927e+01 2.154503773249814458e+00
1.257977683910137401e+01 -4.365904043712124150e+01
-4.849595630610583186e+01 -4.563768622653413765e+00
-2.433903414884515115e+01 -2.959304968532268632e+01
-1.884027634175621246e-01 -3.145855797574033375e+01
-1.520689470121446085e+01 -2.486271816318997452e+01
-5.147648639815486860e+01 -2.403448277012161327e+01
-1.617245553715543016e+00 -7.236560808185673466e+01
-4.951077703489602300e+01 -2.497542895017743803e+01
-3.378532161105194120e+01 1.846575155866265661e+01
-2.205565097333065694e+01 6.359691617494259930e+00
-3.927852507008094562e+01 -2.135256897493329120e+01
-4.383144436984228065e+01 -6.611643813114181256e+00
-3.889059361801598413e+01 4.029926577024379952e+00
-5.523848580947799292e+00 -3.023326587812820776e+01
-1.902398710704632379e+01 -3.474728588222758674e+01
-6.824097257022549456e+01 -1.924309819062016480e+00
-4.959404113025227190e+01 2.751880822902762347e+01
-2.941097285456926969e+01 1.702418853823748357e+00
-1.918840745288900962e+01 -3.332836026144565977e+00
-3.306177329356422945e+00 -3.673397986088321687e+00
-9.340365357697777426e+00 -2.297520094319919792e+01
-4.356030571428389209e+01 -1.810235394529917841e+01
-4.004808727673785995e+01 -3.826897645867891384e+01
-9.084295260251598947e+00 -5.202774519414282395e+01
1.325547320149402353e+01 -3.998224916438713450e+01
-3.164627166335813868e+01 8.839135980873018994e+00
-1.554427429952870021e+01 -5.589923446523108908e+00
-3.818697522340535500e+01 -3.319438788047036581e+01
-2.454560396661694455e+01 1.178211968293744860e+01
-2.750266567508658255e+01 5.429577073228541551e+00
-4.732821953403894355e+01 -4.808020897309086905e+01
-2.563601030081692045e+01 -2.433002234569026356e+01
-4.001882273411798963e+01 -2.801658144184943211e+01
-4.404339739754978211e+01 -3.069063532948336359e+01
-2.669667146818687087e+01 7.599028142624196569e+00
-1.307795482361336603e+01 -8.215103892671105967e+00
-1.419587879163803379e+01 -3.857491211985016122e+01
-4.892841445614907769e+01 -3.057281147923746190e+01
4.280540502866583097e+01 -4.021587943123006426e+01
-2.306007305230036764e+01 -1.117958904541439580e+01
-1.584352063272665134e+01 -1.055049962946568698e+01
-6.908990415878100144e+00 -4.733327533896154193e+01
-5.217550733893170190e+01 -3.185169729392886140e+01
-3.005792906169354239e+01 -1.412607260087746752e+01
6.905374267217402107e+00 -5.107767381509680860e+01
-3.428649532093630370e+01 -3.403476654343835150e+01
-4.205443606025065151e+01 1.412694268174155710e+01
-2.312374023339625850e+01 3.201347472653451653e+00
-3.948260630482120348e+01 -8.414787502471583025e+00
-4.200281345069742400e+01 -1.211662015274993820e+01
-4.926621278395904113e+01 -1.351028180253983813e+01
1.303168310759235915e+01 -4.704193019587414426e+01
-2.877028920644657717e+01 -3.062894825416913491e+01
-3.720356747957342236e+01 -4.725695354365555545e+00
-2.701255085298381076e+01 -2.512825351640650684e+00
-5.021871330559675073e+01 -4.377931727188680355e+01
-4.069056922085209749e+01 -2.601722681654806735e+01
