7.389354518713598274e+00 -2.943325279952697571e+01
1.096876635299966907e+01 -1.696536450223482362e+01
1.331102019079635745e+01 -2.258240888646209044e+01
1.383920964375330875e+01 -2.211779717032985104e+01
1.775453382815412695e+01 -1.180033316593702253e+01
1.398488386945127360e+01 -1.590886618688327125e+01
2.209032097789603810e+01 -1.958507800464289161e+01
5.684972085640414896e+00 -9.058612290758441432e+00
5.548247155797642272e+00 -2.232777790240798410e+01
1.918465380251324248e+01 -2.491187607764878109e+01
6.829318566955519643e+00 -2.246198770512181753e+01
1.497320695788502931e+01 -2.548970216838046809e+01
1.694164589256454745e+00 -2.085473097626580596e+01
4.781605187816509783e+00 -2.650453562025688470e+01
6.710018150643753287e+00 -2.605727486093920220e+01
1.131407822261160945e+01 -1.977075729325634157e+01
1.410442268322757187e+01 -1.946565734217422872e+01
1.936654380884017712e+01 -2.595126929383571124e+01
7.789762316765824757e+00 -2.847632059509294322e+01
8.779374092084818670e+00 -2.117920110574185344e+01
1.555844394090318694e+01 -2.610333315076366745e+01
8.357097069076186102e+00 -1.827655611371970323e+01
1.634575941288936818e+01 -1.696933199517290447e+01
1.126543138055993865e+01 -2.632715023057033576e+01
8.519555318679573830e+00 -2.488690710152053143e+01
5.393856606213474514e+00 -1.874961468808896825e+01
5.701995256574337034e+00 -2.463968555755318590e+01
6.123551300137962450e+00 -2.365411271540165927e+01
1.465748276463923361e+01 -2.635994014166993082e+01
2.205025651242712925e+01 -1.777971398245788848e+01
1.673492348266727703e+01 -2.697818449326652512e+01
1.981032789513131220e+01 -2.491095253107538454e+01
1.023155010089056383e+01 -2.563835383927890632e+01
4.973768692618236287e+00 -2.877026541659839154e+01
2.515811524822128220e+01 -1.993043325922706543e+01
1.342932522005325957e+01 -2.122117117737393599e+01
5.614608917901208862e+00 -9.150418992386050832e+00
1.318767433607311723e+01 -2.389149457580554881e+01
1.534843303034346640e+01 -1.957062588123182678e+01
1.233791565313821437e+01 -1.760467647990082796e+01
2.280462920285367190e+01 -1.985624248061654384e+01
6.425205328623486700e+00 -1.894582660479298397e+01
1.070817870573900166e+01 -2.465876190887183128e+01
1.757865438262624735e+01 -2.510219068892787675e+01
3.730807623248707294e+00 -2.132319922822086156e+01
6.189314518188671066e+00 -8.422579497739846488e+00
3.884894788714971181e+00 -1.296738555265384463e+01
1.957878926572860934e+01 -1.518892492634477520e+01
9.567993900911854865e+00 -2.876361011016799196e+01
1.138625628909495191e+01 -1.550499382931376857e+01
2.284678872672890648e+01 -1.963491134823421902e+01
1.509318191857388136e+01 -2.161519786740916871e+01
9.067247136531946694e+00 -2.061524661729461272e+01
8.182016639455961027e+00 -2.582077447580399365e+01
1.516296225296056477e+01 -2.422818455414704530e+01
1.119231378422763790e+01 -9.693022307676487870e+00
1.709258447885763843e+01 -2.650799064433180519e+01
1.099628513995342871e+01 -2.597759085779509647e+01
4.161413291793163438e+00 -2.271498127852440518e+01
1.792485434547039569e+00 -1.924206804593306330e+01
1.151987990364546555e+01 -2.214514738544853856e+01
8.127136843599524596e+00 -2.395379543600590111e+01
8.844053728454476015e+00 -2.672818325121577132e+01
2.455310081605907158e+01 -1.936725772505034371e+01
1.215383756685044148e+01 -2.537563215829128538e+01
1.233860865476365731e+01 -1.185514593673133277e+01
1.074562344046366924e+01 -1.394217524882621717e+01
2.113554320113710805e+00 -1.796810004931266391e+01
6.690794325795613950e+00 -2.339647975144048075e+01
1.463392317855072911e+01 -1.342609687481582981e+01
1.347172154447882875e+01 -1.000956706229293580e+01
1.603354531898822444e+01 -2.232394834948773266e+01
2.053829764092213850e+01 -2.323571746994288745e+01
1.479270816274440747e+01 -1.936192773743480444e+01
8.748301020200205613e+00 -1.086701198118736045e+01
1.838609373290639581e+01 -1.205416965933974716e+01
3.190890568887098766e+00 -2.417908316524787082e+01
1.950611666680535095e+01 -1.951774670698408443e+01
3.263090233851678956e+00 -1.969073464021903419e+01
6.999107296586045024e+00 -2.489291998016866714e+01
1.476500849795618819e+01 -1.818144017820612390e+01
1.224129799613850800e+01 -2.210283667047918144e+01
7.999057149605652839e+00 -2.835664983872999656e+01
8.640944632795502400e+00 -2.770631343118949630e+01
7.434490995334509300e+00 -1.618754122361895753e+01
1.120335953718208266e+01 -2.190427452942489239e+01
1.691054734049746600e+00 -2.370233606216477540e+01
9.877710401775923188e+00 -2.660274746462582129e+01
1.769238767746562502e+01 -2.389154708723310350e+01
8.900836537295925055e+00 -1.888224029767237866e+01
2.035776543165945185e+01 -2.513306332724764758e+01
1.135420187971884687e+01 -2.321439353474355016e+01
1.917878652920261118e+01 -1.915415647408650912e+01
1.635712621341812323e+01 -2.111878726975756848e+01
1.863583660582843748e+01 -2.632509683541337608e+01
8.429665059178919506e+00 -2.116757330294992911e+01
1.863285824680673386e+01 -1.367048649553850126e+01
9.898231943284493184e+00 -2.828476936904775840e+01
1.175379769156557863e+01 -2.678190645950746429e+01
2.044352721136866613e+00 -2.033388137564431020e+01
1.834882135119941182e+01 -2.826357090592198773e+01
3.797953778470273267e+00 -2.234764726615691188e+01
7.196708736151472330e+00 -1.890307199351454059e+01
6.398719623667064482e+00 -2.751029098100375947e+01
5.456956316045694422e+00 -2.620188446109785119e+01
6.404790809126175155e+00 -2.208490510711601829e+01
1.163942754651803391e+01 -2.798969707862528367e+01
1.027791108987353752e+01 -2.642090619499496640e+01
1.046040222130137387e+01 -2.932651557519126939e+01
1.181382346445553289e+01 -1.609385439255799355e+01
6.599259043706607208e+00 -2.426889045294010572e+01
3.918496983321493765e+00 -1.301072998167403405e+01
1.243411726877811674e+01 -1.612364237698399805e+01
1.261448833735824770e+01 -2.962557427870684990e+01
1.010874442010639029e+01 -2.054868278704428874e+01
9.478175089299030631e+00 -2.359907446883819304e+01
1.028253336201927226e+01 -1.525160167212664497e+01
8.628969944067149456e+00 -2.660905477064556379e+01
5.130685611574066662e+00 -1.534400741898598675e+01
1.431770251208304146e+01 -7.037109368928257780e+00
7.425210716248736631e+00 -2.034610163698578233e+01
6.013834283606854569e+00 -1.765865713749699850e+01
6.957129769758169324e+00 -2.680489130810828513e+01
1.891868605738952525e+01 -1.165281410571935261e+01
1.869254077609474152e+01 -2.412803342771967152e+01
6.542969928092806420e+00 -2.049068973164235530e+01
1.592564027548563388e+01 -2.395040961459859830e+01
1.961404501525046840e+01 -2.030282265485037385e+01
1.317709003927754985e+01 -2.623736654732060458e+01
1.483030355943469480e+01 -2.721496452626965024e+01
1.185596014964580336e+00 -2.024759345595685289e+01
1.442913080614640720e+01 -2.475973592994800754e+01
1.432209093215928775e+01 -7.054781191628616277e+00
9.800050163418031701e+00 -1.563013432918713974e+01
6.736562569014916235e+00 -1.377991011212103167e+01
1.485262592845643326e+01 -2.663673301531265736e+01
2.004253505564194526e+01 -2.380295414764265516e+01
9.041278811539831040e+00 -1.115180396399263252e+01
1.042418062177402582e+01 -2.971016620922794971e+01
1.021378060835861135e+01 -2.228732556072769455e+01
9.440497051801816752e+00 -2.706378339497690177e+01
9.481029812240768351e+00 -2.069840537195839403e+01
1.063835599140792887e+01 -1.554782298689450393e+01
9.360162642600608152e+00 -2.927898374507746126e+01
1.541763019066624274e+01 -1.030720214377259047e+01
8.816664458770038237e+00 -1.952397315842647174e+01
1.205698748330781989e+01 -2.824983590672631095e+01
5.087980499164801884e+00 -2.038918487007602565e+01
1.222649011684279152e+01 -2.835458018437843819e+01
3.155727654655096082e+00 -2.668161747567867081e+01
3.952580537724604604e+00 -2.078428709489068282e+01
4.901344397289316035e+00 -2.366761869782653704e+01
2.978578568247002956e+00 -2.550842577430566749e+01
1.119965669762778759e+01 -2.053725892835245403e+01
1.573896058897204320e+01 -1.910314713924745433e+01
1.874227927558762730e+01 -1.294262159602882889e+01
1.500950127233934062e+01 -2.569901832025038502e+01
1.262789875422627617e+01 -2.444017555408872155e+01
1.539072552132649818e+01 -1.013109422426918016e+01
9.034642501519732249e+00 -2.541208105827225694e+01
1.698806327940787853e+01 -2.616422577218422063e+01
1.173473529576584085e+01 -2.601150050758254295e+01
3.077042142444128547e+00 -2.032295190573529453e+01
5.575430221124212160e+00 -2.418388900483246218e+01
6.240305813260161649e+00 -1.894886030705755076e+01
2.184649598876126220e+01 -1.468826989993123533e+01
1.525680629936816501e+01 -2.197192209594901868e+01
2.818609305043153768e+00 -2.249488877848087398e+01
1.397497135021272996e+01 -2.286918601631636250e+01
9.178940630973484005e+00 -2.474920223753760240e+01
1.724735555759408845e+00 -2.189898346665942341e+01
1.697408618437746242e+01 -1.302124517375293600e+01
1.074420113528065990e+01 -1.708448774862660713e+01
1.323387994199444684e+01 -1.864344055248374943e+01
1.424859282441577157e+01 -1.357911316445253824e+01
1.198469310197200599e+01 -1.420291792941259246e+01
9.792810492974334480e+00 -2.329157395915996176e+01
1.360027198512798208e+01 -1.693377192605371917e+01
1.884761750706892158e+01 -2.136336194256233867e+01
2.100243025499614902e+01 -1.755613571912136450e+01
1.247587798295883488e+01 -2.339375361948266985e+01
8.611830995687931534e+00 -1.981899093188812699e+01
1.983368152918382066e+01 -2.500003338413117149e+01
1.868132768859742399e+01 -2.152700518964867626e+01
2.072349655907454036e+01 -2.109068741913548095e+01
9.895331505849421561e+00 -1.741647567255591866e+01
1.363012146119824664e+01 -2.749644884610681217e+01
3.019489105121930361e+00 -2.225088377814808283e+01
1.313887922923183460e+01 -1.532641552014429287e+01
1.437245002509206060e+01 -2.592492609466714271e+01
6.303471923840784363e+00 -2.972237829923212615e+01
7.300371816666641145e+00 -2.519804157979586634e+01
1.918223334982583239e+01 -8.586547315708452643e+00
1.242563835991825449e+01 -1.990590818630773384e+01
1.185718340902556101e+01 -2.078709989051665019e+01
1.765501956225432068e+01 -1.793690360370541370e+01
2.048706931239979312e+01 -1.998866814337978326e+01
6.164528877481083136e+00 -8.453386011773575959e+00
8.614221310956299504e+00 -1.336420526161797717e+01
6.816081044036242709e+00 -2.326391265814618592e+01
6.910195794262906865e+00 -3.120214833002741628e+01
2.080946591122902589e+00 -2.121609611327468059e+01
3.811826569690439648e+00 -2.209113559658059245e+01
1.195468496584893003e+01 -1.723969241105786310e+01
9.395189749478559449e+00 -2.526502213235110261e+01
8.090548043819751456e+00 -2.699925498499192145e+01
1.313251622324843204e+01 -1.853909551970038194e+01
1.538959079870699753e+01 -2.667270656973638410e+01
1.453251522916511895e+01 -2.826380589994470682e+01
2.412098482811941835e+01 -1.897051965432928000e+01
1.918617806164947837e+01 -8.583854764846710950e+00
1.969003492414935508e+01 -2.684086389046749233e+01
1.795686125486825446e+01 -2.028131485277857493e+01
1.504274787517598710e+01 -2.378995764771871180e+01
6.161285895218871822e+00 -2.948870614439872284e+01
1.543507017719673513e+01 -2.501027791984412474e+01
2.374501397933926583e+01 -1.863853621091121227e+01
1.551291161723704448e+01 -2.072480030689877495e+01
1.797712882829208425e+01 -1.514268862398411386e+01
1.217823930332068016e+01 -2.383201449437907371e+01
1.643905025670791176e+01 -1.518561435641245616e+01
2.094813938805705078e+01 -2.508776794745502414e+01
1.030905233349355932e+01 -1.940582557453757317e+01
1.748125046837199292e+01 -2.756189940306930453e+01
1.376879116346573717e+01 -2.616609209774178524e+01
7.788409252660875914e+00 -2.260346872614992009e+01
2.270012943620962531e+01 -2.093018270943138859e+01
1.035703643085588865e+01 -2.824933947544922574e+01
7.964147425257598556e+00 -2.588018857860072686e+01
1.274782654410102367e+01 -2.265571391344032648e+01
8.610330784734576692e-01 -2.315499674959403364e+01
8.888633908568277064e+00 -2.668104717008833404e+01
4.888740409016865129e+00 -2.465258238770234556e+01
1.961102991545901020e+01 -2.037684215984389269e+01
8.679484034590293717e+00 -2.168104054538892100e+01
1.243663840330546755e+01 -2.118972187445152144e+01
2.068554933246766225e+01 -1.957590124486831940e+01
1.588035846000214590e+01 -2.842393948045629415e+01
1.516748804627839675e+01 -2.180567671859608936e+01
1.438645974522929194e+01 -2.087089263761835767e+01
2.207899165052250723e+01 -1.778139285927109015e+01
2.433047302104831289e+01 -1.934667944750967905e+01
1.268184372371363011e+01 -2.293394069003483438e+01
1.944612179623263515e+01 -1.750683101836798272e+01
-2.930146993386986765e+01 -9.961163411868177775e+00
-1.235110466760382586e+01 6.264248166792225625e-01
-4.262906409744086034e+01 -2.492295330032746747e+01
1.477097684669923083e+01 -2.234886753794441905e+00
-5.126419046755662734e+00 3.919032289093183685e+00
-1.379123493473413653e+01 5.443425319455093003e+00
-4.225911979378024341e+01 -2.147964805918336495e+01
-1.271366628562102008e+01 1.069793451054656863e+01
-9.706714357531934567e+00 1.124284309811997495e+01
-3.758367190981865491e+01 -1.658396280009076307e+01
-1.391733383175890637e+01 1.388719299535215779e+00
-1.601365582398983278e+01 -4.618233355979707078e+00
-2.290657948100449204e+01 2.488991817895500613e-01
-3.387750929443371462e+01 -2.890931995148158151e+01
5.388041623576891759e+00 6.573069632260922113e+00
-3.186750000761309209e+01 -3.074107816474911914e+01
-2.767094304699759633e+01 -1.014913565063597645e+01
-1.202607842162030671e+01 6.150491290636059816e+00
-3.318666161345092291e+01 -2.538406603948261164e+01
-3.270533890046569780e+01 -2.089178943605640981e+01
-2.794553781854484953e+01 -1.171538217833243145e+01
-4.127408570861860682e+01 -2.322954869366029840e+01
-3.552482256852161413e+01 -3.039902321747089786e+01
-1.292100932220490606e+01 1.929631352781816744e+00
6.071525639851710565e+00 3.742880074293788439e+00
-4.235511029801092064e+01 -2.101293378337769013e+01
-9.808475698912824114e+00 1.695046711251318172e-01
-2.244586806416417346e+01 -2.867141746107402245e+00
-4.483177307188108252e+00 1.489038445064116445e+01
-1.121718571152110577e+01 3.710804230486471678e+00
-3.524294321030090771e+01 -2.656289818841813499e+01
-1.275443272602325706e+01 -2.844587254595199344e+00
-1.504671494189990533e+01 1.088705632521517330e+01
-1.868815837626333831e+01 8.094936922703512394e+00
-3.474228237781791506e+01 -2.697315535559701516e+01
-2.927158703068913681e+01 -2.582633102427927341e+01
-2.038640054187133899e+01 -1.702886364484300330e+01
-3.798116575760970193e+01 -2.580030116475153079e+01
-2.045923774389238758e+01 -1.664923872916040537e+01
-1.301402122706417330e+01 -1.484139272567186119e+01
-4.300937550404935905e+01 -2.259411032833015653e+01
-2.044110485781497388e+01 -3.272695066666040931e-01
-4.287680386382603359e+01 -2.341250831465490378e+01
-2.826448019050697091e+00 -1.886456666644289681e+00
-2.362215989065459709e+01 -1.310876184829980140e+01
-1.292673034760245798e+01 3.340879456589114671e+00
-3.405109427430659963e+01 -2.932088178583203586e+01
-1.396157353556754011e+01 2.277051508645290934e+00
-1.516803254090599395e+01 -4.136806077169432605e+00
-9.653971496420808984e-01 1.286792551023364695e+01
-2.546516629281728328e+01 -1.784914663184093442e+01
-1.172067480483547186e+01 -5.343801250892727950e+00
-1.591905880073702484e+01 -2.983372951822868213e+00
-2.763118957327943992e+00 -5.406651669179687314e-01
-4.027180910562459815e+01 -1.495152952738559193e+01
-3.497026777658838181e+00 -7.099960448602353758e-01
-2.350182426599415919e+01 -1.358149931563012913e+01
-2.510367794622765913e+01 -1.672325901909937329e+01
-2.039569178210718903e+01 -4.498269671126729818e+00
-2.365055413926045702e+01 -1.888091706003813997e+01
-2.584735260993807771e+01 -1.754762400725709171e+01
-3.404761527385317521e+01 -2.841488181374431576e+01
-2.086590720294636370e+01 -9.146152782724932706e+00
-3.904198024906837361e+01 -2.584844124209626770e+01
-3.512573070232956951e+01 -2.967621412980996354e+01
-4.262365565516407884e+01 -2.302802720949976489e+01
-2.898274584603864668e+01 -2.760094733367385800e+01
-6.634636632435491066e+00 -3.357274280833030033e+00
-1.500828755396313241e+01 -8.233253793582067104e+00
-1.880166740821769977e+01 2.140554791543731028e+01
-1.195820171319273051e+01 4.281348814030296879e+00
-2.647217823810244397e+01 -1.820522149958650004e+01
-3.466947513181941787e+01 -1.753101385327756745e+01
-3.222664620119847001e+01 -2.733921472809619502e+01
-1.627562085151411608e+01 4.614074934726072108e+00
-4.219638618088755777e+01 -2.368532625676725445e+01
-3.497049605637399861e+00 -7.099832594032823296e-01
-2.033347748392599996e+01 -1.290930267177835056e+01
-2.520236194499894467e+01 -1.302354556019601972e+01
-1.254738707368547601e+01 6.379048136027793525e+00
-3.805188953982251121e+01 -2.257300932283362371e+01
-2.383543653144789332e+01 -1.181208581786411571e+01
-4.244372118759613244e+01 -1.877434931443214694e+01
-8.011641977338193499e+00 5.830663952977787723e+00
-2.622897219167322191e+01 1.303505178560496347e+01
-2.040396467242418765e+01 -1.730834749156266739e+01
-1.177822306978177735e+01 5.109556885373338631e+00
-3.062997673617210026e+01 -2.969280573280218505e+01
-2.212575497161557081e+01 -1.643349411097564072e+01
-1.717533037288211872e+01 2.397713984757587902e+00
-4.048997406467999127e+01 -2.158559632829715724e+01
-1.226778102387612179e+01 5.888269323300606040e+00
-3.749421665916298441e+00 7.821922168414934262e+00
7.385987857677917212e+00 6.613035765555457246e-01
-8.109857082981081433e+00 1.476574049757404250e+00
-3.957117775662406700e+01 -2.048751478833958117e+01
-3.653483383189765732e+01 -1.730438951404435599e+01
-1.013518918328840890e+01 -4.191015835265123002e+00
-3.510180804289596779e+01 -2.414596112065634159e+01
-9.085908918101514686e+00 -3.451422138644853477e-01
-2.990119564039640210e+01 -2.650922347566826076e+01
-3.741981296313505112e+01 -2.671628581456602447e+01
-1.475871225513532004e+01 -2.577747152352506887e+01
-3.450793146492192420e+01 -2.830446402975275078e+01
-1.607827209303356852e+01 2.692517480603783486e+00
-3.297779361017035171e+01 -2.953841052411423362e+01
-4.055064901858815318e+01 -2.541614595969009827e+01
-1.512745323917414808e+01 -2.156395715384602596e+01
-2.936185144917991607e+01 -2.791380387267859575e+01
-1.323942583717848187e+01 4.501403745320885719e+00
-3.719546769646588302e+01 -2.750749162104733614e+01
-2.642265776628537566e+01 -1.371210259432426781e+01
-1.236775768672160858e+01 -3.053837912720873238e+00
-1.374766647261527730e+01 -4.650760996133647573e+00
-2.252510267231157570e+01 -3.964686397594153977e+00
-1.167378524210112190e+01 5.796182293925866702e+00
-1.231314864336999548e+01 -2.929529449891962400e+00
-2.019595871272300514e+01 -1.801998263425633695e+01
-1.976206905314075968e+01 -1.888852385990365690e+01
-1.467865131844519055e+01 4.170384800530107405e+00
-2.556622110097800871e+01 -1.734296209164091351e+01
-4.389240277129206902e+01 -2.367824473482910363e+01
-2.548183241435672741e+01 -1.824657611490154707e+01
-1.097636698128279775e+01 -3.760283415512342131e+00
-9.838738071709791200e+00 5.697831994238663711e+00
-3.315092413671990101e+01 -1.850841351910679222e+01
-3.866683450006054557e+01 -2.558637416828884881e+01
-1.145543348897350278e+01 -3.588339920611018030e+00
-2.893150160771524426e+01 -1.494140095098549459e+01
-3.387858711493237962e+01 -2.973891850974852602e+01
-1.007680147763696077e+01 -1.096676674999349288e+00
-3.446944625431923015e+01 -2.527860086896726699e+01
-2.539149640469164382e+01 -1.663489153764981410e+01
4.901113150864030210e+00 -3.229200934446516236e+00
-1.185087498446547372e+01 7.480414142438227554e-01
-2.437275283794723535e+01 -1.767963830218654309e+01
-3.441003245194913518e+01 -2.756152414075202728e+01
-1.180341572218481971e+01 -1.341363205131497160e+01
-1.541215967513226381e+01 -6.297524673216019941e+00
-4.163480857629927812e+01 -2.029223384320850343e+01
1.162573332170699913e+01 6.635619967792814045e-01
-3.566791142738993869e+01 -1.760375489076512423e+01
-4.294355726390515571e+01 -2.192259344523430187e+01
-2.213316868923672587e+01 -1.412185532844286406e+01
-2.904275527952425762e+01 -2.185829846867620674e+01
-2.589076366031487098e+01 4.527014708973198687e+00
-2.639664046691394717e+01 -1.930812719775876118e+01
-1.022910295427007554e+01 -6.702097463936024901e+00
-2.998904815020473436e+01 -9.941775790838125459e+00
-9.102118560127237856e+00 -3.463047625918739825e-01
-8.174248620511814778e+00 -1.809958834064404387e+00
-1.464149288158579054e+01 -2.567729612820787821e+01
-9.435128746575177416e+00 -7.001765059474951425e-01
9.997964682212415966e+00 3.260317780432349988e+00
-4.395860313921409102e+01 -2.137273429403660430e+01
-1.304126521006628181e+01 -5.790535416044829908e+00
-2.638603616087110382e+01 -2.497868203914747909e+01
-3.426922286139122065e+01 -2.937381035065547863e+01
-8.809938313536720855e+00 3.896319703797400447e+00
-2.512367573723455294e+01 -1.906153790563033468e+01
-1.195198196841897342e+01 -1.385344439199298705e+01
-3.712418566219437110e+01 -3.052138080910223650e+01
-3.150214363181347466e+01 -2.938135273646852497e+01
-7.832172093886883069e+00 -1.308626830305900768e+01
-2.607966545427311544e+01 -1.802846261332392430e+01
-2.344131740934258445e+01 -1.493427882681600849e+01
-1.174424747695092641e+01 -1.253381405457479936e+01
-1.305212158529707622e+01 1.327775004546752013e+00
-3.553173403804834152e+01 -1.767659117486604359e+01
-5.363670822966205343e+00 -2.221178656925402706e+01
-4.245289012377972426e+01 -2.204033714814273281e+01
-3.334024876973353457e+01 -3.083583882009962807e+01
-2.505414111975619917e+01 -3.776706866238171312e+00
-4.213166516230627678e+01 -2.413691995387483757e+01
-4.244384998898578942e+01 -2.329560622152710181e+01
-2.587531244803819774e+01 -1.724528878853379865e+01
-2.845398189668135558e+01 -2.842012714213332103e+01
-1.437453583554796133e+01 -2.461786285515894335e+01
-3.256081235768763094e+01 -2.826965227976443273e+01
-6.216619605831331441e+00 7.090937379366875071e+00
-3.483592418127623347e+01 -2.805992672583739633e+01
-3.002473330308778898e+01 -4.993824871922786457e+00
-3.410540150531603842e+01 -2.609178668974526261e+01
-1.232099692605801877e+01 -3.274663103283132592e+00
-2.315431180016728518e+01 -2.173633968941591021e+01
-1.295414332387409928e+01 6.567330843131045093e+00
-2.054147544378619727e+01 -1.481633960691110907e+01
-2.386608337693281712e+01 -1.809671576570201168e+01
-4.274573224955562267e+01 -2.264458235533772879e+01
-1.932985160694944682e+01 7.275225697020893278e+00
-3.605247408997689718e+01 -2.758858844192263859e+01
-1.247007775523897521e+01 -3.406717035415268047e+00
-1.304876845101799887e+01 -3.199194522076203473e+00
-2.433112610055486158e+01 -1.550860692994219647e+01
-3.559062188182682718e+01 -2.829348545316895169e+01
-1.192728595937007530e+00 2.777903679094199418e+01
-1.985996047125012609e+01 7.733936225097211903e+00
-3.276989942691641033e+01 -2.155880818924359943e+01
-5.719156480093083417e+00 -4.569454309278396131e+00
-1.244422673047849592e+01 -7.605166813266754033e+00
-3.399803054402981672e+01 -2.786966915961053814e+01
-1.303840199582336012e+01 5.142516582810163328e+00
-1.246882705240261480e+01 -2.074312351102876040e+00
-1.561045476163609536e+01 -2.469748451312190340e+01
-2.287009163418273516e+01 -8.249509708199328273e+00
-3.044685709434925869e+01 -1.421648025484823563e+01
-1.924599961446556762e+01 2.203100138725449142e+01
-2.286597074035046973e+01 8.666307344561381854e+00
-2.521962461636416464e+01 -1.801504656445942842e+01
-1.885841849591715969e+00 1.062215481985890619e+01
-3.508819277062051611e+01 -2.863465654230308388e+01
-2.623284712397710106e+00 2.081029614822930807e+00
-3.056779510670243027e+01 -2.304299685437209533e+01
-3.082621727085697572e+01 -1.716422556568651459e+01
-1.954014323436891942e+01 -1.261937837561505305e+01
-2.630289589826210417e+01 -1.560755288139365504e+01
-3.921200674460904878e+01 -2.578733554717985754e+01
-1.263122817773368922e+01 -4.607522727295779497e+00
-2.107958284311585118e+01 1.539854647354445882e+00
-3.415606379485796396e+01 -2.879254421026042721e+01
-2.576936304919203380e+01 -1.690441219264404182e+01
-6.249930078439145831e+00 1.572670008668199726e+00
-3.567746850570416228e+01 -2.723893508079148162e+01
-2.507991438351964675e+01 -1.603564151079410038e+01
-2.114374521719028266e+01 1.395243512583676848e+00
-4.249058806398650034e+01 -2.344417522510742913e+01
-1.389619759343079330e+01 -1.047038510388136068e+01
-1.251799742289867545e+01 4.943141497246269722e+00
-3.540925942115801206e+01 -2.498306443933665122e+01
-2.511605937030839542e+01 -1.668781624565952981e+01
-3.670300439923044422e+01 -2.563100333570029932e+01
-2.586216348134330900e+01 -1.641244094120869335e+01
-2.071961748968586292e+01 -1.615059788542767905e+01
-2.248178579460536852e+01 -3.300141795887745033e+00
-3.656782570445191993e+01 -2.328946082687428643e+01
-9.024570400570459228e+00 4.922671820472208637e+00
-2.732300581804318540e+01 -1.966367267141426112e+01
-1.607778874268173652e+01 2.693158185472454669e+00
-4.211543306020370636e+01 -2.437669793242037741e+01
-4.250226947019230295e+01 -2.209622688298991378e+01
-2.960225819613599541e+01 -1.268616465157371032e+01
-3.689378484731779650e+01 -2.878704021424904980e+01
-2.036534660491021853e+01 -1.428241897196170385e+01
-2.648246388527418560e+01 -1.707873605538386386e+01
-1.051820178877155598e+01 7.826388974632492612e+00
-1.778940304869718858e+01 -2.255315924997202259e+01
-2.450170733181052540e+01 -8.967871476325470326e+00
-2.228784468382256279e+01 -1.250454925562327979e+01
-4.118703363461602862e+01 -2.630972928531166843e+01
-1.433301915812436711e+01 -1.083566941545508655e+01
-2.712257938335404717e+01 -6.412476087996290985e+00
-1.921011855413210512e+01 2.210531328777095439e+01
-1.971423608854070153e+01 -1.263771673226196235e+01
-2.609784174685604086e+01 -1.830146241356606041e+01
-1.065430776132771840e+01 5.896494825201553880e+00
-2.332554117300757923e+01 -9.640201543469069989e+00
-5.420264069395342332e+00 1.108117481390887171e+01
-3.456241434568997306e+01 -2.968542001337262093e+01
-3.879611102695611180e+01 -2.745228638995567394e+01
-3.573915858983915683e+01 -2.902598985864539216e+01
-2.623290162115458735e+00 2.081033154616369618e+00
-8.401852482990576076e-01 7.810682207310707170e+00
2.798946133505459066e+00 6.737393069728669914e+00
-3.825987761577965074e+01 -2.893784439128176800e+01
-3.787967218653778190e+01 -2.878105900106302784e+01
-8.862782583142280401e+00 6.379000484905226642e+00
1.438394828055226116e+00 9.672267471301246644e+00
-1.363526596185035444e+01 6.119947021210800919e+00
-1.442898890057353789e+01 -5.412369275556921266e+00
-1.275842856255890467e+01 5.383299798184696172e+00
-2.623233697024875966e+01 1.302091045891716803e+01
-3.040247616615434367e+01 -6.638164440868079552e+00
-2.989283620968747357e+01 -2.651981443811686390e+01
-3.745372871952577043e+01 -1.178938744052726761e+01
-2.040276640353599547e+01 -1.312646946379183532e+01
-2.506866706196389671e+01 -1.719887725566057313e+01
-6.354212055869139952e+00 -4.680421293786104497e-01
-1.088608824575344514e+01 1.447295267619275183e-01
-1.247759288666189015e+01 3.100310597611853236e+00
1.474436176831487622e+01 -2.253811768726904141e+00
-1.267799422088353012e+01 1.960528687885164878e+00
-2.965068939591345654e+01 -1.694610251626101061e+01
-4.307046433781248140e+01 -2.041718952070618087e+01
-2.437946789696588468e+01 -1.820033622681772201e+01
-1.238708480943337520e+01 -1.440611737357848021e+01
-9.969784098393843053e+00 -4.012240628260770769e+00
-2.389834937972186779e+01 -1.666300470607844275e+01
-2.879026287707202414e+01 -1.400877545932838508e+01
-1.009665003040135067e+00 -4.072740987788133538e+00
-2.171835921232593947e+00 -8.382038265029333246e+00
-3.844947038332851008e+01 -2.743337507112776308e+01
-3.694406982535899431e+01 -2.792570745410140276e+01
-4.054788270897068259e+01 -2.600064805810197299e+01
-2.929597897496502057e+01 -2.789454016857483865e+01
-2.797091747884793733e+01 -2.316597530303173258e+01
-9.744585609850906494e+00 -4.883726733208504811e+00
-1.273572367708656650e+01 -3.419998871467948121e+00
-1.013488608633277188e+01 3.657746877219645310e+00
-1.607373208396159825e+01 3.805754080706462150e-01
-2.421210020277668917e+01 -1.701047428886588264e+01
-3.543237621748148314e+01 -1.833456580446353001e+01
-2.542165210481444504e+01 -1.447151192938816600e+01
-1.242603341387057014e+01 5.564068534919184295e+00
-7.852013066683990239e+00 7.952560030811080871e+00
-2.706469293858734559e+01 -1.324275062816910697e+01
-1.291418357510596771e+01 6.066471507059575607e+00
-2.842217141050990747e+01 -1.117016594768663396e+01
-2.567186938791508055e+01 -1.748276939225487325e+01
-3.297646966146611902e+01 -2.418368936442898942e+01
-1.588124369585219675e+01 -2.571584282594910320e+01
-2.117283125191948656e+01 -1.331951028906229340e+01
-3.097212722255664730e+01 -2.836454265279445508e+01
-3.228942994424433977e+01 -2.508892519800390275e+01
-1.303919999853326317e+01 3.283762640544178435e+00
-1.607821452775237958e+01 2.692557086910801090e+00
-1.340206185870645328e+01 -1.149782555015018026e+01
-2.422697997526352509e+01 -1.905048148818408293e+01
-2.948919425226108970e+01 -1.749062152869678854e+01
2.438824897359388899e+00 2.854011624731035646e+00
-9.289646223956813387e+00 -3.438196293093185307e-01
-1.234045299502880155e+01 6.818058660293724316e+00
-1.231309379046980901e+01 -2.379088756368195501e+00
-2.660301679008735931e+01 -1.636291676994027711e+01
-2.710342555442625567e+01 -1.480145423855648801e+01
-1.882525924230437653e+01 6.940692600216184616e+00
-2.776808092501089575e+01 -1.336515888320078815e+01
-1.174665801959789846e+01 8.454352224613931099e+00
-8.719080088147665109e+00 -3.577259960394739480e+00
-3.492327375209406881e+01 -1.649895637339764676e+01
-1.331929171395174016e+01 -3.237955728339268813e+00
-4.008990588639524333e+01 -2.561937568417856426e+01
-2.622212345348830187e+00 2.079918007434469196e+00
-2.931129737649304445e+01 -9.960276668911191678e+00
-2.828438572941493234e+01 -2.460947861054597752e+01
-1.252493037942201681e+01 1.852822599307551998e+00
-1.274104741385592021e+01 -2.783575576353803260e+00
-3.379368522477845005e+01 -2.739591173661779067e+01
-3.197435439982601935e+01 -2.373843132209671580e+01
-6.492140342735134517e+00 -6.297221385731626153e-01
-2.116227497563439641e+01 -1.042361014798414587e+01
-1.904661079278576707e+01 -1.195732006249681412e+01
-3.766846819664129242e+01 -1.923279877021101925e+01
-1.902701525974116237e+01 7.725274848786698456e+00
-1.483377650021916061e+01 -2.571478712349463791e+01
-1.354051975093487492e+01 4.723119647971937063e+00
-9.491852850852383838e+00 1.647469140800192244e+00
-1.337533510272300852e+01 6.253865750651820932e+00
-9.739577845751950846e+00 6.849558136122942287e+00
-1.395122605125696680e+01 5.310563065161438168e+00
-2.951508859379773142e+01 -1.742927596379157507e+01
-3.554815272390214886e+01 -1.767366473038304520e+01
-1.052342854468905919e+01 4.455220299194169620e+00
-8.241625772549339146e+00 -9.367692886182487300e+00
-3.845715495352190061e+01 -2.626065318137095161e+01
-3.372413949579057402e+01 -2.958315388549675262e+01
-3.910181744724923902e+01 -2.473679930772938107e+01
-3.390770140973969404e+01 -1.275960728908516195e+01
1.398995319924175895e+01 -2.321251563860126321e+00
4.295340883577216218e+00 7.111712642135875617e-01
-3.464189269474360344e+01 -2.225687692000158791e+01
-6.704054332368830416e+00 -7.983465284098459236e+00
-3.476545614707816867e+01 -2.906308080915475145e+01
-2.614250873656509100e+01 -1.218652323097858670e+01
-8.778212605937227409e+00 -1.440784168758100892e+00
-2.487308158694420968e+01 1.311783929371121715e+01
-1.339260628627263294e+01 8.173000254224632499e+00
-3.449548909728939350e+01 -3.089018293877709809e+01
-3.159080663781916698e+01 -3.009319109590904873e+01
-1.420320592665219728e+01 4.905949802066628118e-01
-2.274789040788009586e+01 4.727806367414056687e+00
-5.997197556320005063e+00 -1.770505956679321091e+00
-2.829264308287332952e+01 -7.526948205421425619e+00
-1.169455037656714680e+01 -6.342205823296639622e+00
-2.359696751632634815e+01 -1.380481874684545218e+01
-3.364153828315690475e+01 -2.863550705376669825e+01
-3.321930739539560307e+01 -2.697871611883893905e+01
-3.487931057704275162e+01 -2.766093105802024255e+01
-2.583659487473473959e+01 -6.363137147934392779e+00
-1.382187670824597525e+01 6.819898469250773587e+00
-1.490774551488713051e+01 -2.635366061480307920e+01
-3.906334074940588863e+01 -2.512160028525494226e+01
-3.507574239298182306e+01 -2.921768748895950196e+01
-2.870176865712478786e+01 -2.699783290762133348e+01
-2.470960421847872368e+01 -1.743299746504548509e+01
-2.874685297902147241e+01 -8.602259440863953444e+00
-1.319560084704155933e+01 5.820148795607231751e-01
-1.292293284116251684e+01 3.114600196964187884e+00
-1.301175048619388797e+01 1.372661621289559264e+00
-2.795495896814109571e+01 -1.257682659177268647e+01
-2.185799750157042709e+01 -1.390154819657868757e+01
-2.762946129530505601e+01 -1.875084136843111082e+01
-2.773719637660317261e+01 -1.510220397985633944e+01
-2.680784978371627858e+01 -1.553329966689794261e+01
-1.340252142904152777e+01 5.330506114131570605e+00
-1.303748696108298688e+01 4.449753919968169491e+00
-2.083626201147238888e+01 -6.554766208609430045e+00
-3.565929477484624499e+01 -2.936714516115385720e+01
-1.337212043143625095e+01 -2.414046613071245240e+00
-1.505904891296737702e+01 1.087151526137662927e+01
-3.498723932766214517e+00 -7.113736352594686174e-01
-2.326541387394192029e+01 -1.636118736311280841e+01
-2.432804968486676600e+01 -1.343470691156348629e+01
-1.419726422957453593e+01 -3.850284859469898624e+00
-2.684461250783850872e+01 -1.756271257857406809e+01
-1.409967527400633891e+01 -1.784257537384143832e+00
-1.197268737201377498e+01 5.252996797107122084e+00
6.095024613247213008e-01 5.322781001366806208e+00
-9.266877552814948515e+00 -4.887471476235330514e-01
-2.991234083686247303e+01 -2.539389570308066268e+01
-3.194673177485432092e+01 -2.531087120887057651e+01
-1.607823690387516891e+01 2.692558289695366369e+00
-4.052597126387095017e+01 -1.846815366587503959e+01
-4.037404902312476196e+01 -1.515909659053016867e+01
-5.391977097885814807e+00 1.111595500754060240e+01
-1.014075177469564792e+01 2.692130103669732488e+00
-1.402005348102048821e+01 5.899048975137497486e+00
-8.761713346101076993e+00 2.476237841349532509e+00
-2.570874494338831795e+01 -1.857899543860501979e+01
-3.351426716157457975e+01 -2.835256036206479280e+01
-1.607822072190971241e+01 2.692579329423698820e+00
-9.775252137588420709e+00 4.334967121696015752e-02
-3.392144356601991007e+01 -1.277020918780102576e+01
-1.118968194145800332e+01 7.309404485370967208e+00
-1.082800386742555254e+01 5.309267469012656449e+00
-2.996291925814603374e+01 -9.940931590278399455e+00
-2.385114085593400901e+01 -1.371137492661129720e+01
-2.817131569155925774e+01 -1.623113628796964747e+01
-7.573452889230512852e+00 1.396721290846842933e+01
-1.466507149814492905e+01 -2.717096979525038147e+00
-3.637717418523718038e+01 -1.641709557966296273e+01
-3.058810521029050378e+01 -9.914847999331261263e+00
-3.348604504315352415e+01 -2.897459445111620013e+01
-3.392047436009762151e+01 -2.844515491339098290e+01
-1.965306729456212409e+01 -1.595694983402419354e+01
-7.826985566183570775e+00 -1.305129975280035026e+01
-2.463579754844315062e+01 -1.878893485696354304e+01
-8.764132278403922172e+00 1.748915321234330689e+00
-2.438625203384008344e+01 -5.801848097386397285e+00
-1.554927692167099806e+00 2.719970820180686388e+01
-7.418541639450425329e+00 3.659223031266013670e+00
-1.100211021062306926e+01 -3.820744399490274112e+00
-2.204113935066459362e+01 -1.645428545076446980e+01
-1.379956409389378358e+01 -6.921993142463299442e+00
-2.589607767684457684e+01 4.648761676354189909e+00
-3.709194106077332975e+01 -3.045960049160603589e+01
-2.376160477857129294e+01 1.311222839239243854e+01
-2.376258444981091245e+01 -1.263402929101052585e+01
-4.150232598922692517e+01 -2.425979884464723924e+01
-2.102276798684304993e+01 -1.592442968227725153e+01
-7.497040974721235429e+00 -6.140404015633373014e+00
-4.020652367670097149e+00 -1.270050295022985720e+00
-4.080456646932534071e+00 -1.652391151584496498e+01
-1.303975912269699222e+01 5.724474879514385606e+00
-2.310556073967406832e+01 -9.687309990849962915e+00
-1.238374240361810230e+01 4.731309284841882956e+00
-3.040955814217788244e+01 -8.957079912701891189e+00
2.104563346711304916e+01 1.911997485539997399e+01
5.041984333054854162e+00 1.851104055628560019e+01
1.267186989330578761e+01 1.126891014719552686e+01
2.097115040819739207e+01 1.229970044068932644e+01
1.780014087046702542e+01 1.766313400582462378e+01
1.499719810412755727e+01 1.775929987423846512e+01
1.327911167079356503e+01 2.175948396160957898e+01
1.620141033885679605e+01 2.080503259468291688e+01
8.664881537126866817e+00 1.412966373753719651e+01
1.906896823811840491e+01 1.764397469725678746e+01
1.844819346418436723e+01 1.118694314352861952e+01
2.149057912006147220e+01 1.699989952752047984e+01
1.161340919242291037e+01 1.999111719285420818e+01
1.828789018132458821e+01 1.532306597744953613e+01
2.284669004961735439e+01 1.919847944250672711e+01
3.813606041398318602e+00 2.100796851338251514e+01
1.909498635071750883e+01 1.387423848734588816e+01
6.668992474933756576e+00 1.118426054782733203e+01
8.030650025657335433e-01 1.890145888253895734e+01
1.874567637391676200e+01 1.302175778975640874e+01
1.817592333546469519e+01 1.542691227054037562e+01
2.421833248079543210e+01 1.919180721269337653e+01
2.009821083169103417e+01 1.884701036343314229e+01
1.863811109334973182e+01 1.650687022211941368e+01
1.464135932549041996e+01 1.495651413316402945e+01
1.659460314443631646e+01 1.651747186013890456e+01
1.577775510135700543e+01 2.588778123508653550e+01
1.284858748233844672e+01 1.416565662367945322e+01
2.049552013898809122e+01 2.036288211088618638e+01
1.832937007356072812e+01 1.604402627418524574e+01
1.513786945600618061e+01 2.271305412389748213e+01
1.511303445048600835e+01 1.598747748174559469e+01
1.670064013926382174e+01 2.225192605598434881e+01
2.429716608836015013e+01 2.224274450249904334e+01
8.517235555241670752e+00 1.643685661989864499e+01
2.157872712721602326e+01 1.648381528557819919e+01
1.222944277611859221e+01 1.884790460706379278e+01
2.491029228583987631e+01 1.567234548268007899e+01
6.635779771709477082e+00 1.829148847217428653e+01
1.120729632199037162e+01 9.091786664275437246e+00
2.143789692225029597e+01 2.386032896421761862e+01
3.603780781550410595e+00 1.847239656493737314e+01
1.934481423417914847e+00 2.108117158061682517e+01
1.267721687517144780e+01 2.501712345217494970e+01
2.181192351596671131e+01 1.885690445473621679e+01
1.355162571134624550e+01 2.046242519288738038e+01
1.364730099786262230e+01 2.641911953545751146e+01
1.638551907968986043e+01 1.142829089568062884e+01
5.970754331458235420e+00 1.799181657713748095e+01
8.913249939498278707e+00 1.790741173876301318e+01
2.249343707790573887e+01 1.111355902609143342e+01
1.473324107330789445e+01 2.645444566472334103e+01
2.307635970837387163e+01 2.073994207621376518e+01
2.175790846429039860e+01 1.475989581983001919e+01
1.625283869881805998e+01 2.157802046181166844e+01
1.602069595842958094e+01 2.125953674333657872e+01
3.349475877359758158e+00 1.927715457308761060e+01
1.648079388785499333e+01 2.301552844829107158e+01
8.232534517899789961e+00 1.970471504935000340e+01
2.130351588694518838e+01 1.591656514698381919e+01
2.126360846838103313e+01 2.312510507898847578e+01
2.297380281564420912e+01 1.367355144358860564e+01
1.031188680590708806e+01 1.454363144283160203e+01
3.602490804481870423e+00 1.678946591384419662e+01
2.240321049398239595e+01 1.638374159504202510e+01
1.530712883400110869e+01 1.741711963573495936e+01
2.428698701496804802e+01 1.705723828856142177e+01
5.361546566963147242e+00 1.967814714832323020e+01
2.039498077051944236e+01 1.432346043313573603e+01
1.357989602718653543e+01 2.113187351413766635e+01
1.738839434517528204e+01 9.246038045780528236e+00
6.307192810801621974e+00 1.452216283318783496e+01
1.440683143896224827e+01 1.209530449640499228e+01
1.573570326300600186e+01 2.757241997355846763e+01
1.470284208916386426e+01 1.722721505030757072e+01
1.623559168044875989e+01 1.811043243513520196e+01
8.314682496786844013e+00 2.549617409210225816e+01
2.115241475628651102e+01 2.042979149219988599e+01
1.461962943586404329e+01 2.163575541689455761e+01
1.799942644822981563e+01 1.582156669525129900e+01
2.174050984819636056e+01 1.304004500362917618e+01
2.361534940807456096e+01 1.783297045299740446e+01
1.362054750783684298e+01 2.510085581383394171e+01
1.148236434636857695e+01 1.285332612543716202e+01
2.238051543426990531e+00 2.002047894527241567e+01
1.645891304235663810e+01 2.095056610412793674e+01
2.025782666435744517e+01 2.120887108763486495e+01
1.960275635680734752e+01 1.887554688418558868e+01
1.118434729712774356e+01 2.215158544426699194e+01
2.211391453855715028e+01 1.973759931534946688e+01
1.473230937036538180e+00 1.693072414476666054e+01
1.455791245575560389e+01 2.578483350061998181e+01
1.611532340880850711e+01 1.947703896833231951e+01
1.106849113835492915e+01 2.140705054427028031e+01
1.937799891700278465e+01 1.535426694628987931e+01
2.126074349470993852e+01 2.299746940422853569e+01
1.993107937888790815e+01 8.572864539570739240e+00
1.917284269667726093e+01 1.541673476404409193e+01
1.761212871340545050e+01 2.221896213771445971e+01
1.422969865535913314e+01 1.846394135838781381e+01
2.238268189891778093e+01 2.141295559451519281e+01
1.500984548463573987e+01 1.822089654131697856e+01
1.295748081279528385e+01 1.921153132715210887e+01
1.932018151131380534e+01 1.585879836994268466e+01
2.123602582144868833e+01 1.490136580776320052e+01
1.743713726620589810e+01 2.057166577623987536e+01
2.013848563589341012e+01 1.308081409528001515e+01
1.940581298499077434e+01 1.117140359962330898e+01
1.574065728351749627e+01 2.444996236016072899e+01
9.748154909536012269e+00 2.011868330232796609e+01
1.507654353921848589e+01 1.598321251049857317e+01
1.804666352083363279e+01 1.414629307638613476e+01
2.182058289847358168e+01 1.886719666565719677e+01
1.022149812932027935e+01 1.122445217548186669e+01
2.104959590181016438e+01 1.546729899613204395e+01
4.005582983221499305e+00 1.454903690386957749e+01
2.219911635602074185e+01 1.083620585477064502e+01
1.757787056202634091e+01 1.544727490385680646e+01
1.089856260018932232e+01 1.886765061270903487e+01
2.154625109097960234e+01 1.393914751259787543e+01
1.328064777821112052e+01 1.404638384959628894e+01
1.314855292787656715e+01 1.740655071698606804e+01
1.245962288591948308e+01 2.076264489287989079e+01
1.204711457716277145e+01 2.611337548357724714e+01
1.067348805808638801e+01 2.114452119426130139e+01
1.316850896352196365e+01 2.718657527679376429e+01
1.576722244516247784e+01 9.508342345067298140e+00
1.393129124262269869e+01 1.548927666003908676e+01
7.976258289571306115e+00 2.325810318917004338e+01
1.544116622109923931e+01 1.488608829328562777e+01
1.845889103305382406e+01 2.383470954140756248e+01
1.787029604433578456e+01 1.430642335214348115e+01
1.409268280124322459e+01 1.627278206723591225e+01
2.102246150024824800e+01 1.009682210345856390e+01
1.889730405812571945e+01 2.355990634384518145e+01
2.102265091846433620e+01 1.560784863982554960e+01
1.958322286348615648e+01 1.882112077150511098e+01
1.596259531806327026e+01 1.272579883702061743e+01
1.739218368093101930e+01 1.268512104078197744e+01
1.916713453509197862e+01 2.458702325787621135e+01
1.238170630598575350e+01 2.257877588110159905e+01
1.634462063332473036e+01 2.040449956578621737e+01
1.980460026978103016e+01 1.115214448442843853e+01
1.978321435038649412e+01 1.933406386507027364e+01
1.958447754465249702e+01 1.882961936080105403e+01
1.880580949136992075e+01 2.362314752338599533e+01
1.188867894764904598e+01 1.643122448774512989e+01
2.364621907043489557e+01 1.476246041004965370e+01
1.853237078501397761e+01 1.541463289685362525e+01
2.163047294288955769e+01 1.719819624427415761e+01
1.204956212853137743e+01 2.464900930725717743e+01
6.229351480549510711e+00 1.789590107814472830e+01
1.551548445712416324e+01 1.619882482730003304e+01
1.411266651163046326e+01 2.256204000644856222e+01
1.874091481596833120e+01 1.467013590829547454e+01
2.113685378782210122e+01 1.887937955339094032e+01
1.670869372737212899e+01 2.109376510837003593e+01
2.036386412334073270e+01 1.706304846137934206e+01
1.645745018783342672e+01 2.124671438068658702e+01
1.241667299439976091e+01 2.054829292469455737e+01
2.180400569524275411e+01 1.842488006891251473e+01
1.774228219609741686e+01 2.208779443539539855e+01
1.518582655717406915e+01 1.370731764812730802e+01
2.270862550579270689e+01 1.557929265805680430e+01
1.824729642042893829e+01 1.705832208082274448e+01
2.191833981723933178e+01 2.121838497019587777e+01
1.448142948182140977e+01 2.393127144634260617e+01
1.310931365323129150e+01 2.500568799096055983e+01
2.481007985011486738e+01 1.422342607041722395e+01
1.517424317690290891e+01 2.186411871050408351e+01
1.586303804174658794e+01 1.588432521243441187e+01
1.071010575868808523e+01 2.288631159151374561e+01
1.011828105937548017e+01 2.328271699307359199e+01
1.131163723879016736e+01 2.407479877700856363e+01
2.155544018202862944e+01 1.563494469279558707e+01
1.551209753734733710e+01 1.663052386650900871e+01
2.236855912283507664e+00 1.956087694484670081e+01
1.644881100723562284e+01 2.126234859264032551e+01
2.244423104504249533e+00 1.985977030809791799e+01
2.023885520487058898e+01 1.574921367250784066e+01
1.937448045175659317e+01 1.817373984647502994e+01
1.455044986316253919e+01 2.573152469833520328e+01
6.274822055345603111e+00 1.450028334970961197e+01
2.251084816507091091e+01 1.736156335415483198e+01
3.360109401965973408e+00 1.923388247476565382e+01
1.260361439220046975e+01 1.609974285825708762e+01
1.991843248787982645e+01 1.537113286759266728e+01
2.319440631962634214e+01 1.593137829303720743e+01
2.611937668814321611e+01 1.794419680384143945e+01
1.485202151298944351e+01 2.403930264596849398e+01
2.341476479508899189e+01 1.331373615777919106e+01
1.525876502317563421e+01 9.904943504359625450e+00
1.100625623932742769e+01 2.150445012252608024e+01
2.106996114769498618e+01 1.906466219602629053e+01
7.508419498361764255e+00 1.507850725026403005e+01
6.645726109498927947e+00 1.117585257044604141e+01
1.344674122675607464e+01 1.335276458630241869e+01
1.852598756970094129e+01 2.103215393288311930e+01
6.580005776556913766e+00 1.766415088883126217e+01
1.578699474037532546e+01 1.594012006786665836e+01
1.682199265089161599e+01 1.572239616664663409e+01
1.733549867774600983e+01 1.358195408860757603e+01
1.351893515302895743e+01 9.128242305898812248e+00
2.057466462856009670e+01 1.605400850527101397e+01
1.848110264469887554e+01 2.386045318698564799e+01
1.514793140136947969e+01 2.032750044958517677e+01
1.879371435981862248e+01 1.941306760893978023e+01
1.800510690853302620e+01 2.511041564105138590e+01
1.446672235001731810e+00 1.914103978669761474e+01
1.828334502503643932e+01 1.848420254681549935e+01
1.333294107964004382e+01 2.298715754514029541e+01
5.789768217239871007e+00 1.790839272406478244e+01
2.253443595773401142e+01 1.444679648518687110e+01
1.991003979816404978e+01 2.039430929111694724e+01
8.101494083702760918e+00 1.227291756816010526e+01
1.672514982787622273e+01 7.121711617327559196e+00
1.084060428392903397e+01 2.504665739449136908e+01
1.056740520534876993e+01 1.708014361863411068e+01
6.335817618760655634e+00 2.245910157139271490e+01
1.701601609290953832e+01 1.445355400072149088e+01
3.379230473679870173e+00 1.982234625584992926e+01
1.809282723848916774e+01 1.132741254621959115e+01
1.430410507052841140e+01 2.206070349017797838e+01
7.065324327214518974e+00 1.909721399977303946e+01
