2.343813085334137458e+00 -4.609084524373349012e+01
5.573030889951763100e+01 -1.650395656842840353e+01
4.464149883882984682e+01 2.250407751080614105e+01
3.546790065623023480e+01 -1.316085301032171628e+02
4.531649318300277969e+02 3.513059809273074166e+02
7.052853364170110240e+01 6.291335736094104192e+01
3.188905431329430584e+01 9.170935689985093120e+01
2.225004145980297565e+01 5.169947728550542365e+01
-5.683131549587576359e+01 -1.697730074724128713e+01
-1.856721024020416877e+01 -1.232447407498393090e+02
-9.041664179587552042e+01 1.497361413412690183e+02
1.274240493235399327e+02 -8.686401222079779272e-01
4.602871420649029233e+01 -8.632214119896394777e+01
-2.936277793028247984e+01 -6.951892821811870249e+01
-9.498745445143593713e+01 -3.043468605158463447e+01
-4.034079241255793846e+01 2.353912721996384860e+01
1.126418979835829219e+02 5.031575197089767215e+01
-1.342976913860527475e+02 -1.671189619770635915e+01
-9.233945658214493335e+01 5.023693419041111241e+01
-1.062635158851392561e+02 -8.123077538024212174e+01
9.122025229293896587e+01 -4.263461339321783328e+01
8.408647543367885646e+01 -1.020125057081141620e+02
-8.769782460822584653e+02 -2.780021378748863299e+02
4.101109248047800548e+01 -4.938504280870511565e+01
8.377610166871760100e+01 9.836129135289674252e+00
-3.160038204654206595e+00 2.037162515292306608e+01
-6.409580135896835884e+01 -5.536646391405500367e+01
9.212309663287205694e+02 2.709767198087169504e+02
5.997185290086038734e+00 -8.790448573907399066e+01
1.841234226718130174e+01 -9.536325473935454156e+00
-5.061278192390895470e+01 1.091370024373488974e+02
-1.427429188724533304e+01 6.227334951769503846e+01
-5.987019904170787754e+01 -1.027934670093583946e+02
1.438230000170639187e+02 -4.427916532196429245e+01
-6.438444024923440701e+00 1.087275773475557088e+02
1.216235099719392281e+02 -8.613650656310733211e+01
6.157822186443105039e+01 1.554197003924224703e+02
-5.214387571576980207e+01 6.220764036333186908e+01
-9.631960257144525883e+01 9.162035865705044557e+01
9.145741466438778389e+01 1.032261116707629753e+02
-8.146252376304390452e+01 1.316071407456271380e+01
-4.837987283447878326e+02 -3.607260106371671213e+02
-1.311798481097709441e+02 3.325919589665691234e+01
-2.054420620827463750e+01 -1.673430087496596030e+01
