2.513044174057356273e+01 -1.607988986735216130e+01
1.714814472793900535e+01 -1.279685360133229111e+01
1.206508960527473029e+01 -1.870488032976401982e+01
1.584411857768459697e+01 -1.328767065029364680e+01
1.669709938647050507e+01 -9.889578898171437871e+00
1.543907367399792641e+01 -1.027147715855799603e+01
2.050535555137638255e+01 -1.432395591295495940e+01
1.996640586089345604e+01 -5.779672955775744470e+00
1.453963324067637686e+01 -1.928719372008112742e+01
1.432759047301882660e+01 -1.521188370031121906e+01
2.081205466684448169e+01 -1.141076536879219816e+01
1.402044164107921809e+01 -1.643220786044424742e+01
1.547055171703720866e+01 -7.747678248757189579e+00
1.842391767030645156e+01 -7.500149639958318737e+00
1.839198188732378014e+01 -1.300380639025877905e+01
8.657608785575716226e+00 -1.181910530167813356e+01
1.577264762378733920e+01 -1.611554945263516103e+01
1.200996308556332792e+01 -5.869839085231447484e+00
1.247350232648101453e+01 -8.422934472603477829e+00
1.505989462394128253e+01 -3.019991850409548917e+01
1.992778735937296375e+01 -1.912344884726391570e+01
2.345767067661115135e+01 -2.118320923008326773e+01
8.849420533682454959e-01 -1.500510035112804985e+01
1.909687679963486673e+01 -1.473751658937677078e+01
1.977052108049397816e+01 -1.163000587440030920e+01
-2.755507860735579939e+01 -1.232154689865971520e+01
1.799776990258020248e+01 -1.090796276187051461e+01
1.152942743920839419e+01 -1.375787521782810963e+01
2.487606864565726283e+01 -9.542698649777950237e+00
-9.692225346965988919e+00 -1.511109755662723053e+01
2.346176394487288874e+01 -1.287724915695130790e+01
1.843127871634459680e+01 -1.371119490324932855e+01
4.810915637333770256e+00 -1.976479747128175291e+01
6.050141925766859607e+00 -1.836392222910251704e+01
-8.679981963231020448e-01 4.483663043226547629e+00
9.500491336321605473e+00 -8.954073856343615745e+00
-3.407415418001515661e+01 -3.470097571655828972e+01
-1.131794914131100072e+01 -1.604855235912026501e+01
1.419238596530183294e+01 -1.889660941423397844e+01
6.274734579607978091e+00 -2.147739664417590433e+01
-3.735686839879168275e+01 -3.832017221735875268e+01
2.052373773456808692e+01 -1.773469895803674135e+01
1.382219812672859405e+01 -1.429985054579579540e+01
2.527327514584368018e+01 -1.104498566561793638e+01
1.925903360841445888e+01 -1.932985688762632748e+01
6.520974368543422273e+00 -1.494152135276164017e+01
1.858851777615026180e+01 -1.502971776682635863e+01
-1.440561999154954265e+01 -2.082922440442114009e+01
1.856865344359817982e+01 -6.993726310806048119e+00
1.766457945602363822e+01 -1.501550153664024378e+01
-1.539887648409447429e+01 -1.073708055730022259e+01
9.105122967336917839e+00 -1.442133725761012464e+01
3.578422062520506319e+00 -1.114317388912051321e+01
1.645635115594542341e+01 -2.164605547682202769e+01
-3.186867926525081884e+01 -3.361485838868615872e+01
-1.223222610432974911e+01 -9.896996284077559380e+00
1.206131392214679909e+00 -1.191706235442715389e+01
1.532687275289313078e+01 -1.237214404624766395e+01
2.815857066088192084e+00 -1.587540860785828301e+01
1.413074467264706335e+01 -1.636074778303476052e+01
1.151364777387395577e+01 -2.236262815194849907e+01
9.442779149778338876e+00 -1.645213795438770887e+01
8.582137783983764479e+00 -2.140254129173720798e+01
2.325089047530155639e+01 -2.294529691514180669e+01
1.923960231763087592e+01 -1.709413543479685416e+01
2.112067853950157925e+01 -1.230980848498025892e+01
2.310556355247026517e+01 -2.893592652078115002e+00
-1.180657408346899828e+01 -1.522792984974850583e+01
2.617886032350477166e+01 -1.414381304715321264e+01
1.387475774956939212e+01 -1.041601858031850725e+01
1.446680908582766456e+01 -2.343768130381645065e+01
2.276813799935464999e+01 -1.716988604406881080e+01
1.798895388946331053e+01 -2.461289306081562955e+01
3.148136122238983425e+00 -1.328671039635869100e+01
1.303958815088397571e+01 -1.016284541172864309e+01
1.025940012159216330e+01 -1.138160409127076456e+01
-2.722195376082790119e+01 -1.107955949087898695e+01
-3.070915519052298137e+01 -1.397469399459610351e+00
-4.722263652404294021e+01 -3.252900458001714412e+01
-2.602565657763354778e+01 -5.504315916662831931e+00
-2.638700104796862789e+01 -1.998651214262779874e+01
-2.419946199731598568e+01 -1.573615095641895145e+01
-3.341194649384962645e+01 -2.750161704368128568e+01
-3.234436435346007244e+01 -1.436691922305281999e+01
-3.303329709562859762e+01 -2.592333139051662982e+01
-3.898650841207471274e+01 -3.454032304363645522e+01
-4.586166666791741875e+01 -8.794448711322365497e+00
-3.827861720387747368e+01 -1.786466906529860310e+01
-1.664713599000238986e+01 -1.639829194039223381e+01
-4.028339148764480626e+01 -1.658810499235064739e+01
-2.351859308264456416e+01 -6.353841245611834943e+00
-4.147356137572750612e+01 -3.449751377336175295e+01
-3.148648790098250672e+01 -3.030522216570280492e+01
-2.313079614045171439e+01 -1.357319440584016412e+01
-1.803264806684009258e+01 -5.383199685698397907e+00
-2.412753890063610385e+01 -1.157887812527164684e+01
-2.276341614268995528e+01 -7.969254173923328466e+00
-1.885322078730708384e+01 -2.892219016982476631e+00
-3.085527792024029736e+01 -1.913447372967544524e+01
-4.350198690933997625e+01 -1.577644588273616222e+01
-5.101249947160196996e+01 -1.413180746704491320e+01
-5.602544982413346730e+01 -2.884175294819281277e+01
-4.699392153866044453e+01 -3.805344500783451878e+01
-5.173578935725378614e+01 -2.771738788847245871e+01
-1.765052378886204920e+01 -8.377105472654339025e+00
-4.125535884678252785e+01 -4.027476663785714095e+01
-3.349573691463923808e+01 -8.095117150105231474e+00
-3.327507766748301954e+00 -1.261474761627512642e+01
-4.336161894495042191e+01 -8.561593391430905697e+00
-2.176009174701663795e+01 -1.178432765823165163e+01
-2.900253300828078196e+01 -3.128389665361725847e+01
-1.870524387591075666e+01 3.485211184791112693e+00
-3.926196428264550775e+01 -2.692410655643853801e+01
-2.641481330058956800e+01 -1.434445213440003819e+01
-1.486592568727261821e+01 -1.564658597561333764e+01
-3.752017926901842060e+01 -2.927796624541510084e+01
-1.495735510350853659e+01 -1.014369755702788822e+01
-3.633243542243720015e+01 -2.407877496158901565e+01
-5.026657326945132809e+01 -2.626644792286421648e+01
-5.359318800682903827e+01 -1.222700302576124720e+01
-4.553175667943146721e+01 -1.851708320635593807e+01
-4.567609024711255472e+01 -2.539186647992811530e+01
-4.338985130084265052e+01 -3.637409138258907859e+01
-2.023524435441980529e+01 -4.352287695812020907e+00
-3.594299654378012576e+01 -3.709083198547439952e+00
-1.108808680867969976e+01 -1.823492974240414455e+01
-3.659964963775327362e+01 -3.176186264281676230e+01
-2.624146397349892368e+01 -2.496721818701890072e+01
8.110802363462582321e+00 6.099195392661086679e+00
-1.408307919957794496e+01 -8.276365536578083493e+00
-3.298371358572966727e+01 -4.587036344193875514e+00
-2.847352808803454138e+01 -2.141117138425023825e+01
-2.474721558195748372e+01 -7.226063715683110900e+00
-3.827628184439595316e+01 -3.197494397593387561e+01
-6.279560121563237729e+00 -1.965830917851450010e+01
-3.856804662899192238e+01 -2.022597498798569760e+01
-4.806587111014888336e+01 -3.434906794668800245e+01
-3.092288715630173357e+01 -3.425575847425373244e+00
-4.515534844817357651e+01 -3.171172791638716149e+01
-3.868196931662605209e+01 -5.462696610243125583e+00
-4.621453567587423805e+01 -1.895492504599085493e+01
-1.694630728840320444e+01 -2.477850073964426514e+01
-4.797871263596278624e+01 -1.024028150330434528e+01
-5.243508104634823752e+01 -2.012058096216566128e+01
-4.379603864555957671e+01 -2.421427848244709935e+01
-3.584732687129414330e+01 -1.071566482331249048e+01
-5.047279074723009273e+01 -1.422391492618958075e+01
-4.871823641608201427e+01 -1.282945503479678351e+01
-4.839904515870814805e+01 -3.228993936248307506e+01
-4.335732520358042308e+01 -2.075571234734138315e+01
-8.913251986479973965e+00 -1.280608879200016403e+01
-1.729029286710844460e+01 -1.353813832233838221e+00
-3.458405063141800184e+01 -1.659222794595009987e+01
-5.026482031634303382e+01 -3.186679425487261241e+01
-1.565031050151243441e+01 4.532832353715523510e+00
-5.429925758561768845e+01 -2.180226835975863153e+01
-4.282791509221485171e+01 -3.045870454563268837e+01
-4.246670173859111230e+01 -1.106315528195515618e+01
-3.988585957204435317e+01 -3.066687188096808825e+01
-3.206625428665268629e+01 -2.191316786679693962e+01
-1.977945503315890008e+01 1.950344979106446885e+00
-3.072761964987821059e+01 -2.839578554533213151e+01
-3.836075453406500912e+01 -1.170971911231172413e+01
-4.833341159648074381e+01 -3.013249183905650241e+01
-4.533622521323844268e+01 -4.255733938404357986e+01
-1.830524571812145851e+01 -1.950975279778937477e+01
-7.749797208722521979e+00 -1.717378768579656523e+01
-4.289797678051917984e+01 -3.682624904971380886e+01
-3.683829948781750119e+01 -3.010708760277506357e+01
-4.158976863758698528e+01 -1.741149102166946250e+01
-1.970246812604473163e+01 -6.123987571071538127e+00
-4.247860815151344127e+01 -1.599179751921865389e+01
-3.951093685788001864e+01 -2.191704492391430037e+01
-4.750818353172281405e+01 -2.755045185199434599e+01
-3.242512903183538953e+01 -3.667905513226505576e+01
-5.120237149324817949e+01 -2.676095185179399039e+01
-3.827846006101585630e+01 -8.423819798362760736e+00
-2.739135406045423693e+01 -7.203322679841392961e+00
-2.918077971787705138e+01 -2.096998659504169638e+01
-5.319352270704455776e+01 -1.883087271258008499e+01
-4.733991027117196637e+01 -2.927438318998431299e+01
-2.761513317764548248e+01 -1.807079393274309354e+01
-1.300680909641991789e+01 8.189543452593024409e-01
-3.789570532788793855e+01 -4.233644806265036920e+01
-4.970306000596964680e+01 -3.662820869021553705e+01
-1.508743066897999441e+01 -6.162827490307293488e+00
-2.501996397234820080e+01 -2.140811372736399676e+01
-3.910246739821013762e+01 -1.330678583473993726e+01
-3.714674840642634024e+01 -1.389686218943483631e+01
-4.979101327410653255e+01 5.900663702082247219e-01
-4.062632644995026254e+01 -1.177418367248419528e+01
-3.883513124968012420e+01 -2.528365022688725716e+01
-1.836540949322795058e+01 -1.877349956185365087e+01
-2.694457556438607782e+01 -1.752121353447057572e+01
-2.001405928607346851e+01 -1.086356824818916778e+01
-3.661348435870456086e+01 -1.367149396385773130e+01
-3.774272747739709644e+01 -4.165134417319771742e+00
-1.417289571426786132e+01 -4.717221305360659755e+00
-3.523448457156533209e+01 -2.229893751400360813e+01
-3.791908897272297452e+01 -2.920497340709889400e+01
-2.893347286350260106e+01 -4.994206040338928787e+00
-3.221789366018556677e+01 -2.380240282827361753e+01
-2.080140218776191219e+01 -9.126341686551805665e+00
-1.054294611960441230e+01 -1.173268131718421259e+01
-5.266327289986444526e+01 -3.785613323679442033e+01
-8.972831252859496232e+00 1.958601550396797819e+01
-2.640117992331071761e+01 -9.751665721347478666e+00
-4.914080994217530929e+01 -3.226252440726886306e+01
-4.685128884346410416e+01 -1.615650928838976341e+01
-3.666368298290069561e+01 -3.286231759212619608e+01
-3.568658983020494446e+01 -5.971713541924556168e+00
-2.497578601207819204e+01 -1.320736248705234672e+01
-1.625524471504675006e+01 -2.110157102175595512e+01
-2.487917681986172802e+00 -1.742478615342005455e+01
-4.498150953824267617e+01 -2.638143317466097315e+01
-4.429838476339982289e-01 -1.621220817395083102e+01
-1.482011067210147104e+01 2.028904161949704577e+00
-5.143318411611202379e+01 -2.157352051960791783e+01
-1.938528188578974110e+01 -8.047465983268685008e+00
-2.767776784369577570e+01 -2.984674792682669064e+01
-2.922125192534523919e+01 -9.203208464989060644e+00
-4.898609634062322016e+01 -2.330104836500737520e+01
-4.677948659829137057e+01 -2.255364093115667146e+01
-2.574473538724344479e+01 -1.170722186217482808e+01
-9.867454512900117436e+00 3.340651309317136608e+00
-1.426729654115981027e+01 -5.292745985577133050e-01
-2.289489649971962137e+01 -8.673078986519614508e-01
-4.795278619432293965e+01 -1.937025754217226137e+01
-3.228566990950496063e+01 -6.304763657906868879e+00
-4.935753258529667420e+01 -1.912830540823021508e+01
-4.480331696600812563e+01 -1.138773280418406308e+01
-2.412745149579660975e+01 -1.785370886621824127e+01
-5.378961024943217950e+01 -2.475835386860114795e+01
-3.532801757727220604e+01 -1.499262655239243713e+01
-2.205183168388498771e+01 -4.619936003920304124e+00
-4.033001893283834960e+01 -3.440059921160410283e+01
-2.972180538830712848e+01 -2.540116222939031587e+01
-3.736835724019177007e+01 -5.730895377365023968e+00
-4.187497839652484899e+00 -1.398693784104096416e+01
5.292980224433132541e+00 -1.746374316060132870e+01
-4.612311104743083945e+01 -2.541681579846762418e+01
-1.625433459892077659e+00 -1.445249037805396597e+01
-2.126146610109767110e+01 -7.258192596187375223e+00
-5.907658446429107357e+01 -1.541713953712456231e+01
-2.812932335079340973e+01 -9.421345003977915411e+00
-1.745403145539563283e+01 1.036645769250029714e+00
-3.022969875348011826e+01 -5.821772941520679367e+00
-2.765763602112183861e+01 -2.316459826811279754e+01
-1.294650301255991209e+01 -7.255400170341815169e+00
-3.316103187331629698e+01 -3.170229567322263975e+01
-4.195277285142856982e+01 -1.544942033470802123e+01
-4.072201162066782132e+01 -7.654343030251117952e+00
-1.169171462456507449e+01 -2.074485918530331219e+01
3.576099575585043322e+00 -9.479773419775838761e+00
-2.977463799224279484e+01 -1.443382256805022479e+01
-4.118792756710778491e+01 -1.828914020317209221e+01
-4.126413773295755760e+01 -3.143932358574457453e+01
-3.790665987201786891e+01 -3.000889537919653804e+01
-4.522704630052995611e+01 -2.608670561163978974e+01
-9.143086726466334468e+00 -1.423417614974700385e+01
-3.889972183277361495e+01 -2.806056658155208083e+01
-2.291551751826521155e+01 -9.652058405285044884e+00
-4.501832830383548156e+01 -2.644931187563722830e+01
-4.163965787689785003e+01 -2.393762958727540635e+01
-3.693887165999753819e+01 -2.613552595442547855e+01
-4.000509198048376192e+01 -1.119137673032120261e+01
-2.175218971201592311e+01 -2.890848005897198369e+00
-5.013040237163378521e+01 -2.908890327491218386e+01
8.255303683375739610e+00 2.736931796419117902e+01
1.154040042054797688e+01 1.025540704709265150e+01
1.512588869026610494e+00 1.527692884525523631e+01
1.057644655629045616e+01 1.091042330251821113e+01
7.844859908942952487e+00 7.895329116803306846e+00
-1.465943429650657936e+00 1.985856353230471427e+01
5.841934988662570660e+00 2.438195909117273885e+01
7.109422604717432037e+00 1.719044381855727721e+01
2.626477627255314307e+00 2.402614330422492372e+01
2.586384258450802776e+00 2.360829339719002462e+01
-9.686163860020371441e-01 8.748106529225310624e+00
8.363582805446025503e+00 2.344330259917042625e+01
-6.852845408523581483e+00 2.489329012061637059e+01
1.053136511403138442e+01 1.217914247398157990e+01
-3.070394077879464945e+00 2.373736674015312431e+01
-1.346205795462190480e+01 5.787085908123146716e+00
-1.882743423012200878e+01 1.303839727215015676e-01
-1.156041798133336762e+01 1.108784445309058242e+01
-1.044270674220729589e+01 5.036312805792478642e+00
8.156698611805682120e+00 1.710289641870522104e+01
1.193402584532563893e+01 1.245609957508862209e+01
-1.011525765119460551e+01 2.224122571200658882e+01
7.612823860060132120e+00 1.947627439071217736e+01
6.265723065600160346e+00 2.179141546129921281e+01
3.320218548106790291e+00 2.139674841962470708e+01
-8.455540224675011096e-01 1.233875872595335643e+01
-1.131394292324745621e+01 6.805192121859665377e+00
-1.102540543358574077e+01 1.064669871471572904e+01
2.932195779753019593e+00 1.668014296477959135e+01
4.671667447435635445e+00 9.917448038188243942e+00
-2.227589186835679769e+01 2.872681712254039343e+00
1.162145922275899323e+01 1.984301654605240017e+01
-1.216184750744666943e+01 4.781811466322998250e+00
-1.510002974535242348e+00 1.793320262744704507e+01
-2.876903887755499412e+01 -2.736918696701942988e+00
6.222493383898854979e+00 1.193169965853230607e+01
-1.110690952067475834e+01 7.375514791842132212e+00
6.460983953011435688e+00 5.968736157143133880e+00
-1.500083304355683467e+01 -3.073353525654562990e+00
-1.383707729445044698e+01 3.495567025599116473e+00
1.057977482633406829e+01 2.155285170562752484e+01
-2.371921454240602856e+01 -2.784379150743907516e+00
8.587753213136807062e+00 1.704316031165847889e+01
-2.877801220096654955e+00 1.236880787356981948e+01
-6.826190397211068017e+00 1.012640894413663339e+01
9.620079679832782560e-02 1.681398175245256965e+01
3.968446571451170080e+00 1.548858991846203104e+01
-6.167603287681352242e+00 1.544951948095851613e+01
-1.588285625064041717e+01 2.826600935441249129e-01
-1.670125817759485898e+01 2.636970276313109540e+00
-8.267524078175769731e-01 2.904878592663836656e+01
7.147088571951487168e+00 2.291620926534658409e+01
-2.613435140745054674e+00 1.352115226723742758e+01
-8.709584893656701965e+00 1.687706593731755333e+01
-5.766203670455338326e+00 3.679215972134138646e+00
-5.272434163282296860e-01 2.212668770508515337e+01
-1.189246385743467194e+01 2.698310695733595832e+00
4.506291917382699630e+00 2.170607010294502004e+01
3.801388880025522887e+00 1.639032707028610147e+01
-2.096751435511152195e+01 2.181024134353655719e-01
-2.731314720021120124e+01 -3.722712728782257674e+00
1.262196065728855565e-01 9.507932381877665762e+00
-7.040207198539888189e+00 6.249027809485648177e+00
1.293914568812013677e+01 1.426423902434166990e+01
-4.722087595745840360e+00 -3.214012346315699098e+00
1.134004322057215397e+01 2.418627241584107779e+01
-8.266818564190300478e+00 1.425100867343011579e+01
2.872331789512034828e+00 1.468921032112742608e+01
-6.612688810899276959e+00 1.095961300159008189e+01
2.919021762866281122e+00 1.976022601752620034e+01
1.416538024790776173e+00 1.942135648439110440e+01
-4.559360367480309151e+00 9.106361407746417669e+00
-8.934975812242164750e+00 8.809995581460899672e+00
-1.994086385222791691e+01 -1.349434633669786887e+00
1.387486449391438370e+01 1.707343749149102408e+01
-3.622028543002339518e+01 -1.665901607074521706e+01
6.008713567391959387e+00 1.452162319545750613e+01
-8.263749100376823975e+00 5.285185828146197196e+00
-2.451586249899380832e+01 1.834033128577052807e+00
7.968945340096811769e+00 2.267199396490488539e+01
5.380079339297947350e+00 2.378370872724932639e+01
-4.254497248465100689e+00 1.090572051134322429e+01
-2.270983244753655939e+01 1.566703447705288355e+00
6.291510214242455490e+00 2.888127047647315493e+01
-6.178216697373705379e+00 1.853688325626968947e+01
-1.015413148173984403e+01 1.199960228294199105e+01
8.519537420177283327e-01 1.627686512184703815e+01
4.213401808773117985e+00 1.955693441505853158e+01
1.484604340445889292e+00 2.397980175442979345e+01
1.742833627552934139e+00 1.767432429683022832e+01
-3.291573459931630907e+01 -2.807256396782566110e+00
8.927460688155118618e+00 8.553346442440158626e+00
2.345180030371451174e+00 7.815057223780284446e+00
-6.797696256783874347e+00 1.500373733941472487e+01
2.929527437109062493e+00 2.495185326029330142e+01
4.546491664931835430e+00 2.614476483655716166e+01
