-1.310267325941493866e+01 -1.543906354946535586e+01
6.241768897961915696e-01 -1.137228066961216655e+01
-1.056167594760781148e+00 -1.475061434052250675e+01
-1.013425318725520219e+00 -1.519211720201394655e+01
-1.931493341800331720e+00 -7.328134847914816952e+00
2.425616349826574536e-01 -8.794271016731418200e+00
3.121809982539222261e+00 -4.312426597737957223e+00
-4.575117684528101414e+00 -4.466555789525375353e+00
-1.226335435538585372e+01 -8.845676629519992673e+00
-3.161025907392151502e-01 -1.783279054327433144e+01
-1.328754983035321935e+01 -1.003357714024327230e+01
-5.705837360732998853e+00 -1.614882876559910230e+01
-8.229866337511055008e+00 -7.180736804925501815e+00
-1.410919184058625753e+01 -1.116754942398890904e+01
-1.252523091049368809e+01 -1.203471462527914859e+01
-2.250495962957524299e+00 -1.188795223716890526e+01
1.472182106406071611e+00 -1.356648562420579829e+01
-1.835449989363621803e+00 -1.935317846661943975e+01
-1.215776872254948060e+01 -1.510889099015067316e+01
-6.680408741728584232e+00 -1.203398653372191518e+01
-7.278206862676189104e+00 -1.654744133261169736e+01
-4.604520134738801396e+00 -1.099718114929644486e+01
-5.079453898021459857e+00 -1.863027045719756813e+01
-9.526981435920882646e+00 -1.424429936681363351e+01
-1.229044791267904557e+01 -1.344885998550208761e+01
-5.574286285670786434e+00 -7.337489047438880974e+00
-1.191110038992802167e+01 -1.046708748499169950e+01
-1.094445622801435292e+01 -1.033039480633147100e+01
-6.977059593451814479e+00 -1.626862932615199497e+01
3.519766918112497311e+00 -5.475084949789812860e+00
-4.604422451636533076e+00 -1.786145866107543156e+01
2.456131296736212555e-01 -1.859904915715799234e+01
-9.189976574069474324e+00 -1.316103417853220670e+01
-1.518480016566288882e+01 -1.524538295961216861e+01
3.042519104221790283e-01 -3.138038392515966724e+00
-1.130036977006499743e+00 -1.614710580795446759e+01
-4.656856902479495020e+00 -4.515888550613012420e+00
4.666800408627827350e-03 -1.383526797928539409e+01
1.988632051467127626e+00 -1.449074483449460971e+01
-8.433054955181058521e-01 -1.101653540906363382e+01
2.757260199664268718e+00 -3.683738723672830506e+00
-5.088476068152421483e+00 -8.199756142920914925e+00
-1.136438542931603912e+01 -1.603385785717416923e+01
-1.275356407164199624e+00 -1.742975332560779833e+01
-1.091752667654047393e+01 -7.751444774575516838e+00
-4.079648620937328829e+00 -4.148594172008993830e+00
-9.826750564255466003e+00 -2.064953857945874560e+01
1.644613715512519350e-02 -7.276003034939129144e+00
-9.832620081833017167e+00 -1.249569599139652176e+01
7.913487628597067891e-01 -9.806453099609623081e+00
2.652522950695620274e+00 -3.810750028296533198e+00
5.708351077370555915e-01 -1.523238407350605605e+01
-6.477448974514490310e+00 -1.230630452936759589e+01
-1.180434349853826070e+01 -1.311654254545658205e+01
-9.328621661976471913e+00 -1.522466178133496051e+01
-7.991793483470079451e+00 -1.768363207594705244e+01
-3.763563740072828789e+00 -1.759982833955396231e+01
-9.847566630398540966e+00 -1.374897905448646718e+01
-1.072261823736094577e+01 -8.850699522043258938e+00
-9.217684256761010886e+00 -6.270196587779063968e+00
-1.482430992869092856e+00 -1.330513987819153421e+01
-9.919778222425192027e+00 -9.949556137744826501e+00
-1.034101983619418519e+01 -1.315592435844354746e+01
1.106944371349030565e+00 -3.113777558014841684e+00
-8.182260514611364499e+00 -1.406550875005484968e+01
-1.119458580927383728e+01 -1.806461283808145879e+01
2.335688662959906736e+00 -9.746876926792893414e+00
-8.736064160669444689e+00 -5.336852670643139618e+00
-1.054975270266676013e+01 -1.075602088087779151e+01
4.319745249907415818e+00 -1.305016146888738859e+01
-4.499513774957937251e+00 -1.633787237424238370e+01
2.593658572197632961e-01 -1.615839513016948459e+01
-6.090418110556496956e-01 -1.973451735382935013e+01
1.781886902388746696e+00 -1.405204986129295186e+01
-9.103202185890891585e+00 -1.846800595386008936e+01
-2.218412477173748787e+00 -7.088946322964545743e+00
-1.361953824665333990e+01 -1.213502407331559674e+01
-5.671990304888393730e+00 -1.462767563173911256e+01
-1.022150250615149680e+01 -6.874314069350113243e+00
-1.134779562591245927e+01 -1.163182372278845556e+01
2.472701424226302347e+00 -1.333939192671314267e+01
-1.474896938844243000e+00 -1.382336065765622024e+01
-1.194896956131966093e+01 -1.502498099186295910e+01
-1.104036413367908764e+01 -1.448182199008305737e+01
-3.008077876681556795e+00 -8.052313889507548339e+00
-1.667960353610796087e+00 -1.303886469575912521e+01
-7.592233933707976945e+00 -8.587301747963783427e+00
-1.007393360000485316e+01 -1.345274342762401965e+01
-2.277934026796209821e+00 -2.056469135989066999e+01
-4.712468138534640971e+00 -1.148678743646843614e+01
-3.593217287496008883e-03 -1.905637982205314174e+01
-3.663266133646607692e+00 -9.791187996235601432e+00
-5.640978039718871351e+00 -1.433245997283303907e+01
1.715097303829947739e+00 -1.543161618580790417e+01
-2.526280695776741414e+00 -1.958451235940840718e+01
-7.083505807464927528e+00 -1.226634707714617711e+01
7.769192547401702065e-01 -6.109705825350257413e+00
-1.129851357121011901e+01 -1.166857692969060345e+01
-9.889161942945531081e+00 -1.484423656585912710e+01
-8.984563170636839402e+00 -7.004672924500659370e+00
-2.936778011899354279e+00 -1.695328150584285254e+01
-1.040970539501437564e+01 -8.697187563624419582e+00
-4.553358904043187216e+00 -8.757591530851545514e+00
-1.367801603850609737e+01 -1.337498760890397875e+01
-1.316625557925875967e+01 -1.132863068039218746e+01
-1.354591187650885509e+01 -9.668968093110754225e+00
-7.190778968617601130e+00 -1.097432902300777791e+01
-7.913979433241851602e+00 -1.359547372504536966e+01
-9.448581147652117096e+00 -1.209222509899093367e+01
-1.466519689000668480e-02 -9.778049996967805413e+00
-1.104899638312918420e+01 -1.078478380497325517e+01
-9.693427958723436433e+00 -2.056242272699461893e+01
2.223230103380003098e-01 -9.711791721294268598e+00
-6.297111636757469100e+00 -9.365574704869704448e+00
-6.095633599120765744e+00 -1.265369274827433266e+01
-8.201665919678076122e+00 -1.013291454622668297e+01
1.528036765175717182e+00 -1.113890168729684760e+01
-1.092035629330683832e+01 -1.289811287080916991e+01
-4.045021404776725227e+00 -1.860546964480688459e+01
-7.006479874039786893e+00 -2.058968384343871705e+01
-5.458719495911251052e+00 -9.313064509758618215e+00
-4.521990374033258320e+00 -7.605465099504506554e+00
-1.304905906568817286e+01 -1.260056924938849043e+01
-2.582421540784834324e+00 -6.678865694510201401e+00
1.273750765860573120e+00 -1.822968739161849072e+01
-6.826441892687036272e+00 -1.424447057128975125e+01
-7.396676647705270113e+00 -1.471563983387294883e+01
-5.735346413597976145e+00 -1.528266206536253868e+01
-8.992761856039580337e+00 -1.539423810307995666e+01
-8.606186307008059089e+00 -1.679426539681617214e+01
-8.356735843302068645e+00 -6.675751349467183182e+00
-5.749258637427938190e+00 -1.726828690011227252e+01
-7.000333622752860308e+00 -2.052627482059493502e+01
1.501577808793525426e+00 -1.057289139418026380e+01
-7.083260622264872630e+00 -1.869389296477801210e+01
-8.176025579580464608e+00 -1.638932752958882588e+01
-1.072319097160280288e+00 -1.867860600244678082e+01
-8.759350527951689003e+00 -1.819144842185625421e+01
-9.137138795032797134e+00 -1.154290300922258794e+01
-6.806550936357252946e-01 -1.284856747442278646e+01
-1.038276597067860685e+01 -1.366521690773818776e+01
-6.451381905384097948e+00 -1.288779628876720373e+01
1.217413581663994826e+00 -1.049215450914456937e+01
-1.013799424514841085e+01 -1.171827028092307721e+01
-4.159162757051904080e+00 -1.350266770651501602e+01
-5.550975603337316322e+00 -1.171764381572433322e+01
-6.738529595721110432e+00 -1.016244599509262159e+01
-9.133761787798137632e+00 -9.461869061479994514e+00
-6.666641422865017930e+00 -1.009885795330689007e+01
-1.505492526630928651e+01 -1.298523842373256620e+01
-1.126732859306119749e+01 -7.213809808869216411e+00
-1.150038496352612150e+01 -9.447254586471027338e+00
-1.459886686874535577e+01 -1.247614797079275206e+01
-2.540362392911492684e+00 -1.258086417896578446e+01
2.537612467724269294e+00 -1.438933552801318072e+01
1.599856182248242442e+00 -6.138728270145074717e+00
-6.995879511190270961e+00 -1.584916306905622996e+01
-6.360776623702863120e+00 -1.049757989097376054e+01
-3.982937421118875942e+00 -1.307279277849617038e+01
-1.206305434257884102e+01 -1.373823151225818684e+01
-3.971051734435594671e+00 -1.720852386670533463e+01
-9.206513257468522227e+00 -1.424842142338295226e+01
-1.000203705794449505e+01 -7.323744657723605833e+00
-1.167938460036595139e+01 -1.009037439713923767e+01
-5.231404256828647625e+00 -8.041344346282416566e+00
-1.045706490058305071e+01 -1.711878539748344963e+01
4.119400166941125652e-01 -1.539114699011208565e+01
-9.893993918619647943e+00 -8.340516682173522156e+00
-1.804226515452029611e+00 -1.519466220066587070e+01
-1.271759432295423586e+01 -1.693940403096109293e+01
-8.867859800286405303e+00 -7.880497809042013913e+00
-1.288638929860266957e+00 -6.263723136623977616e+00
-2.593594114393318328e-01 -1.052395678436221083e+01
9.937431699512249139e-01 -1.251915620212441560e+01
4.230037378683770832e+00 -1.288924849901418845e+01
1.712295975801673142e+00 -8.651329421440458134e+00
-8.011425330747904638e+00 -9.690134831041604002e+00
2.614722259003785521e+00 -1.170845284902071626e+01
-4.833031239577696425e+00 -1.503730909146809580e+01
2.133807758750439820e+00 -5.754995949994264670e+00
-6.487980238311228387e-01 -1.407812368977835149e+01
-5.809420131150587530e+00 -1.177859201362296382e+01
-1.030334889362846562e+00 -1.887084748414066837e+01
-4.507792482975479409e+00 -1.474011036882205516e+01
-5.645378670965903289e+00 -1.623976342302839981e+01
-1.764614883278120550e+00 -9.807630437079044583e+00
-9.452113129706054551e+00 -1.627421732008401989e+01
-1.011116947364959806e+01 -8.212613769738645431e+00
-5.174847857704486520e-01 -8.973950149453298053e+00
-7.432360680593362190e+00 -1.598885525102102889e+01
-1.403981177402084590e+01 -1.539158477765487376e+01
-1.137768378413667669e+01 -1.154019600494289577e+01
4.712349117802833831e+00 -1.039283224956312424e+01
-2.624754397660316041e+00 -1.374503117798260377e+01
-2.935752015359036182e+00 -1.255955774331459018e+01
-4.948705139731641722e+00 -9.632669468902589571e+00
-4.594427927429545200e+00 -1.576390424023624171e+01
-4.107189216201730275e+00 -4.165177465046149941e+00
3.109477684398580521e+00 -1.753881973660713101e+01
-1.118293669290314796e+01 -1.093863733760649914e+01
-3.230138756713784254e+00 -1.800972116352194163e+01
-8.911950815684120286e+00 -7.540663628098648097e+00
-1.043580631663810010e+01 -8.482473375550753758e+00
3.683195788814871974e-01 -1.125824833330660013e+01
-1.193100592720051267e+01 -1.390242417476984649e+01
-1.142328994496768679e+01 -1.388085823806874153e+01
9.844527615712997948e-01 -1.222500578877011357e+01
-8.791316962184591688e+00 -1.686033097796050839e+01
-9.273751959194983741e+00 -1.691017470473501305e+01
1.268006924313275663e+00 -3.540945108462142610e+00
4.720701762787260058e+00 -1.038411510587742370e+01
-2.189036209082153128e+00 -1.861140830019320092e+01
-3.282467036110466641e+00 -1.530499084826360878e+01
-6.788424728544669939e+00 -1.461210467924026091e+01
-1.413521981048303111e+01 -1.528808235376219216e+01
-7.641421747408552179e+00 -1.587499110249820866e+01
1.440458674169811770e+00 -3.915539262049390068e+00
9.965163504068504929e-01 -1.602481588226685716e+01
1.825816471328572055e+00 -6.988334325400256120e+00
2.193255954569390265e-01 -1.334321854437909138e+01
-1.282219028458831112e+01 -1.786959558561538586e+01
5.708477883051941149e-01 -1.965752501405102848e+01
-5.145308981501399259e+00 -1.263155422470857481e+01
-4.297346990071270412e+00 -1.996928249757198870e+01
-8.566509194760882906e+00 -1.555293098217753567e+01
-9.512134877727852711e+00 -1.094751261680023724e+01
3.251116646900942708e+00 -3.006072535655479605e+00
-9.328410294874190711e+00 -1.207797472580066866e+01
-1.193819496342523223e+01 -1.283959560956207469e+01
-6.507238204249432556e-01 -1.436350152793364110e+01
-7.241239277333588298e+00 -7.723952048824109795e+00
-9.832757401543625875e+00 -1.314784656426222398e+01
-1.224530649889212697e+01 -9.848233408405620892e+00
-5.703914337374706989e+00 -1.530542518285840536e+01
-7.362029354498188738e+00 -1.244686629926058075e+01
-3.099577354222125436e+00 -1.174828185983658457e+01
-4.241264597041220163e+00 -1.597240182064146552e+01
-7.003201812744024757e+00 -1.746311345902119072e+01
4.306643195185390627e-01 -1.523649912767930559e+01
7.907281241030603702e-01 -1.467087370012068526e+01
3.483089586988119990e+00 -5.460332117790740902e+00
1.341394235100592969e+00 -3.133420370898882812e+00
-7.036837607826562646e-01 -1.434268202571284156e+01
3.815121217433617318e+00 -7.470353140191672736e+00
2.887645046084893252e+01 5.032710390149005342e+00
2.187679697209180674e+01 -2.683065575957630600e+01
-7.846309725873303442e+00 2.618465645638436712e+01
1.016176042434830329e+01 1.433080984917796741e+01
2.033319061759417323e+01 -8.532793749426438978e+00
2.428195154978189763e+01 -2.963695754148313455e+01
-5.190856917529881542e+00 2.502469772537476445e+01
-4.187398112164334663e+00 2.365829652109665560e+01
-6.706469891485083323e+00 1.915238276253304761e+01
-8.320622058013910305e+00 1.709327737348614207e+01
2.351876359874295730e+01 -2.554996911407143756e+01
2.678009028109615386e+01 -1.696472329757175501e+01
2.544260456678966875e+01 1.819260803054790765e+00
-1.413595537818170733e+01 1.955315831322083397e+01
3.432423944317513076e-01 2.931269905523251396e+01
-1.664972807223292506e+01 1.901839327850185057e+01
2.842474300661711339e+01 1.426316796431114753e+01
2.510102597487650655e+01 -2.902156616718929882e+01
-1.356647791244144230e+01 1.668991862937905779e+01
-9.503431871602186831e+00 1.825332533001498092e+01
2.989237900697066053e+01 1.452542089318742313e+01
-6.975583371402192867e+00 2.453989787792319177e+01
-1.447595821763818336e+01 2.097310064746949010e+01
2.297994676573556205e+01 -2.652611338411197295e+01
-2.246785524229541053e+01 -1.635697551094997237e+01
-4.779441101393208768e+00 2.518994146906638676e+01
3.234442860332761427e+01 -2.027968854711452806e+01
2.545309348775484892e+01 1.398598942236164611e+01
-9.195142284409698163e+00 -2.590798075598832639e+01
2.718059261139491056e+01 -2.723341442838373538e+01
-1.260373130912692829e+01 2.001424714582071118e+01
2.481696248377425462e+01 -1.917289470506745985e+01
1.320442140507783435e+01 6.395108330189128054e+00
9.601777329723260035e-01 2.036350504915671777e+01
-1.326577310949672039e+01 1.821106963519716615e+01
-1.173983180297694950e+01 2.253392581311889131e+01
3.564477484542324248e+01 1.213463585576763215e+01
-9.743866734347179204e+00 2.291547663285844649e+01
3.534502544725205553e+01 1.180558653994744134e+01
-4.485751179782617726e+00 1.503135701792701262e+01
-5.989446983326287999e+00 2.519119444444710609e+01
1.817541581032731202e+01 -4.051824609345569428e+00
-6.780078877124608994e+00 2.539991425031088212e+01
2.133195796585293991e+01 -2.143132797886785923e+01
2.915317677283153586e+01 1.176114506654525904e+01
2.325353595029992348e+01 -2.765079498138005576e+01
-1.484210544077053662e+01 1.906569266813226449e+01
2.385266316702465161e+01 -2.484291824046423613e+01
2.639136206851958732e+01 -1.769122473243444205e+01
-1.292257937282989921e+01 2.758686274650028381e+01
3.244662585202783589e+01 1.144393891968518062e+01
2.751529135891505717e+01 -1.863522756522488422e+01
2.622730835146140649e+01 -1.880873488011668115e+01
2.246250659996363552e+01 -2.211358548364930954e+01
-2.118498588903136692e+00 2.198389995684630094e+01
2.203734527790293285e+01 -2.246772588257275061e+01
2.968451958502637567e+01 1.253848582424596181e+01
3.250300018548994530e+01 1.090108444604335780e+01
1.032957655648513473e+01 -1.111349887791830326e+01
3.380090486787283766e+01 1.140825750306134267e+01
3.173391705707179611e+01 1.177640227361230529e+01
-1.447372688798704843e+01 1.853989645916741225e+01
2.226326231915668785e+01 6.571845759692103606e+00
-9.589987275099025155e+00 2.344437049542045060e+01
-1.357801844161499183e+01 1.882258851891765872e+01
-6.606611467939976556e+00 2.517313005524354708e+01
-1.373816580101069285e+01 2.211283535850638060e+01
2.685563169043751586e+01 -2.418672243065025995e+01
2.635582902116541248e+01 -1.165619408253733802e+01
1.535461510537834151e+01 -6.105938174076156244e+00
2.476448479433053151e+01 -2.756623055637667719e+01
3.164752196205445145e+01 1.197583072360015422e+01
-7.482311391762165087e+00 2.039421722241437607e+01
-1.333033105076367519e+01 2.094445248940270687e+01
2.417101477594414760e+01 -2.287826014525750651e+01
-7.292462211051664589e+00 2.524722225494108585e+01
2.203733281783448561e+01 -2.246772201298033877e+01
3.419745048416423572e+01 7.035159782565376219e+00
2.777235790116004566e+01 1.236934440183257422e+01
2.462347564599840410e+01 -2.878649870040388237e+01
-1.495473987074507782e+01 1.543088305845297015e+01
2.832736105521392389e+01 1.097373450794841077e+01
-3.355956377706990956e+00 2.521047907759731999e+01
2.560008331513746782e+01 -2.321771933179632441e+01
-3.936938334681927998e+00 1.886644476520850944e+01
3.591630518624314305e+01 1.240227208649996449e+01
2.510413002236384017e+01 -2.967291371878364714e+01
-1.660433608711995035e+01 2.046742889216898931e+01
3.446628580465149838e+01 1.036060934006394696e+01
1.362632900545055925e+01 -1.854029928165800456e+01
-6.871560562581923826e+00 2.734732454814930236e+01
2.417042012324659339e+01 -2.861982097963846883e+01
3.492990596106369594e+01 1.303908566569451644e+01
7.142546150146275252e+00 2.628774667150923605e+01
2.871652065955583311e+01 -2.306474435110331811e+01
-5.163693327634763186e+00 2.256338461050414779e+01
-7.905354577539709382e+00 1.872686675245566690e+01
2.254488921531774892e+01 -1.775025777576177788e+01
-1.000808579108075769e+01 1.878577956764546997e+01
3.314534046639595743e+01 -1.950677968736838253e+01
-1.190265512453501806e+01 2.200550722744610965e+01
-1.213399277688376898e+01 2.060858454799685546e+01
3.273086379711124039e+01 -1.627468147935038445e+01
-1.392494746681720663e+01 1.895195285950242337e+01
1.432864913416492314e+01 -1.927605827874624467e+01
-1.574314650938195648e+01 1.920677701617727706e+01
-1.335058373063120385e+01 2.627862741808059610e+01
-4.998209373996122196e+00 1.370764824526383130e+01
-1.388621927090051855e+01 2.191854424742232510e+01
2.358705784527815652e+01 -2.864472105622543197e+01
-1.165358302733834606e+01 1.757982090228368222e+01
3.147599218375126284e+01 1.352531044735496124e+01
2.453561605172831506e+01 -1.904489105537584592e+01
2.659489960228344074e+01 -1.546201684940109189e+01
2.629453942263207722e+01 1.400252206954508338e+01
2.547557786170207450e+01 -2.842659566209314903e+01
2.452040439611476330e+01 -1.906405496260011034e+01
3.620173496279585379e+01 1.265684960313825513e+01
7.955191729995950034e+00 1.580417592321017750e+01
2.455459497317947637e+01 -2.665592177482167813e+01
3.263349394310041163e+01 1.163972511640426433e+01
-6.874956540074368405e+00 2.628840410711336162e+01
3.215501066056214086e+01 1.183435540486146742e+01
2.319779587179949942e+01 -1.840379744416542707e+01
2.750664891328134587e+01 -2.952100165825814315e+01
-8.587723644715117288e+00 1.589646148598937359e+01
-9.741099657476263829e+00 2.577076614148995048e+01
2.360237726292908889e+01 -1.865794846013789510e+01
2.977574541945273978e+01 9.429728089641926658e+00
-1.495932773016038375e+01 1.839093324390021422e+01
3.399604271349515727e+01 -1.950995816698388197e+01
-1.234829792400645410e+01 1.659391482049475997e+01
3.261748514077197569e+01 1.672583115114784746e+01
-1.911106370074833904e+01 2.118043239029402969e+01
2.126944901420837297e+01 -2.742386892593588854e+01
3.192812304279274116e+01 1.068954899313247253e+01
-1.387032201587779312e+01 1.828369276354763784e+01
1.968636526002928377e+01 -1.399864918793158353e+01
2.569856644734734630e+01 -1.404629005780274120e+01
-4.282122227389871583e+00 2.577889496251064116e+01
2.943323114506559079e+01 -2.326240178712344786e+00
-8.054597878543118483e+00 1.957959596817237369e+01
-5.590280106725198372e+00 2.466039145709702396e+01
3.335667877800133851e+01 8.394211718527516908e+00
-1.063844150160105961e+01 2.509163586417277259e+01
-1.917087382869403456e+01 1.471667553194219380e+01
3.127465450686949922e+01 9.485429572503987217e+00
2.236146043680740902e+01 -1.534671274793278961e+01
2.901895802575020866e+01 4.538016903828348880e+00
3.312394444776607116e+01 -1.953166190101157795e+01
3.204976845728636903e+01 -1.906939544186069924e+01
3.275497800100987433e+01 -1.670302851811219469e+01
3.306019390022781579e+01 -1.950516185483239084e+01
-1.925665910226152988e+01 -2.033740388163477419e+01
-5.313959478379593371e+00 2.637152316315108891e+01
2.507882156227051240e+01 -1.567178563161349381e+01
-1.249829167539043162e+01 1.571493826631699697e+01
-1.467377770352610433e+01 1.872185866721403968e+01
2.691201667254414787e+01 -2.609082786673073073e+01
3.304420886531929824e+01 1.192845222933506122e+01
-5.370420213333989778e+00 1.502035066590715395e+01
-1.490460698867737754e+01 1.607732865634231700e+01
-1.609268045705776373e+01 2.018886648134753514e+01
2.486524912341075755e+00 8.655504396652222709e+00
3.176849421723002820e+01 1.143216985273948616e+01
3.299409157674445936e+01 9.646787297790083926e+00
1.978058267602829545e+01 -1.390488516514756867e+01
2.287125538055034824e+01 -2.615496454345766253e+01
-7.891243714726807745e+00 1.966592018221542304e+01
-3.901422656460196592e+00 2.990278000209211129e+01
-5.669800257710543967e+00 2.484623264553809108e+01
-1.571997257340344589e+01 1.728957208045355287e+01
2.496550464431618721e+01 1.213696035279993879e+01
-7.837750623461596788e+00 2.479870210581303525e+01
-6.874836124288920658e+00 2.522783403835528304e+01
3.147483785364289588e+01 1.179832406174498516e+01
-1.453030692717356587e+01 2.218224293288869831e+01
3.198364059912676893e+01 -1.587288545792500827e+01
-1.582381392384831642e+01 1.816103087381916481e+01
1.957408589979034375e+01 -2.433304648628595501e+01
-1.451770243957635564e+01 1.952557262718843134e+01
2.257185980204243947e+01 3.893017699679064858e+00
-1.236454193423299408e+01 1.923610670560937308e+01
2.444315589561540136e+01 -1.903416290292202362e+01
6.022914840151554650e+00 6.353509982020157487e+00
2.415124324549293533e+01 -2.898183382668979746e+01
3.504844917572585672e+01 9.029996283713076721e+00
3.312301182896843699e+01 1.086204302011752887e+01
-6.103624586849975664e+00 2.504129947225964514e+01
1.183626584701806816e+00 2.078345150327905699e+01
-1.301541124977897468e+01 1.998796779519446076e+01
2.453978736180352271e+01 -1.903002502960791276e+01
2.502140658470024803e+01 -1.920295777225436140e+01
2.872181935882256809e+01 1.353803585272184939e+01
-1.348518730068519744e+01 1.943502484201327007e+01
-4.995221812679027096e+00 -2.963559182031418260e+01
1.726294763337945959e+00 2.060130506621428381e+01
-1.043321659361043174e+01 1.816429325228539327e+01
2.723322752790281243e+01 -2.191964143502594808e+01
2.395529826030218956e+01 -1.587427728432755991e+01
-1.430619258680965800e+01 1.929543986061779037e+01
2.495312118148310887e+01 -2.854489751352626570e+01
2.452799399227731314e+01 -1.985342697330632333e+01
9.056282882773896148e+00 6.474112222875220368e+00
3.011163373584785674e+01 1.533845630647174829e+01
2.857519900270014190e+01 8.591595290095817461e+00
1.535265499158136571e+01 -6.764966090602109183e+00
-4.043157829431264894e+00 1.715547719400023396e+01
3.204286310543900385e+01 1.116786821956329945e+01
-4.693937475215849808e+00 -2.533390913043190196e+01
-1.417661465681894484e+01 1.855081864823218751e+01
1.769721654225908125e+01 -1.962903451613323114e+01
-1.084131821746450619e+01 2.127382001579632842e+01
3.031002351298778663e+01 6.407510296713984310e+00
3.421735633469833715e+01 6.224634063626818481e+00
3.092152682884919557e+01 1.195109748895387547e+01
-9.475952240766078560e+00 2.550851695547734721e+01
2.412633160477690097e+01 -1.716605722444103321e+01
2.179814082759239824e+01 1.178549746751205696e+01
-1.400254539198967585e+01 1.946103954928010538e+01
3.186420554885271628e+01 1.257535101013131218e+01
2.182057284491463633e+01 -2.508295019973449769e+01
-1.347684577920013815e+01 2.038296111860530502e+01
3.210663225293283318e+01 9.447390006193158385e+00
2.208674535884786749e+01 1.184306932281395497e+01
-6.966919983216844692e+00 2.527410901916691088e+01
2.831417769266323603e+01 -6.698903681324354764e+00
2.461965651388969789e+01 -2.820451042199742986e+01
-1.138532758815980195e+01 1.969916555931123625e+01
4.505515099639127641e+01 1.261014559099271537e+01
-1.062748854456724246e+01 1.923020232101316651e+01
3.137550189750990626e+01 1.081385998654959124e+01
3.519218713142187482e+01 1.135099300223994767e+01
2.579650891216566677e+01 1.404450780307982249e+01
-8.264800831993554198e+00 2.210127880032146663e+01
2.663841690818623675e+01 -2.990626789807540575e+01
3.057209289033273691e+01 8.573298303072864002e+00
1.432879807998809873e+01 -1.927617294382032398e+01
-7.832703805450956125e+00 2.516042216315774382e+01
-5.708945847925925854e+00 2.487253960611014136e+01
2.782919946336730987e+01 9.502920746065100843e+00
-1.233403413295524587e+01 1.816628469789908706e+01
3.507906421226006444e+01 8.400593869593425467e+00
3.199710140622229915e+01 1.251329269269080768e+01
2.816434817270083002e+01 -2.573344358411948107e+01
3.263276557126172861e+01 -1.438138798214705361e+01
2.631056293077812924e+01 8.205741745367793882e+00
3.253203584022941186e+01 7.938287070134761869e+00
-8.904193863803602227e+00 2.434304185043300706e+01
2.848090609951420049e+01 -6.223899041255255504e+00
2.527234447440935838e+01 1.000711862357782245e+01
1.528152307530666754e+01 -6.830212926425058839e+00
3.418233570181484993e+01 6.362246110197348870e+00
3.238013850663124060e+01 1.190986238929944285e+01
2.678524020230657499e+01 -2.833599451647484457e+01
3.132798298888760158e+01 1.490558138868105686e+01
-1.573868508350187767e+01 1.261234300965506705e+01
-1.465760254338134594e+01 1.847952418981693867e+01
-1.034577609160091605e+01 1.634974596614102538e+01
-1.451761081003353659e+01 1.998205169281650839e+01
1.769722024280373418e+01 -1.962904101829477099e+01
-1.668255965427845666e+01 2.489088940615701162e+01
-8.912875650978946851e+00 2.965695007006153361e+01
-1.050196227864040033e+01 1.372472147493422767e+01
-1.062313456230923592e+01 1.389740492368555280e+01
2.500966313820251941e+01 -3.098666271526275295e+01
1.504539870697994530e+01 1.777441578545064260e+01
2.403051086432419936e+01 -2.935556281645092724e+01
2.532510722682277660e+01 -1.690003787317529671e+01
2.476016650676323039e+01 -2.913533096019432023e+01
-4.071588060804829823e+00 1.888000540892835488e+01
2.418349597521466166e+01 4.323543736121402858e+00
-1.192237960865346480e+01 2.198742040230860084e+01
2.192288876368765127e+00 1.788276418013569113e+01
3.426758264610509030e+01 7.225163113112420099e+00
3.189514239354041436e+01 1.099463410753483039e+01
1.440668947830111257e+01 -1.530527876985643587e+01
3.073987721387326388e+01 -2.035123837888368570e+01
2.301584756490810690e+01 -2.768604905549891626e+01
1.009607592392622522e+01 1.435217915694583901e+01
2.298879608152341802e+01 -2.658125631947165246e+01
3.071237436456062397e+01 6.805386221437339955e+00
-4.754402077329592302e+00 2.430461784856458252e+01
3.304332558548134813e+01 1.130080749323759903e+01
-5.070991651712648540e+00 1.530626780331052572e+01
2.248665768843284951e+01 -1.768661612099132086e+01
3.272791231074987905e+01 1.108697853619966089e+01
2.900630921182001032e+01 9.999589914178047323e+00
2.436501186834781407e+01 -9.691901448565223731e+00
1.046702088949863807e+01 -5.096198025780767971e+00
-1.052786307592523940e+01 1.646616064370567045e+01
-1.233764827584988844e+01 1.767531518733197515e+01
-8.842934364193896002e+00 2.399246235218444667e+01
-1.388189380449360755e+01 2.193130180172609656e+01
-1.134313597358513093e+01 2.414403295196477472e+01
2.218003479057989225e+01 -1.724917674372639809e+01
2.484180617270213176e+01 -1.900345710753446937e+01
2.598217080600427309e+01 -2.543959618952888491e+01
3.114244193967299168e+01 -2.181261129016443334e+01
3.192284463095788283e+01 1.136053099347052431e+01
-7.506404680336607349e+00 1.980293154424555624e+01
3.188167316201523604e+01 1.357175392395619973e+01
2.477894910435573905e+01 -2.916278551283190978e+01
2.018927216704504346e+01 -2.601063383910035753e+01
3.026488122601075759e+01 1.105955312936112733e+01
2.441101618370680271e+01 -2.964652549633828116e+01
2.973828782246340197e+01 1.422927777606881428e+01
3.236456645590166659e+01 1.186529057639738305e+01
-1.296195895153578093e+01 1.661825527639559397e+01
3.343659394276502894e+01 -1.601034469312116926e+01
3.377194003490097174e+01 7.731915731910899758e+00
-1.608968924402566003e+01 2.124718230100238259e+01
-1.219002559853058898e+01 1.468935109758153956e+01
2.327059883960400910e+01 -2.758523975176692744e+01
1.432866166398324381e+01 -1.927607099976233584e+01
2.770766456853546700e+01 -6.192043496754429555e+00
3.339151898186163692e+01 1.153915806629274776e+01
3.084615674791087514e+01 7.205544052595821647e+00
1.882071329848646357e+01 1.725767155211807236e+01
3.302470512634839395e+01 -1.966110512023174905e+01
2.559252387955735486e+01 -2.891680699674378019e+01
2.448395653747212108e+01 -1.965304817639663426e+01
3.102931415132859527e+01 1.121821456286454399e+01
3.078427145303173518e+01 1.243358056941263534e+01
1.203511844454121960e+00 2.130255314736427508e+01
2.982424908057318191e+01 1.058460594718922465e+01
2.844432255534897891e+01 -2.732572583858124560e+01
3.084291746754570696e+01 -1.884092831627246412e+01
-6.468649385666418894e+00 1.997951583017153965e+01
2.523290120185272301e+01 -1.882842493636813330e+01
-9.064721389914913274e+00 2.379301718646497577e+01
1.769676695076667272e+01 -1.962820061867634891e+01
2.887792011744087617e+01 5.023977737294784696e+00
-1.052723352177536853e+01 1.354472580120216030e+01
2.313933159596674116e+01 -2.649237065693180426e+01
2.478783152213701513e+01 -1.922841548628396779e+01
-1.467849873335185151e+01 1.827231049699388876e+01
-1.291385762037580420e+01 1.617987472692652062e+01
1.437791225296208886e+01 -1.574009635407936436e+01
2.570461034559325242e+01 8.589461104463982366e+00
3.381752533748407075e+01 5.425027111448336825e+00
-9.783788999690736787e+00 1.577718015347595859e+01
1.117016972451170265e+00 2.082878933683347356e+01
3.273135267833494311e+01 -1.627479184648354860e+01
2.388265030300733116e+01 -2.846358644028459040e+01
3.222275340983704695e+01 -2.242280507349580532e+01
2.446621701535428883e+01 -2.830434386057734741e+01
2.805252329401860578e+01 -2.836548898269145624e+01
2.438504872850412397e+01 -2.833192213280426230e+01
3.071953375653219709e+01 7.189019609586694948e+00
-7.862530910971521791e+00 1.965035728041428698e+01
2.563776674694812030e+01 -2.689116558282406899e+01
3.547563449809072722e+01 -1.649288011024531997e+01
-1.009508096279206413e+01 2.309983074627322353e+01
-1.171376184872972104e+01 2.190735552018753651e+01
-1.023349635216860776e+01 2.609746708029771156e+01
3.876727994765109209e+00 1.657296306310930945e+01
1.055136108460630240e+01 1.425811426720933461e+01
-1.479348225810204376e+01 -2.399566313087660063e+01
-1.021760554364084506e+01 2.009587476044110232e+01
-1.226510941140032429e+01 2.419203696580202489e+01
-1.404365756613265681e+01 1.879438824320236279e+01
3.019105860744275915e+01 1.425555529064180504e+01
3.293995164109496443e+01 -1.838923512987235398e+01
2.068154900335284196e+01 5.879142265614984986e+00
2.514231164141965635e+01 -2.594191220641460305e+01
-1.537488073057998506e+01 2.125068867539713580e+01
-1.650248643275498850e+01 1.951630694339677063e+01
2.222713375853801310e+01 -2.554069009326247652e+01
-7.913285147210544768e-01 1.412054275786380941e+01
2.053759306678154317e+01 -2.398006587101474185e+00
2.731072320581311885e+01 6.471218954893950048e+00
2.829721825896654508e+01 -1.706469628359204194e+01
2.833326551974304408e+01 1.232494750395274252e+01
-1.491026525355789190e+01 1.958512732019930880e+01
-1.417107498473239779e+01 1.745662073150689153e+01
-1.319489631054903889e+01 1.902773832662990117e+01
2.672433257690495978e+01 1.060859821649680157e+01
2.561319758942452651e+01 -2.931465433674729582e+01
3.280399801622591127e+01 -1.563485340335403784e+01
-1.004119934116965496e+01 2.596941328398205329e+01
-1.487894979515669469e+01 1.917641964692861833e+01
-1.332834062843164880e+01 2.239453040317054544e+01
3.235982260301700109e+01 1.117746783863416837e+01
2.802573647662811496e+01 5.764944549555862885e+00
2.293085814831832181e+01 -2.557329575554384249e+01
2.325022474281014340e+01 -2.748176185854557119e+01
2.283785957902494346e+01 -2.619242437214225561e+01
3.051384678685822749e+01 1.357396040588196229e+01
3.345120654273032557e+01 8.355761220840269843e+00
3.081906108070598904e+01 9.366826549908688904e+00
3.065287056739794380e+01 1.084292919929728605e+01
2.608059908405822824e+01 1.141115115531719226e+01
2.371072517175287331e+01 -2.933621059640656625e+01
2.348220120925397225e+01 -2.878142706806329443e+01
3.118319516746744213e+01 6.040535545649738935e+00
-1.370882726743814750e+01 1.878271598491146221e+01
2.548649631599721488e+01 -1.953283824118288692e+01
1.325812681034888030e+01 6.400545761957967983e+00
2.203574277724979424e+01 -2.246828607464024685e+01
3.385744563559843812e+01 9.967401549023339413e+00
2.689127911169118690e+01 1.292405541963929316e+01
2.397906111620712011e+01 -1.348123090783453648e+01
3.263354260776431204e+01 1.252687888322600607e+01
2.546521072688955201e+01 -1.785974327504488457e+01
2.522879948472853329e+01 -2.841466440097371660e+01
-2.654961271014253299e+01 -1.203050059513714665e+01
3.310129045681514981e+01 -1.952576852653932704e+01
-1.222362264105546537e+01 2.273108359651597254e+01
-1.107815088351543231e+01 1.939367629834662310e+01
1.432866338571303899e+01 -1.927606177222878614e+01
-2.507061933903341089e+00 2.432997829444086690e+01
-2.306501602049114918e+00 2.220219478675057800e+01
-1.581422844352323054e+01 1.243315441358416784e+01
3.037679321794900389e+01 -2.341918967271412200e+01
2.380102258586153852e+01 -2.943838152162661359e+01
2.944009829375238496e+01 -2.531435507206829527e+01
3.295069023797118035e+01 1.150142045460244056e+01
-1.413098054079143751e+01 2.012302373282734180e+01
1.432866116884283514e+01 -1.927607098519302298e+01
3.244537322872363916e+01 -2.017531858817796220e+01
3.850917674691383574e+00 1.486344343845200733e+01
2.610642546273347619e+01 -3.059624088638827288e+01
2.644051298332414035e+01 -2.834012953085210640e+01
2.901227716162398096e+01 4.546955643763297417e+00
2.902875915892713365e+01 1.290709798014118093e+01
3.294382392289774231e+01 1.358298228136978913e+01
3.186187209585319025e+01 -4.379912165596340223e+00
2.749687217179285881e+01 -1.364267026606804301e+01
-7.441698034613207113e+00 1.838491138448527451e+01
2.909535526608668832e+01 4.082398992402763938e+00
-1.477000306167861865e+01 1.973310710520375366e+01
-1.397142436821027367e+01 1.940928610559987177e+01
3.580181969597295222e+01 1.116403639987049523e+01
2.510871728380615231e+00 8.630984739277314688e+00
3.309663893874547824e+01 1.200246299095700664e+01
3.144239798030459809e+01 -2.174402720731749028e+01
3.979265639586913483e+00 1.543959090368197451e+01
-4.695201996135733857e+00 -2.934685009163223057e+01
2.633360617865322340e+01 -2.723058645629053132e+01
2.320316932134915788e+01 -1.838098797148269981e+01
3.448490570086939044e+01 1.040805759598969438e+01
2.458430782205757126e+01 -1.780163873466263880e+01
-1.920546190605355363e+01 1.472031877567501468e+01
-1.487692768611200123e+01 1.616450447549462055e+01
1.985633510607871344e+01 5.794406969769160476e+00
2.889001873556939515e+01 1.165701977515394105e+01
-8.174063072341624547e+00 2.467309560421459835e+01
3.499229892588480340e+01 1.093954505907427333e+01
3.202098547766548364e+01 -2.418666535981930110e+01
2.151440460191563631e+01 -2.269407799990028352e+01
3.540715841858420987e+01 -6.996048286099759039e+00
2.475873457430471447e+01 -2.954122706701341983e+01
3.175167892852053697e+01 1.495862651297894352e+01
2.505272876625421574e+01 -2.811606028011815894e+01
2.824143939533375303e+01 4.190064463335586353e+00
-2.084769150244608227e+01 -6.704204717819526316e+00
-4.095171263666218309e+00 2.676954380339283901e+00
-2.302710537037188132e+01 -9.184412482762050800e+00
-1.874532390836815665e+01 -2.914394963076576417e+00
-1.817090064149763151e+01 -7.137332765259482237e+00
-1.311959413738960656e+01 -2.834024238408268559e+00
-1.244814856506275902e+01 2.273109708010798702e+00
-1.435025726946334501e+01 -1.725974901027400588e-01
-1.592877773197764313e+01 9.722106000344508114e-01
-1.907816090952814747e+01 -7.082578903419487482e+00
-1.486124402979462644e+01 -6.081314960332850461e+00
-2.036828012488437878e+01 -4.675848398025887143e+00
-1.068867789343462960e+01 2.186064523982377050e+00
-1.724203156114008806e+01 -5.209903340729827192e+00
-2.223445926386921201e+01 -6.137048935931972871e+00
-4.108237963430330986e+00 5.064486991620525735e+00
-1.665304070959835414e+01 -7.219515497045875918e+00
-9.851591357341623834e+00 7.545207142394375843e+00
-1.313798617606070307e+00 2.963288935295850024e+00
-1.670259510127099034e+01 -8.351792170796544568e+00
-1.717846977881721671e+01 -5.167267645869953796e+00
-2.184282029765827460e+01 -5.204220063182209977e+00
-2.025597619160705065e+01 -7.363196032270243663e+00
-1.789811549516318578e+01 -6.096708800662223204e+00
-1.511247201846417099e+01 -3.881020016784772597e+00
-1.597538180188153589e+01 -4.024461317519428150e+00
-9.001528474042714834e+00 8.635487731071911366e-01
-1.663627937042937077e+01 -1.265104369868514489e+00
-2.134449569798310620e+01 -8.326640879683141705e+00
-1.745144058159350919e+01 -5.658761049309711133e+00
-1.358280582327170372e+01 1.394042552047886074e+00
-1.529510052793352237e+01 -2.787084332680698662e+00
-1.489004621531681671e+01 6.874326950696926231e-01
-1.809554961553413932e+01 1.002028188717190904e+00
-4.565964200214692070e+00 3.896160072939456320e-01
-2.021782787622762001e+01 -4.132785986229982278e+00
-1.599819956764276796e+01 3.550137925083651336e+00
-2.215492472285851733e+01 -1.112526491831473452e+00
-5.535098914146129978e+00 2.678039257977243626e+00
-1.249734592208872641e+01 5.490671809472128295e+00
-1.880097562554038859e+01 -1.034308735434158777e+01
-4.802055334946686571e+00 4.418490600868824281e+00
-2.441427660394961396e+00 4.990226559471293122e+00
-8.023406759437468949e+00 3.233548232788664656e+00
-2.107155282042187494e+01 -5.971924029868199035e+00
-1.347739957193140548e+01 2.328704714836097978e+00
-7.748360656515118627e+00 1.733661350996619221e+00
-1.804443082347523131e+01 -8.001573230892903510e+00
-5.104668296476222444e+00 2.958264497847448826e+00
-1.025735083562332761e+01 -3.228931297290412505e+00
-1.981810946780858274e+01 1.582258859373962157e+00
-7.716424003299662715e+00 3.711818430041805561e-01
-2.318686712256147331e+01 -6.673035566213011194e+00
-2.042747052972179134e+01 -2.984733764984971671e+00
-1.385624331162327039e+01 -2.777912803105094808e-01
-1.406628472056934420e+01 2.056761164077133275e-01
-3.664936348266833566e+00 3.836596656153647977e+00
-1.518530126847268669e+01 1.812857270203054538e+00
-6.517943331778316640e+00 1.983498659050887403e+00
-1.955018715225212134e+01 -3.672326647809694311e+00
-1.872952310807795229e+01 -9.718154463828360790e+00
-2.296019184739490626e+01 -4.235913222194194638e+00
-9.423023354475947855e+00 1.148539224886778953e+00
-6.859162025370157956e+00 -1.564867080220616602e+00
-2.076613693454705967e+01 -3.669340757557762345e+00
-1.357186857651361400e+01 -2.989563822500112877e+00
-2.149293643942616683e+01 1.733598686229864128e-01
-3.550229839849006641e+00 1.780370988345060024e+00
-1.847930924143656384e+01 -3.772638290435093467e+00
-1.204555394996720352e+01 1.912011941829240502e+00
-1.710265111992759657e+01 9.165332555017044469e-02
-1.789414124750272705e+01 6.333937214046694741e+00
-1.931991721699899500e+01 3.842942680209961992e+00
-8.634943274071723351e+00 -4.271850756270228477e-01
-1.381585311465919474e+01 -3.004192395787324443e+00
-1.499759714836424251e+01 -1.712550237346976090e+00
-6.453319388394325173e+00 3.886675437696228474e+00
-2.184210958262505642e+01 -8.199158073970080451e+00
-1.267577253262011006e+01 5.948127607116227011e-01
-1.726330784349817904e+01 -5.672959280411815186e+00
-1.991923084429144808e+01 -1.920552913458175581e+00
-1.874017923213763481e+01 -1.397334896294307294e+00
-7.407004241857754856e+00 2.628733771721680323e+00
-1.187467572515997460e+01 -4.353618194883930315e+00
-2.525849580627546942e+00 4.074899062441120101e+00
-1.420495566279404898e+01 -1.065718272900601782e-01
-2.139673668076320823e+01 -9.402819840992560074e+00
-2.006478536825567005e+01 -7.701541758058925602e+00
-1.238397460963156860e+01 3.763464442118488407e+00
-2.164530548483131511e+01 -6.481602883602510801e+00
-8.365973380588862085e+00 -2.777622546239664647e+00
-7.960095404397750762e+00 7.291529733903244770e-01
-1.523613950501817271e+01 -8.045524374500031550e-01
-1.274322833346715456e+01 3.885864504315367451e+00
-1.804068275868018034e+01 -4.934513223289684447e+00
-1.874193774595711304e+01 -9.584111199305638706e+00
-2.000601663054405321e+01 -5.863981897927361686e-02
-1.782234295038227145e+01 -4.792925027910469815e+00
-1.559434935747948181e+01 3.001044275367416581e-01
-1.225767924201196024e+01 -3.562300122218033938e+00
-2.330990426543983318e+01 -7.531689334593662188e+00
-1.275195245908541608e+01 -3.116307666783807662e+00
-1.632306823617345870e+01 2.737939227795124442e+00
-1.818077287001392506e+01 -5.286188027138745582e+00
-1.950992315195683702e+01 -4.305323200432646935e+00
-1.301652144831664693e+01 -2.477188383663563309e-01
-1.888958890695711190e+01 -6.243024310610092442e+00
-1.724398550032998401e+01 -3.160202550340199146e+00
-1.075396232811220365e+01 -4.669032729933527692e-01
-1.073535785388742347e+01 3.235146647628208694e-01
-1.526789868195542610e+01 -2.785727509533050483e+00
-1.648760689949450153e+01 -6.170191550012859238e+00
-2.106888608649137495e+01 -5.960042332342838201e+00
-1.677562222727864238e+01 1.398452993926971866e+00
-1.948799175268881001e+01 -4.032331557762885765e+00
-2.399313508632680225e+01 -1.504204816227150188e+00
-1.971360552708867431e+01 1.653638405550815316e+00
-1.697572047301356690e+01 -4.806951142208555794e+00
-1.435621020179646301e+01 4.478013606779854605e+00
-1.975869226249126243e+01 -2.836902611556800569e+00
-1.665946206746534486e+01 -1.495152994767871890e+00
-1.341026870510754776e+01 -4.207201829011351535e+00
-1.205338884610012329e+01 1.325778648568858742e+00
-7.866792924717606716e+00 3.755520736744627719e+00
-1.296260849777098301e+01 4.341715339420832542e+00
-7.922198135689352050e+00 1.803020740042123204e+00
-2.382246366831968132e+01 -4.685438283330126907e+00
-1.443231198112862046e+01 -4.417242032344946168e+00
-1.032472110769212215e+01 -1.989998543613117121e+00
-1.585956419213191460e+01 -2.242503497241399746e+00
-1.205781613690052545e+01 -1.609155586455285114e+00
-1.654085184643203732e+01 -6.113636494686459422e+00
-1.470656767062756387e+01 -3.582089718012606561e+00
-2.068499763007434566e+01 -1.134151998455548593e+00
-1.205145866376047437e+01 -1.659791839074910014e+00
-1.948997576205496074e+01 -3.955175519160103903e+00
-2.000176001323204389e+01 -7.707354663152526264e+00
-2.139356803813501884e+01 2.476251684133087050e+00
-2.476928102663751829e+01 -6.901963466177460482e+00
-1.134545752852448430e+01 -1.623814638569966773e+00
-1.392367333527715267e+01 3.280107350917467635e+00
-1.450551112093302564e+01 -3.788834337862893031e-01
-1.765866333280820299e+01 -3.116311227330063716e+00
-2.033900888938678619e+01 -7.847228969820048583e+00
-2.000391110290313890e+01 -7.704101417997744505e+00
-1.203075340444365793e+01 -1.611713772243642540e+00
-1.369931271745890378e+01 -1.805255876736941989e+00
-2.173154448687726870e+01 -4.008627531820510015e+00
-1.741608134273153397e+01 -5.405697210739996095e+00
-2.053575779291426784e+01 -4.723162024695332306e+00
-8.617316677793963819e+00 4.709356547784680380e+00
-5.159382832063859503e+00 2.813307868581079951e+00
-1.542559559305761319e+01 -2.757211832047397504e+00
-1.293830768033697609e+01 1.376458982982600388e+00
-1.742407909109164876e+01 -6.475289270192679858e+00
-2.081119095137547603e+01 -6.501863738237955381e+00
-1.417595951823121148e+01 -2.347092219809740476e-01
-1.958914209367528869e+01 -5.506929622946465486e+00
-1.427139860428237128e+01 3.897616904429724444e-02
-1.207051648283680123e+01 1.378312933355691827e+00
-2.089636019870916073e+01 -5.524826451693932938e+00
-1.574310631590794607e+01 2.151056750660145789e-01
-1.667041323019976318e+01 -2.827036409955488772e+00
-2.173503633302059157e+01 -2.623183442927385034e+00
-1.756148024869734314e+01 -7.229334955383197148e+00
-2.295937390985818993e+01 -7.687318983907822201e+00
-1.145737300332869602e+01 2.139400874191094981e-01
-7.848906258112976708e+00 2.909765458091441825e+00
-2.090860897535452878e+01 -2.229054910289919533e+00
-1.315746524874964329e+01 5.699986311760817381e-01
-1.569710200563923053e+01 -3.107984201848831507e+00
-1.149258316966633764e+01 3.887807526525686619e+00
-1.106027067646554229e+01 4.412595761865876653e+00
-1.017802450247259216e+01 3.463455755111759071e+00
-1.988819530138674097e+01 -3.832400107781976484e+00
-1.495998629234556709e+01 -2.941547549301999798e+00
-2.557823991246942263e+00 3.751736300923005807e+00
-1.427288760960519554e+01 4.345474424771825911e-02
-2.526339441635867988e+00 3.941885784495917644e+00
-1.893404838848520200e+01 -4.671200196486798184e+00
-1.955111355436034515e+01 -7.373378515886396478e+00
-8.037001725096084570e+00 8.268576297874516978e-01
-1.793516719750727617e+01 6.384147909820318212e+00
-1.887284338674378148e+01 -2.306163191337491369e+00
-3.719427585647964385e+00 3.868059398146696193e+00
-1.425971666675569871e+01 -2.192986608438765916e+00
-1.848956108350674299e+01 -4.702562931514315814e+00
-2.239275362056045537e+01 -2.404049736823354433e+00
-1.445356579323320645e+01 6.585254984821259150e+00
-1.161116668181909795e+01 -5.035019904025855864e-02
-2.282816933135374882e+01 -3.789236946670511585e+00
-2.423551265998224835e+01 -5.051357545933353066e+00
-1.267246066410716132e+01 3.917269462954908299e+00
-2.084189115218035582e+01 -6.655555447346927167e+00
-1.707786773826980919e+01 5.529490635327616310e+00
-9.833772533318356324e+00 7.563738040918715377e+00
-1.735524605669635179e+01 -1.548761685596753868e+00
-1.857491110792813771e+01 -2.460994493180258536e-01
-5.193217032789200438e+00 2.592628502476853836e+00
-1.564165780861999622e+01 -3.021857866848696172e+00
-1.640340628013525048e+01 -4.228597800709454901e+00
-1.588463946354613654e+01 -6.735720560150516789e+00
-2.182926305645214171e+01 -7.418271940161402789e+00
-1.890618887993366570e+01 -3.973137600483934051e+00
-1.203548878922615373e+01 -1.631982503328966994e+00
-1.444591540575429356e+01 1.347930767774081939e+00
-1.983354229225231791e+01 -8.776790827589506350e+00
-1.165561684158680933e+01 -2.638287588881301549e+00
-1.874722551168957141e+00 3.279459732790108717e+00
-1.901907392888749371e+01 -8.033245218156121581e+00
-1.110419078933089665e+01 1.464231611146278311e+00
-5.066438521235398618e+00 3.129459828397719967e+00
-2.114482901118253366e+01 -3.851463428522442278e+00
-2.100013282823507055e+01 -8.757843447646362023e+00
-1.068493553910981220e+01 6.051215925266355100e+00
-2.314781921999071912e+01 -2.351005951426926366e+00
-9.335389555801372197e+00 4.204737118531951090e+00
-1.754236521839797192e+01 3.753734076328689717e+00
-6.136040129929434706e+00 3.278032437566210100e-01
-1.616012529903604289e+01 -5.472193573152036805e+00
-3.486022053324472569e+00 4.083157245439900329e+00
-1.481632723976725252e+01 -6.120891388179898307e+00
-1.244221171042368113e+01 9.944197342270612028e-01
-5.517588923033893700e+00 1.801223017592618492e+00
