1.758901173760939499e-04 3.995083337829162344e-05
9.758124690735789440e-05 2.229240944942487384e-04
1.859178999806743648e-04 -9.704434179582867466e-05
9.477905879049349164e-05 -1.501429150143415685e-05
-1.000296137527947762e-05 4.097386612493474187e-05
1.469886919940569720e-05 1.447235705856290142e-04
7.593863746030955829e-05 1.223111254351449793e-05
4.437398391825660626e-05 3.336382340334582416e-05
1.489978615006418985e-04 -2.035082569637926077e-05
3.133464664207049878e-05 -8.495416159965423115e-05
-2.526214963982002879e-04 6.496777172177314473e-05
8.621925820788485149e-05 -7.385954409475553638e-05
2.258315619430293405e-04 -1.444038789719701932e-04
4.830681591591275587e-06 -1.858646365450220364e-05
1.528823932269130989e-04 1.463866591526504890e-04
1.567915387718042737e-05 3.781132019755765799e-05
