1.975948536263806773e+03 -3.923621225982577130e+02
-1.071075218415955277e+02 1.555717779531247800e+02
-2.108341258082050018e+01 -1.732252964592883870e+02
7.593467808560284915e+00 2.026614622988022916e+02
1.312986224099079209e+02 -1.539767785871839862e+02
-1.638692284125124615e+03 3.368842310646927558e+02
6.014534699025698217e+01 -7.865933650762499951e+01
-2.007767598945850978e+02 -2.679057492829761955e+01
-1.413910826216782368e+02 -1.299271023430262346e+02
1.079508179377593962e+02 1.237092326115286056e+02
1.672567351302633369e+02 4.432673755277492411e+00
-1.024584280686983817e+02 2.640219327416741990e+01
-4.570648545624911918e+01 -5.758487749202367922e+01
-1.789702221915006319e+01 8.904136287405960104e+01
-2.071979745463035840e+02 9.795249000259191519e+01
5.117338779929437464e+01 2.040874281792377332e+01
