5.141928819702348363e+01 -2.090946973787947982e+01
2.972611156466503246e+01 -1.539345734232148821e+01
3.835765787610230859e+01 -3.117279563166817624e+01
2.685594465001969411e+01 -1.628657026336258440e+01
2.022640402397833270e+01 -3.531238445775471035e+01
2.263702518289090548e+01 4.500806194744703781e+00
3.531048110932542983e+01 -2.102232902348047716e+01
3.259510968913620843e+01 -1.384227130449940901e+01
1.905798345579186659e+01 -1.493080187482039811e+01
1.511484482756869419e+01 -2.386169651624333099e+01
1.978624419867276174e+01 -1.826128859748135369e+01
3.182663513017688217e+01 -1.831719071227393769e+01
2.056271965689889925e+01 -2.079734073714556786e+01
3.805701135287107206e+01 -2.293923776326780484e+01
3.337516784962209471e+01 -2.883987372783118630e+01
3.127533389670052699e+01 -8.149729472010136533e+00
3.618913089013045692e+01 -1.557850815727571003e+01
3.986402526953255432e+01 -1.571698566411309628e+01
2.528296780898186569e+01 -3.040709954746394317e+01
2.468970016306244375e+01 -3.781470830398257732e+01
2.303546703631173642e+01 -2.490131210471500722e+01
4.341780797649558110e+01 -8.186121545352149198e+00
6.069932859295300354e+00 -1.383633907177255651e+01
4.313290571967499432e+01 -1.622363505589450483e+01
3.355953894486890476e+01 -1.063499646784078578e+01
-3.078607809324024913e+01 -2.383009778244835886e+01
2.538732924189385898e+01 -1.787566096244797453e+00
1.565049684102887717e+01 -1.611224960856486277e+01
2.453362813469101766e+01 -1.252528600526469305e+01
-4.343140857661046184e+00 -2.674192970939294156e+01
3.086328901256142743e+01 -2.275890855945790037e+01
2.427302301540457563e+01 -7.364985211817845823e+00
3.070080646260536028e+01 -3.292835940884135937e+01
2.075676785708867200e+01 -2.775646414231323433e+01
8.746389896028632371e-01 1.312116088341152320e+01
1.665072902902147334e+01 -1.075210136381229020e+01
-1.317369933112833280e+01 -5.572847467868334093e+01
-6.523303247531091920e+00 -2.208892370467651389e+01
2.703721973290545577e+01 -2.358185175009911561e+01
1.221498251809549274e+01 -3.127800291232284735e+01
-5.068656019313858963e+01 -6.281959580383366415e+01
5.266169561289459722e+01 -1.555161351619175392e+01
2.813390862413353943e+01 -2.549330793751392932e+01
4.462084217100630212e+01 -3.320434763966552794e+01
3.121714247974263756e+01 -1.100576244730986364e+00
1.266755706215872657e+01 -1.415530714240222743e+01
2.773974446262142379e+01 -7.054920714315305652e+00
-1.082249744844419048e+01 -2.389297059922175492e+01
3.547939884349219852e+01 -2.480375112988316388e+01
2.333926489654604808e+01 -2.645036265137733267e+01
-1.242899084917888608e+01 -1.461381672730923498e+01
1.580557691819102395e+01 -3.751251431433228589e+01
6.107380688115454426e+00 -5.348588991929316805e+00
3.183415602209509032e+01 -1.772200670195215011e+01
-1.061376069813478473e+01 -5.443702713695282824e+01
-4.347492669450796043e+00 -1.028346463419561196e+01
7.047146475896607143e+00 -1.887270934263148847e+00
3.172785344072366343e+01 -1.990843368421987591e+01
5.780658450529239545e+00 -1.134152458896474869e+01
2.241562400568969693e+01 -8.059524366345319990e+00
1.560713896193844086e+01 -3.130391781702653731e+01
2.782182265049294045e+01 -3.509743766396438502e+01
7.998580609504781336e+00 -2.218121182874771691e+01
3.961825326756197541e+01 -2.818610458598723945e+00
2.757499723660426838e+01 -1.096547666385393249e+01
2.847052969855926818e+01 -2.047502466652712272e+01
3.167562517939842337e+01 -4.374387273690991229e+00
-1.235341055774456898e+01 -2.079314420949725317e+01
4.054684424596771919e+01 -2.686824453953519765e+01
1.690299224169874748e+01 -1.929275270289536337e+01
1.012710440173093573e+01 -6.551478604772666969e+00
3.677233147529709356e+01 -1.338063063448644741e+01
3.726445881213124522e+01 -7.314289129425722180e+00
1.105808665645503908e+01 -9.891248819095142863e+00
2.876890990500207579e+01 -1.568773156035189764e+01
1.644725819603526418e+01 -4.328873817975097182e+00
-3.529080318240623626e+01 -2.670942758950797469e+01
-3.951777637117157127e+01 -8.425908298527449602e+00
-3.917625643950817960e+01 -6.645584267849477556e+01
-3.144690039495971234e+01 -1.343981399352082562e+01
-2.696209907259278182e+01 -3.284009184167042861e+01
-2.462847259765804608e+01 -2.747397112361021954e+01
-7.061468763315967578e+01 -7.649681296048858314e+01
-3.685632914026513873e+01 -2.383928384433682979e+01
-3.434059107402755728e+01 -5.095394855565854186e+01
-3.080205568508831604e+01 -5.928892571512424325e+01
-2.259603289701778905e+01 -6.816492891551583000e+01
-4.394922263902279980e+01 -3.287240785273796462e+01
-1.617839690260977648e+01 -2.544356882438319900e+01
-2.940760092058969732e+01 -5.604029569198052485e+01
-2.699798876753113319e+01 -1.313820883448396515e+01
-2.467261615323996438e+01 -5.575206840463616942e+01
-1.822952196358221499e+01 -5.598373674552426138e+01
-2.405394309893551963e+01 -2.390927467370759629e+01
-2.077548377380754729e+01 -8.424402742435480818e+00
-2.590149538065421453e+01 -2.128649031543140069e+01
-2.501815099105307283e+01 -1.520200868678417372e+01
-2.147340262625829510e+01 -5.408569185808335789e+00
-3.264587126498929592e+01 -3.280835935363774780e+01
-4.055079887596337329e+01 -5.116915769302020323e+01
-5.676134424110380650e+01 -4.243523387907766420e+01
-5.575970166566856534e+01 -5.889873081213005435e+01
-5.038922793996782445e+01 -6.517636883403292813e+01
-4.866921013529519513e+01 -5.977134511355004776e+01
-1.695177882095416422e+01 -1.355499623378207907e+01
-6.542950230426046687e+01 -4.094126956511385629e+01
-4.311126350815052888e+01 -2.462276987562812991e+01
7.108055372975029762e+00 -2.819507289086794799e+01
-5.230705277568592493e+01 -3.640379509788085954e+01
-2.094583800797418149e+01 -2.179074660627683002e+01
-1.352199106578735055e+01 -5.173157610305482734e+01
-2.466321564829808821e+01 3.744091830405556820e+00
-2.625921486012264339e+01 -7.127193045528331083e+01
-2.840719239024269882e+01 -2.629905479077222807e+01
-7.467231526943839626e+00 -3.135569867967929625e+01
-3.075965873069471712e+01 -5.559015801408857271e+01
-1.705505098900563610e+01 -4.302752030243203052e+01
-2.316496092141116847e+01 -5.584736432500380232e+01
-1.475545543943267290e+01 -7.229346849900936434e+01
-2.407371112019765746e+01 -5.239172697475342488e+01
-5.275522791621173013e+01 -5.199536983966677894e+01
-5.287989683648991246e+01 -6.387819726286424782e+01
-3.597420331567691676e+01 -9.129791661727563223e+01
-2.370704156082436498e+01 -9.153927057379293686e+00
-4.848747624196096950e+01 -2.347727664508747836e+01
-7.876022668599240717e+00 -2.812829504463889663e+01
-2.674669540226114606e+01 -5.574649857727573732e+01
-2.198144869607985541e+01 -3.971829876409265836e+01
9.513502981955484827e+00 6.839612981441908879e+00
-1.174297089687271622e+01 -1.223903556790892111e+01
-4.198675710437201758e+01 -1.609920839838483886e+01
-3.011491923955781402e+01 -3.796030855030760875e+01
-2.869522421281216396e+01 -1.482809915869467510e+01
-1.511949652726205606e+01 -6.767200955814807628e+01
-5.121873422225190708e+00 -1.927662917480697757e+01
9.413615917574957859e-02 -4.129745416500289679e+01
-6.371691752463046043e+01 -4.947913086644693692e+01
-3.929437607968117874e+01 -1.189202142542713503e+01
-3.357288631132557555e+01 -6.369447365963133478e+01
-5.026504704957904579e+01 -2.947178385363672959e+01
-6.982323215244086612e+01 -5.242119870125976178e+01
-1.755592991347936049e+01 -2.526373461998133507e+01
-5.613490425521969485e+01 -3.575139807724484342e+01
-7.129326220291736149e+01 -6.615948886199517176e+01
-5.294661569679367119e+01 -5.963303073175162439e+01
-4.438728341219243845e+01 -3.469857674309550788e+01
-4.874680576444377067e+01 -6.075937145932077499e+01
-5.684110314863869462e+01 -3.849210613143240067e+01
-4.308805059124987480e+01 -6.115828566618154838e+01
-5.175191421942528791e+01 -4.737491816296770253e+01
-1.516099593277278501e+00 -1.394571706332921224e+01
-1.901482419473157393e+01 -2.091547871370206924e+00
-4.007363099667573181e+01 -3.461747655560458981e+01
-2.299345687841423214e+01 -7.421367169110511952e+01
-2.239458395264058055e+01 7.360298675007205027e+00
-6.645135058306793496e+01 -5.382746179427722666e+01
-2.592368692666920538e+01 -6.178387793528533223e+01
-4.395471483515059674e+01 -3.259098122729296421e+01
-3.357296231535396203e+01 -5.515586722154663590e+01
-2.994013978366981732e+01 -4.177491947980119136e+01
-2.431574337810643271e+01 8.263445546094785321e-01
-1.605322824979285912e+01 -6.071571776010662091e+01
-2.691654232541646152e+01 -4.957225016622481917e+01
-2.326528203597954558e+01 -7.835562549539427835e+01
-3.333344267219078461e+01 -7.444818473386675350e+01
-1.424515617505403853e+01 -3.218970970650418906e+01
-2.111399000085348643e+00 -2.903447554120393193e+01
-5.059152683111516069e+01 -5.331087498278803594e+01
-3.132453411560649670e+01 -5.209651189057969134e+01
-3.741526507750666752e+01 -4.859660945324669257e+01
-2.107690059152873374e+01 -1.121064563941979308e+01
-4.559648590390714418e+01 -4.654079088243675244e+01
-4.669567350023045549e+01 -7.536331925542526733e+01
-5.472233394037793630e+01 -4.005808821761612393e+01
-2.725582816256196494e+01 -7.576329678657953082e+01
-4.779909647491149371e+01 -6.165396195613059405e+01
-5.299873108390855947e+01 -3.210107016668693092e+01
-3.294771222366165375e+01 -1.637286289924572813e+01
-3.150198405627670439e+01 -4.581758826073276225e+01
-5.526158643670469672e+01 -5.213703154394662675e+01
-4.555837773105573518e+01 -6.752612803640717232e+01
-4.026309869769870886e+01 -2.901032859430402411e+01
-1.469476679722883183e+01 4.842030082091961951e+00
-2.436473040987580063e+01 -5.989701614603540492e+01
-2.870860327164650982e+01 -4.583478639334693128e+01
-1.278933614563871402e+01 -7.159814758413421742e+00
-2.289494370903735287e+01 -3.454249384285691349e+01
-5.001404065579236402e+01 -4.684513307712113317e+01
-3.972759263877750868e+01 -3.925430595680160906e+01
-3.545319175403160727e+01 -3.675100972995399218e+01
-4.698555787525965144e+01 -4.068971834559135203e+01
-4.889423247920231574e+01 -7.317555302551149055e+01
-1.288578083914473993e+01 -3.711633223357834055e+01
-2.964438452366720256e+01 -3.022577732785275728e+01
-2.142945711996255653e+01 -1.872933377014973644e+01
-4.397704640753533312e+01 -3.864630116375346347e+01
-5.027625096016807760e+01 -2.680255265905749695e+01
-1.256658880903094300e+01 -4.364153814891327698e+00
-3.506253421418630722e+01 -6.095564052825950085e+01
-3.056639918359489272e+01 -6.278869639021552018e+01
-3.619369551378464678e+01 -1.397286784544842320e+01
-4.798595937738611639e+01 -7.012628268031828327e+01
-2.143724554848224884e+01 -1.601356103127407593e+01
-9.497704513501929569e+00 -1.761147248041599767e+01
-5.904462124234977694e+01 -5.226685687120117052e+01
-1.307658896875168075e+01 3.087446884821148174e+01
-3.241964973009314832e+01 -2.199276234962185939e+01
-6.993959548606895282e+01 -8.108744200138622205e+01
-5.807931746622902835e+01 -4.742384310244816703e+01
-3.622733461161377022e+01 -7.445270586522896394e+01
-4.673461043442379292e+01 -2.742308827791817194e+01
-2.722460877316284211e+01 -2.365278985213056728e+01
-1.047167872369672814e+01 -2.844722497165530939e+01
4.164477397540408354e+00 -1.896157545978963199e+01
-4.397533583454681860e+01 -9.965478036611057178e+01
5.031349980556275803e+00 -2.608364827902098426e+01
-1.813158163844983051e+01 5.046292917712216664e+00
-6.210373996432885235e+01 -5.665936240528748868e+01
-1.965607190370250734e+01 -1.385553202603840184e+01
-1.364223912450860432e+01 -4.895221415438183499e+01
-3.546582766323656699e+01 -2.029612493843663401e+01
-6.301998310237178913e+01 -5.986267157387771221e+01
-3.642201718025472701e+01 -6.846379076129757379e+01
-2.894862716428806948e+01 -2.099313683563637056e+01
-1.502249566206249654e+01 1.179491189330641276e+01
-1.490206902035608039e+01 1.712523006509400592e+00
-2.865523557199541571e+01 -4.375509205374266131e+00
-5.913497541350006514e+01 -5.498206406049034456e+01
-4.131989658850873326e+01 -1.905985418278864074e+01
-6.141732526698120864e+01 -4.638719865622380922e+01
-6.149529493132474300e+01 -3.802279819323300103e+01
-2.253222280032681368e+01 -3.013423593954950164e+01
-1.380018366565461641e+01 -4.228330654809224143e+01
-3.555213705585367023e+01 -2.971920087495544394e+01
-2.600567081180353313e+01 -9.727288852204424074e+00
-3.284622367562140965e+01 -6.873797316946591707e+01
-1.974885217345071808e+01 -5.155033128634470074e+01
-4.797676474915731859e+01 -3.121600864470170933e+01
-3.916672786842970044e+00 -2.450556490915001007e+01
9.227609147865855732e+00 -1.486577533967972897e+01
-3.504967752203457110e+01 -6.479509616235328906e+01
1.600093632758404993e+00 -1.649020826721287492e+01
-2.315785316771082947e+01 -1.342569270489946121e+01
-5.672397515023125436e+01 -5.692649832930646880e+01
-3.318795093276251151e+01 -1.927959435854582182e+01
-2.044025277147494535e+01 1.224969366149343042e+00
-3.782436277973788918e+01 -1.589523351630760750e+01
-2.637896603597660317e+01 -3.607610775603242814e+01
-1.043234895227375247e+01 -9.148920927432746097e+00
-1.991799533175606740e+01 -6.299119980083545300e+01
-4.641993640069519955e+01 -5.079628262011728168e+01
-5.376728167318248097e+01 -4.770107838455317051e+01
-4.867924391556355257e-01 -2.392916782337583115e+01
4.023268492230910098e+00 -5.313819356386317416e+00
-3.226862538104334988e+01 -2.787829749451114481e+01
-2.969004221020771084e+01 -6.782146110550566220e+01
-3.210555110607841556e+01 -4.741072226177038118e+01
-4.442245612958021184e+01 -5.392629874444758542e+01
-5.706069320257520872e+01 -4.538444110239197471e+01
-2.598055307918982759e+00 -2.160823282380581034e+01
-1.109633712200427524e+01 -4.442219462159228982e+01
-2.532215305860045973e+01 -1.784134442301922618e+01
-5.261334998179654576e+01 -7.001848250383183370e+01
-4.218869739040172817e+01 -7.670391164548043150e+01
-5.319677222194294330e+01 -7.259510475944425423e+01
-4.906492387820127021e+01 -3.583441405998199514e+01
-2.573369666108635201e+01 -6.729564655364858261e+00
-4.349177940157029809e+01 -7.117547569904724014e+01
3.051685992464991060e+01 3.046103050237687881e+01
1.870013867811342578e+01 2.234606325664444881e+01
-1.893206109907189294e+00 2.587800288220567779e+01
1.505987189326422993e+01 2.364588030903296456e+01
1.195567813249875400e+01 9.044191584144000373e+00
-2.734614441620573100e-01 3.348944271807831541e+01
3.592834373140659920e+01 3.439756420989002095e+01
2.189031296843258900e+01 2.743252966410491567e+01
1.215103099389903996e+01 3.175106273129727441e+01
2.125620814288378568e+01 2.096532068185536701e+01
1.994847142240108440e+01 5.717304948408596488e+01
2.429580816972501012e+01 9.136472967604397866e+00
-7.998360238972914704e-01 1.907419866317063395e+01
1.846833772115944328e+01 1.177635458508498800e+01
3.257072549626045088e+00 1.995368731753194780e+01
-2.122192277119849990e+01 1.091952746381138439e+01
-2.210405949067963505e+01 -8.624128170815252847e-01
-1.753471603793017763e+01 2.409322760094761406e+01
-1.794030401410174491e+01 1.357345891027335583e+01
1.243626375307869125e+00 2.925289344670421698e+01
3.039497792609095939e+01 1.292493992297129601e+01
-3.201959111693654592e+01 2.971181262730528161e+01
2.581006158857386268e+01 2.425113203147672536e+01
2.287982158084333406e+01 1.933470497670012733e+01
6.822917894265907002e+00 4.033969485685364731e+01
-3.210475695780867333e+00 2.029860372801166335e+01
-1.888523393896986491e+01 1.700008789634142659e+01
-1.467404862520469422e+01 2.125133997859913393e+01
2.341761032525466746e+00 2.727519466082755883e+01
1.158702608920635768e+01 1.587371319904210054e+01
-2.819261773722244868e+01 1.993114719817627112e+00
3.973170166102159584e+01 2.540095688155679099e+01
-1.807563062518246255e+01 1.103894229627004897e+01
-6.328844528719503870e+00 5.559458953337834686e+01
-3.614973580845565237e+01 -1.005341013766547853e+01
7.645724356804985078e+00 1.732094599026967430e+01
-1.752727395184787795e+01 1.908823607064754668e+01
8.355075611238614641e+00 8.907042371416785898e+00
-1.468630526735456776e+01 -2.994739963647066183e+00
-1.941472845300781813e+01 7.826353910973431027e+00
1.950046424033184778e+01 2.014679678560285581e+01
-2.891997183774996216e+01 -7.692701937817431279e+00
2.306642539114871937e+01 3.645596020429502460e+01
-8.045636094603612065e+00 3.041494739655480828e+01
-7.709356682152727736e+00 -7.093103449613626488e+00
2.609967961725095265e+01 7.604965196123124826e+00
4.579218633541620953e+00 2.411741949531700868e+01
-7.244472570336557560e+00 3.416941430744581254e+01
-1.776513720316866696e+01 1.778249692524409786e+00
-2.103336103036634697e+01 4.092651356122138040e+00
2.077049747682767489e+01 4.534353090864440361e+01
2.189717131599051569e+01 3.228022753247423537e+01
-9.429588244774371741e-01 3.695581087915201834e+01
-1.161490083840801191e+01 2.418550803176028907e+01
-1.095356797199948495e+01 2.116090562934993002e+01
2.285037776882592464e+00 3.388613714856992942e+01
-1.569030740844966765e+01 8.723327310044824756e+00
2.440595080020625574e+01 2.207074435557593262e+01
1.034036053082771289e+01 2.373834747644131227e+01
-2.555488292300446673e+01 -2.559718689016051041e+00
-3.377164228960155867e+01 -1.112279636338998756e+01
-2.122254318380995652e+00 3.124866015576517242e+01
-1.187332504344128203e+01 1.458954611689629388e+01
1.559463707463623905e+01 1.615673167633255503e+01
-1.333967630570724161e+01 2.659505846730390033e+01
1.522686115596181011e+01 1.830979291643986073e+01
-1.056645403918872184e+01 2.752255999730701674e+01
1.960290725571730519e+01 3.541945700236183114e+01
-6.497443515497145938e+00 2.632277644130049765e+01
1.892800570487652223e+01 2.109428497095452926e+01
2.728030782577475932e+01 3.393334091725075297e+01
-5.853296570402710230e+00 1.891737634844580995e+01
-1.490198853335591878e+01 1.754767931210701093e+01
-2.276883542695343365e+01 -3.391890934284602643e+00
3.159789332705327780e+01 3.488273855816483149e+01
-3.682473303566306555e+01 -3.121914221948624046e+01
2.158165353738485948e+01 3.231281007303690700e+01
-1.474320829855407133e+01 1.463982728515504483e+01
-3.096859487667728317e+01 -1.654669457909884595e-03
1.695027683482904024e+01 3.607582911991067931e+01
1.527358061482193818e+01 4.443696582834254372e+01
4.161200414051733354e+00 1.685941468909023300e+01
-2.809167760038089057e+01 -3.243448315378758551e-01
1.756880856751168452e+01 7.128622229136880151e+01
4.059773261162282765e+00 5.859395136077326782e+01
-8.923517890220347581e+00 2.326748403571186685e+01
7.518740900146449135e+00 2.695839771882070579e+01
1.498461681466340600e+01 2.957459463565600188e+01
1.193423792931773164e+01 4.150296815500785641e+01
2.555023461335274249e+01 3.623578307669753684e+01
-4.224063350075590506e+01 -1.290108198241165383e+01
1.294093238539563373e+01 1.078237336297630833e+01
3.351612173115368076e+00 3.664160763898122042e+01
-4.042953116727878182e+01 1.231374269223285367e+01
8.627305383252782178e+00 3.601930807126102252e+01
3.515382166075691828e+01 3.237786949473313314e+01
