3.006477398586056182e+01 2.683506668112809024e+00
3.520583929749773233e+01 2.441980222153765645e-01
1.475954749642167485e+01 -2.392570848032084285e+01
-9.812289630155135001e+00 -2.308319821549304152e+01
1.745961470346754396e+01 -9.417946429482855208e+00
6.601264407637858156e+00 1.666266867775512139e-01
2.378909354052415281e+01 -2.219229754496186757e+01
1.304026009714376499e+01 -1.932954051319163824e+01
3.221811237232975600e+01 -8.445308688413874165e+00
1.000806072551334758e+01 -3.182930761934938602e+01
1.883479626332979251e+01 -1.524717771766057517e+01
2.989937997713819229e+01 -4.157527272318139566e+00
2.419206020569668070e+01 -3.341544693886023509e+01
3.542253672002450315e+01 -3.449215301098873709e+01
3.127432969474511282e+01 -1.522700424966527066e+01
1.138941548809766147e+01 -3.296471083083900133e+00
1.371331781213855905e+01 -4.170274119086251829e+01
2.386759466780848982e+01 7.593276397747712458e-01
3.056508227648385922e+00 -3.969146509809227297e+01
1.715048125388627653e+01 -8.004370177269318987e+00
1.814472222184533834e+01 -1.158753759800954874e+01
2.414696285048236746e+01 -7.247513772913340091e+00
9.894763977028802060e+00 -1.508718256030631011e+01
3.239129321749701518e+01 1.687811080693434329e+00
2.181310356743340861e+01 -3.254305250093482726e+01
-1.041493924005768967e+01 -2.264143888004953453e+01
7.633547366310752480e+00 -2.680445980466593880e+01
2.026384876174687477e+01 -1.982828636066969352e+01
-7.677381030662740358e+00 -2.477796202490105770e+01
2.687743931006822606e+01 -2.660474219801485773e+01
3.132333389040040572e+01 -1.816721026548730933e+01
5.081290302192875430e+01 -5.976817652280091764e+00
1.355917239237562200e+01 -1.031584114951930964e+01
1.613793172714603763e-01 1.186290622400566086e+01
-7.821833253380535034e+00 -1.922491157047564769e+01
3.514052375167717912e+01 -3.724346855497320696e+00
1.425436241671745563e+01 -4.078687646030336289e+00
-1.596284119697567050e+01 -3.178071474483493475e+01
3.129883734490080016e+01 -9.614446428290076341e+00
1.060812227938023788e+01 -2.735282436886557278e+01
3.527453238876372410e+01 -1.374225404207469126e+01
2.195915051089131609e+01 1.224278655540137173e+01
9.923835743143124333e+00 -2.199485069288724759e+01
2.664838287299408748e+01 -1.521929429347646412e+01
7.016135176328758050e+00 1.722274294986880250e+01
1.802974764958709031e+01 -1.408168346439650520e+01
1.239695205123398303e+01 -2.009710835116602112e+01
-3.344604498678028559e+00 -1.847996143613444886e+01
2.140095664692328370e+01 -1.194897484774251595e+01
1.838843343938986763e+01 -1.482762207171866109e+01
2.496152131455278145e+00 -2.282827295844522553e+01
2.971260252829592829e+01 -2.788987628372691319e+01
1.705949255049515045e+01 -3.527110526396982948e+01
1.430528835058977322e+01 -2.573733760741980348e+01
1.393045739136747940e+01 -1.523582996918642607e+01
1.281809793350907256e+01 -2.808611470356801831e+01
4.059273130329253831e+01 -2.048927441402373972e+01
4.434315064462357725e+01 -2.435736626983322139e+01
1.562378181113692932e+01 -3.464744672749877630e-01
-3.377695361127293072e+00 -2.023964581921172368e+01
3.217738540045667150e+01 -1.228906509435986649e+01
2.372744311357514135e+01 -1.654437971220861670e+01
3.407916245514293507e+01 -1.860857075050978082e+01
3.332769985674185165e+01 -1.879492436923203869e+01
2.515308059249602479e+01 -1.867608226707435293e+01
5.443392130042116861e+00 -9.633588776231395201e+00
3.885489706390898590e+01 8.712584020480404590e+00
1.774586041595391350e+01 -3.109158148249952802e+01
-3.768010420968148111e+01 -1.220486578781319409e+01
-2.999628913026345600e+01 7.195011530762082330e+00
-4.910937899637157500e+01 -2.278456919221887844e+01
-1.366726021493268028e+01 -3.660569370490187158e+00
-3.039378003715179943e+01 -1.318043498081303966e+01
-2.351398272312219717e+01 -3.339526421137340861e+01
-4.515283658345364159e+01 -3.132945922464315913e+01
-2.862904251975603387e+01 -3.165421888263680650e+00
-3.469803126637722812e+01 -2.369471337779006959e+01
-3.755320336769172940e+01 -9.429008384869216997e+00
-4.480619233862072548e+01 -2.045818486087983601e+01
-2.438766000223917985e+01 2.022959785144669009e+00
-1.770892892788314299e+01 -9.541126323764610007e+00
-6.097823803269041321e+01 1.500611104706439214e+01
-2.018125972531796464e+01 -1.114972504767686345e+01
-2.059842895739195257e+01 -3.526760179002856432e+01
-2.091817600431671309e+01 -2.304184461533608186e+01
-2.236903995919914223e+01 -8.238391774912994237e+00
-3.353538454176485573e+01 -1.553631749406461182e+01
-2.423911596653446310e+01 -7.132850245234529929e+00
-1.496442930747858213e+01 -1.234525384911236046e+01
-3.315890695760332818e+01 -5.407193823121614784e+00
-5.517763053159931985e+01 -2.491795430029812408e+00
-6.253625867787943093e+01 -4.126324840593582621e+01
-5.597776694820431231e+01 -2.770338392316346798e+01
-4.133801242524919672e+01 -6.362106947479697183e+00
-1.057851787679934397e+01 -1.224053517130236379e+01
-5.257472987774885098e+01 -4.745341502932692634e+01
-3.770297115657432130e+01 1.851479438427267032e+00
1.012291251408908366e+01 -8.441442086029331549e-01
-1.842141898771777875e+01 -9.819447238101504993e+00
-1.886217377869859391e+01 -2.605924920443176873e+01
-4.541870384521440940e+01 -3.745113666313390866e+01
-5.113028449399806874e+01 -1.169551153397896215e+01
-3.049856199425793335e+01 -2.081454876698970580e+01
-1.103563055713156160e+01 -2.119354542093624261e+01
-7.456433320817970412e+01 -1.382929023181426231e+01
-9.183078657219621022e+00 -1.946177369532941981e+01
-1.288969272337988770e+01 -4.167573034486277095e+01
-4.319153879944877161e+01 -6.613052155766583340e+00
-3.337312372021099094e+01 -1.892120160869520618e+01
-4.375601057359479995e+01 -2.215257096135883330e+01
-5.167072885295183937e+01 -3.409722654826614985e+01
-3.072314412721742372e+01 1.590567304825589190e+01
-3.852115923081595383e+01 1.493550947194158374e+00
-1.771520954595544595e+01 1.044060934187652556e+00
-3.730695582090914542e+01 -3.547430934596176400e+01
-2.709553600134970708e+01 -2.553101778834789570e+01
1.225508408075284628e+01 7.367341838268580467e+00
-2.371226182585302933e+00 6.250186024719238675e-01
-3.530005017871712880e+01 4.956368718437054177e+00
-3.578470908658496796e+01 -6.956110355981465432e+00
-2.552942335464321033e+01 -2.238670712870798774e+00
-4.698194902890096358e+01 -3.418870912230465819e+01
-1.537282162958888776e+01 -2.963686096402153680e+01
-2.764992115701419095e+01 -6.204298991106271188e+01
-4.472020830987199957e+01 -2.695598302786473965e+01
-3.238724050151198242e+01 6.716058624885457462e+00
-5.666696543918303064e+01 -5.479455908163053124e+01
-5.125329301101102430e+01 2.228728608596555461e+01
-5.586074368176274874e+01 -1.799916052773831154e+01
-1.199750429098158122e+01 -2.797559442884391245e+01
-6.516162117597691861e+01 -2.166286965306539969e+01
-5.014325101712166344e+01 -4.008134875638198480e+01
-1.762023174023156713e+01 -1.655824596872235333e+01
-5.874740602767886344e+01 -2.249689015772328915e+01
-4.432217536326645302e+01 -2.295386500688644560e+01
-5.212767623812074191e+01 -1.990061389669413927e+01
-2.454711254715661184e+01 2.479481910326305538e+01
-5.148988525498054969e+01 -7.314968747273422611e-01
-5.679508715542495167e+01 -2.473274312714057643e+01
-1.770819149091176214e+01 1.215269778853261862e+01
-6.127093917182468630e+01 -1.315487306758003250e+01
-5.808498270006577258e+01 -3.167038253542918369e+01
-1.849522641097896170e+01 5.097337022616754254e+00
-5.063512106629318765e+01 -2.569050193627927214e+01
-5.387822222163232766e+01 2.093671952237693290e+01
-2.051025362425221488e+01 1.470606863471602388e+01
-3.597163543152241516e+01 -4.326479765667249211e+01
-2.308499493552613657e+01 -3.993286715809517062e+01
-4.841643581988874701e+01 -3.232915370247650344e+01
-1.310029908960791722e+01 -2.458711023605435031e+01
-5.540300706774447193e+00 -1.478739655052843460e+01
-3.507724622120585423e+01 -5.231629712390618892e+01
-4.173051914311426458e+01 -4.345802056392540891e+01
-3.471025646662732100e+01 -3.489951393371075739e+01
-1.805548865917589296e+01 5.280556976338013797e+00
-3.746751457719994249e+01 -3.727524782256811164e+01
-5.471315968330277713e+01 -3.659394249341033145e+01
-3.665722994571700610e+01 -2.941867732232796939e+01
-3.757774319534480867e+01 -3.098683976418804775e+01
-6.575746700913536813e+01 -6.656221374504591282e+00
-1.335821118769720606e+01 -3.421079631642734142e+01
-1.670057141920043620e+01 2.901019357146776301e+01
-5.084788264723861317e+01 -1.988898517485390727e+01
-4.271126905133752416e+01 -2.240877728950344405e+01
-5.171800827098291364e+01 4.433146656340653635e+00
-1.621955589758676908e+01 8.996024692079588547e+00
-4.786601844838630626e+01 -2.764648377625826825e+01
-3.025412943036141300e+01 -5.090626319474388595e+01
-9.283814968521451050e+00 -1.233599448986186564e+00
-2.705255847356658805e+01 -2.266115355994179836e+01
-4.209828174363574504e+01 -3.407892991648493464e-01
-4.679448453255382390e+01 -1.661659412368687860e+00
-3.865870800562368714e+01 -1.312992626009017449e+01
-8.003924239829903797e+01 -1.132072744623509841e+01
-5.666140266270816994e+01 -3.275514440803726046e+01
9.099306198526035061e+00 -4.490392344014174597e+01
-3.159302015769146266e+01 -1.602457439127877947e+01
-2.557657231481988092e+01 -1.260124932511352114e+01
-3.903853952228965341e+01 -3.248462663375753845e+00
-5.850250755426315408e+01 -1.222546306211416756e+01
-1.264114788340316409e+01 7.986543868870963792e+00
-5.988634756769666723e+01 -9.387132493078976125e+00
-3.295273219302089274e+01 2.733068161111820604e+00
-5.008459153162086608e+01 -3.440107350594109903e+01
-2.394820792159610079e+01 3.254633379359574974e+01
-4.546614565240814088e+00 -9.581231235458577800e+00
-6.755824597043171309e+01 -2.658975139883113314e+01
2.216090279597307422e+00 5.324519405758407231e+01
-2.939330083388754389e+01 -3.423160032692305066e+01
-6.123477745590422927e+01 -1.640406117094132910e+01
-4.714474193465702712e+01 -2.517449037831983460e+01
-4.844613829641841107e+01 1.117183254708836415e+01
-2.027225779050291621e+01 -3.650787283137334782e+01
-2.359813924294920540e+00 -3.013982060959205711e+01
1.136232906046243940e+00 -2.319822182659146748e+01
-3.716827257767458548e+01 -2.228421393832271491e+01
-1.236496480791740460e+00 -1.456349305941719408e+01
-8.892527383532961238e+00 -7.492321117341274039e-01
-5.944592068777302529e+01 -1.634178249414738815e+01
-2.299879579108782224e+01 -1.700066420163797076e+01
-2.629513797181586909e+01 -2.607680161458673496e+01
-5.055077877192633196e+01 3.197720147785303979e+01
-4.891537831252777124e+01 -1.028210541314354387e+01
-4.916523531566912908e+00 -3.195307454377678624e+01
-1.266826041423615123e+01 1.347131250230118127e+01
-2.138179756595622294e+01 5.492836592901412018e+00
-2.095831393769710260e+01 1.255515915034933627e+01
-4.307653600769768332e+01 5.366300900721671319e+00
-3.801580805674487351e+01 4.219347998792457588e+00
-5.890261425371726034e+01 -2.247779206641263272e+01
-6.979287356822050015e+01 5.931699509972969686e+00
-2.012621771783561542e+01 -1.466123958282841677e+01
-6.036632768855346853e+01 -2.797652294655143379e+01
-4.196311306729514001e+01 -8.781134276751156875e+00
-3.750852860448527792e+01 1.024875177820176830e+01
-2.726578779418305487e+01 -1.613582707717598907e+01
-4.436092788932619868e+01 9.416386386693570643e+00
5.783970634889128437e-01 -8.156396258310945058e+00
5.657545330839992559e+00 -2.249777794135163944e+01
-6.039278903881729832e+01 -2.962571386079058300e+01
2.498667950350086997e+01 -2.675383625062487170e+01
-3.162164108815172270e+01 8.543691127530287588e+00
-5.048127542735051776e+01 -3.667549083052924885e+01
-4.742058010501033039e+01 3.434519385792162094e+00
-1.717786689162646496e+01 4.887364732511580101e+00
-3.449730781355615505e+01 8.186281513415679667e-01
-2.645257267883208030e+01 -1.428685525093314546e+01
-7.546410968633329830e+00 -6.882945814710751620e+00
-2.132789142469417243e+01 -4.316111703039700132e+01
-6.001033299010339306e+01 -2.146769756391914363e+00
-5.393173509930694820e+01 -1.533040830598859472e+01
-7.931170708651354317e+00 -1.493447199050922869e+01
1.610712777346754443e+00 -2.646246715628570101e+01
-3.065423518758552746e+01 -2.669923003874983536e+01
-4.478299208837744061e+01 -4.705224551960613155e+01
-4.703986475265234191e+01 -4.623595521017842458e+01
-5.052763805254195262e+01 -4.269129692183309288e+01
-5.929790849166244016e+01 -2.855125814343494994e+01
7.934480499936643838e+00 -1.546048943582023227e+01
-3.184475364559124699e+01 -3.656337548250636615e+01
-1.056152727990282436e+01 -8.562689782710531716e+00
-4.731931806523787998e+01 -2.458900895812700682e+01
-5.320969165228714814e+01 -2.642387468491027391e+01
-6.937260734987049204e+01 -2.552234821642455032e+01
-3.647033878755750180e+01 1.915744721800825090e+01
-1.038977056850650094e+01 -7.481205104460824096e-01
-6.808481464619111989e+01 -2.142236010124636891e+01
1.640566678238665688e+01 1.682838973046445830e+01
2.160741608603124320e+01 1.581581075967550731e+01
9.201425868469360836e+00 3.764896311079036195e+01
1.295172070613861592e+01 1.724409728657587593e+01
1.016102888263394810e+01 4.099140661132068431e+00
6.997600965515939464e+00 1.998518645340488931e+01
8.592447106048549443e+00 3.205866981407903182e+01
6.719348544540366674e+00 2.832279964566811969e+01
9.807013510939748713e+00 2.396940791831065809e+01
3.774306738395805993e+00 2.575352714477045524e+01
-9.728125557651464694e-01 5.294522072928688061e+01
1.079894208270312816e+01 1.854940809805661672e+01
-1.243565591446444252e+01 1.835095077952608378e+01
1.995184283399203906e+01 1.731816220460633104e+01
1.833459147894645369e+01 2.451715542566387640e+01
-1.605284978904721171e+01 1.849068360155819235e+01
1.094589676743311202e+00 -1.089811390854594286e+01
5.371085547664913307e-01 1.423760783215646697e+01
-9.551008810418537109e+00 1.103972836724253170e+01
1.300118546035418987e+00 3.790089408377501456e+01
7.878188587373953666e+00 2.434888332732633387e+01
1.241335678864325764e+01 4.083177336070797026e+01
1.372242952546378625e+01 2.250335240915088519e+01
2.381952836158372477e+01 2.357826839437847966e+01
-1.422694160417333098e+00 1.501265154692291048e+01
-8.870351524412718902e+00 2.398873398565824999e+01
8.697629991023854146e+00 4.149969277176239757e+01
1.900126700794903911e+01 4.612797009426198258e+01
-2.807145626214769862e+01 1.561199807544594087e+01
-1.752174190312918611e+01 1.327368800806524618e+01
7.680771023419740162e-01 2.893834557385590145e+01
-3.289663316103489166e+01 4.553126634671786022e+00
9.498981301196067761e+00 2.462541729366231635e+01
6.617159015862309701e+00 4.802867648807708889e+00
-1.256427609946779711e+01 4.514316899501682911e+00
-1.982182207566142651e+01 3.139097951154695920e+01
1.362365951392330743e+01 1.216390505670477218e+01
-2.293760956644312188e+01 -4.215900708250755358e+00
1.079595751415859439e+01 4.072308792173866010e+01
-5.938199046495520328e+00 9.342006298876466275e+00
-8.110082059538632038e+00 1.660373601560483081e+01
1.217552835521514965e+01 1.636576431955070277e+01
1.085747042119205474e+01 4.620973295751188914e+01
5.974711971269755395e+00 6.213193499805331754e+00
-4.091853597231508388e+01 2.989193260932112395e+01
-3.092375836129108890e+01 -2.501369251487749246e+00
4.528712795813164327e+00 2.778000249331651617e+01
5.073587895212340548e+00 2.967465522280611623e+01
-1.131729062495282001e+01 2.671418119396796698e+01
-5.979329406270780467e+00 4.905387679316471683e+00
3.947470149940906481e+01 3.690949273235163730e+01
-1.504403414732811939e+01 4.623292122658984482e+01
2.595875381671516635e+01 1.954064007341077414e+01
1.924012925800769835e+01 2.239860688682281875e+01
-2.596397240940441620e+01 1.178580624765233154e+01
-3.084990043870785570e+01 6.063878877202633966e+00
-1.987816771526976112e+00 3.188561713764667616e+01
-7.091720691503489604e+00 1.149892068646562393e+01
2.266473840217636138e+01 1.022798083645867351e+01
-6.133602650801570633e+00 2.228085204380066386e+01
-2.248709522974989383e+00 2.644636330892980425e+01
6.127596993656017510e+00 1.217596996128052922e+01
-8.535264483707246441e+00 3.062126672051317655e+01
1.562639215758060196e+01 3.695131883694467945e+01
2.687770321445822219e+01 2.068744771186218401e+01
2.234751389504676666e+00 1.006794055949737121e+01
-8.238022004655116248e+00 2.242808734984415864e+01
-5.250921767093629455e+00 -1.198622145277029283e+01
-1.646849083011608705e+00 1.483295516136009695e+01
-7.945607787640321362e+01 -1.384689692684357709e+00
3.816443385461515447e+01 1.762460206170247545e+01
1.386392613479670022e-02 6.623273284400214678e+00
-2.970518440046931019e+01 1.157439587505967538e+01
1.516891298332124549e+01 1.341047575316270013e+01
1.421338991026833298e+01 2.959681720078429379e+01
-3.146492308772115365e+01 2.889312504135020632e+01
1.934019872945596674e+01 1.078222492956288292e+01
3.251387932867324526e-01 3.443074479117240827e+01
-4.306147336071457055e+00 1.419210332044508149e+01
1.296374193856932955e+01 2.847834153389320022e+01
-4.069481530692318216e+00 3.283603299567221256e+01
-2.064743370255285093e+00 3.506564353257719802e+01
-3.449581409109228503e+01 1.455219234615986146e+01
5.015146821152669077e+00 8.053430227123666185e+00
7.394900851849500079e+00 1.929877609157778551e+01
-2.657669463833951795e+01 3.662350968106960636e+01
5.772365780615162478e+00 4.191322800328413223e+01
1.770824760175725743e+01 3.038731372263846353e+01
