6.497695814368873357e+01 1.310858619954633753e+02
1.085305184577844386e+02 -6.145465720972833878e+02
-2.469670245585948010e+02 -2.079441469001657694e+01
-1.780488239936915988e+02 1.493656065127011630e+02
1.133303889350792701e+02 -7.814860190003172136e+01
-2.194786616571919780e+01 -9.867552364493327843e+01
-1.387269513673267909e+02 -1.102302275992865219e+02
-2.563110413991942096e+02 5.122511287321163991e+02
1.274054260859481502e+02 3.326483837224502338e+01
8.859023896583032354e+01 2.468159210307202613e+02
8.180625962720904365e-01 1.533866035480956036e+01
3.142495751998577447e+01 -2.035375175770695648e+02
2.346004056566413283e+02 8.227729935511018766e+01
-1.224659816880934642e+02 2.494949473220103187e+01
1.684642352840119202e+02 -1.966395338681668647e+02
-5.276852653202888632e+01 1.404125318666911824e+02
