1.227527963778189246e+01 -5.280719748741047681e+01
-5.037529353418080547e+01 -3.745106335526184438e+01
3.050180120445298115e+01 1.884020587517778367e+01
-9.435039872260777827e+01 -1.933176147377845311e+01
5.305615429297912300e+01 9.873721929229214211e+00
-8.668578227674551329e+01 -4.757301299704673525e+00
-3.993103492382342523e+01 -5.792981914556990830e+01
-5.949185360688272795e+01 -4.457249312434135646e+01
-9.671244088634969671e+01 -7.856103614006196834e-01
4.241705255267803665e+01 -2.618271744691584302e-01
-5.571717829143664602e+01 5.217666324537562872e+01
-3.191235577982757832e+01 -6.844952017968275015e+01
-5.245663962586438345e+01 3.654605362971232552e+01
-3.968634970910510429e+00 -4.563909284850196002e+01
4.481630198324690184e+01 4.090592008179212868e+00
-5.889802665872268506e+01 6.266221981336837388e+01
-1.292091116027092745e+01 3.782843580432253550e+00
-6.167895692714168376e+01 5.842960582604996489e+01
-5.930401799509292715e+01 -1.063169903658451965e+01
-6.279356963125833602e+01 2.384005600636504241e+00
-5.322724897133460331e+01 -5.576941854939825305e+01
-6.952341961514571267e+01 3.718824523182604480e+01
-1.128076715792702913e+02 -1.583334717265756098e+01
-9.028864428304682122e+01 4.888198613663709580e+01
-2.832495615074145690e+01 3.957752048492513097e+01
-5.781246790622826381e+01 6.993552642908265682e+01
-2.838930104560500212e+00 2.328814790915624044e+01
-3.100515939054167802e+01 -1.752514817221121035e+01
-7.369155179624057439e+01 2.367879993425746576e+01
-6.420542877588609088e+01 6.666774523591607249e+01
-5.356989497083583274e+01 1.055803969377068618e+01
-4.604230919886794737e+01 2.245437380753787693e+01
-7.741123530123344665e+01 7.831492711818540897e+00
4.651074796939517597e+01 -5.994963082956359379e+00
-1.111314700561294444e+02 1.098329267245635599e+01
-1.088747695815897174e+02 1.634723702600402717e+01
-1.045957036836366854e+02 -2.614408331133004992e+01
1.384342144828332266e+01 -3.555330955540084403e+01
-9.344877337446094145e+01 5.400141468771093578e+00
-7.632489292850486606e+01 -5.007270349362261186e+01
1.794895583866627931e+01 -2.600328736543488972e+01
-8.130717075293303253e+01 -2.983565982238942382e+01
1.989550127783073563e+01 -3.193823760929999267e+01
-7.354667640595435785e+01 4.617690702140502168e+01
-9.631500752065937832e+01 -5.187010573089128940e+01
-6.885564132109595903e+01 1.041482755761593779e+02
-7.585959548854347645e+01 -2.671279538707731760e+01
-1.249302798009608892e+02 5.400780146650059521e+01
-7.916641722626754918e-01 5.530135537424078507e+01
-3.949039580356075607e+00 3.029865684249358182e+01
-5.205219421224600751e+01 2.088362237441243252e+01
-3.384627484701812961e+01 5.257175717062848364e+00
-5.699086892892096756e+01 3.066757542268458181e+01
-2.699949386848587451e+01 -6.680192340783426275e+00
-4.377246407199120171e+01 -5.528373846519568247e+01
-4.357081097306622297e+01 -7.772814415859087944e+01
-1.066460582018888061e+02 -5.360716345639584546e+01
-5.790713193934190883e+01 -3.604287804315801935e+01
-8.463277914690907267e+01 3.150406395348378652e+01
-7.251125633362241274e+01 -3.859868058483208131e+01
2.433824817446117805e+01 -3.413558223871410036e+01
-8.385416287655213807e+01 4.334641500032183359e+01
7.777719861034110949e+00 3.459075232502721065e+01
-1.072279107013228554e+02 5.410823009730380306e+01
-9.569155168898330288e+00 -3.522495545193780941e+01
-5.855671433987961194e+01 6.930247202769985293e+00
-7.957794045834874375e+00 -9.889816388241783329e+00
8.745747637124116736e+00 2.598503202214693530e+01
6.957071652423655550e+00 -4.662869856135856139e+01
-6.349332969585420017e+01 2.560691442972222021e+01
-5.154361159274996140e+01 -2.953979908201201710e+01
-7.108706392255012929e+01 1.599036893187126651e+01
-7.385324532868015979e+01 -3.249427147068331578e+01
-1.028877413197667750e+02 3.637330761658764544e+01
-2.930286707365955579e+01 -2.229029588460720035e+01
-6.795643226142496474e+01 4.265238980977742500e+01
-8.856087409232166863e+01 2.689475333722228001e+01
-6.956418185892111694e+01 -2.964881565183647538e+00
-7.954269860078301235e+01 -4.807508571613606563e+00
-6.432573335011649363e+01 -4.745056832505184730e+00
-5.101796024915407912e+01 -6.592016748862999975e+01
-8.470649178061616169e+01 3.725279502643968499e+01
-3.948071944123567789e+01 -1.076482931464335735e+01
-3.662876837362483684e+01 -2.595638266452302645e+01
-6.259016282268357045e+00 -5.301057638911147762e+01
3.264839667428691428e+01 1.308412134369627466e+01
-3.826859687233527652e+00 1.469268333030373164e+01
2.677206756864911341e+01 -2.213631496447744951e+01
-3.208140615849607258e+01 6.453965716625938853e+01
-1.407675284376764147e+01 -2.534349725931335939e+01
-5.364478207578605407e+01 6.529508052240413463e+01
-6.661127922014091496e+01 -3.389451708493354687e+01
-6.909051004095279325e+01 5.829007489515171869e+01
-7.168387525948094208e+01 2.967512496231564612e+01
-7.639737292585424200e+01 5.186750426031372996e+01
-3.956916741596075582e+01 -4.018342321750702695e+01
-4.033498002063829802e+01 4.347051047131980539e+01
-8.453036412877287376e+01 2.318947488865831019e+01
-1.037519835790703411e+02 3.205075980186061457e+01
-6.222023362897852650e+01 -8.189000201021165992e+01
-9.947843269501294827e+00 1.165098032016559770e+01
6.990684678534196950e-01 -2.791003974649226294e+01
-1.860569492080974996e+01 -4.627510459887134431e+01
-6.436085824220357665e+01 3.194706984047840947e+01
-8.389449562325195586e+01 -3.628667350493073229e+01
-4.351596471025829516e+01 1.411399000953604954e+01
-2.902324453180604991e+01 -5.318764199651693758e+01
-4.639505892296098466e+01 -6.096817907910460832e+01
-9.169375176398101246e+01 6.042194314786829068e+01
-4.682118627859262006e+01 3.213517309315256032e+00
4.244821086274394872e+01 -1.434238614387391841e+01
9.372593886208260727e+00 4.385198447335758942e+01
-2.262815781156176698e+01 -5.640226107219022822e+01
-3.514994667230273961e+01 1.465055662079258525e+01
3.059636163278141652e+01 -1.222876398439997025e+01
4.321098311268832504e+01 9.118842009652279756e+00
-7.022980311025126809e+01 -9.843249105853752567e+00
-2.302489900805756662e+01 2.749863970111843869e+01
-6.736278117879226102e+01 -1.931255163282628118e+01
-1.000884679715600782e+02 -3.759196283212089895e+01
-7.996585750973729034e+01 3.817723376256974888e+01
3.490836473608068502e+01 -2.274771253419289252e+01
-1.341272017259917249e+01 3.021733427902858438e+01
-1.643632376124488204e+01 -1.773665071766167856e+01
4.987643828093529663e+01 4.306037743330164425e+00
-4.172700549343716858e+01 -1.677567683633583329e+01
2.329606020217130435e+01 -2.632579786121368670e+01
1.474061006020213682e+01 -3.032000750078753981e+01
-3.873730904144599663e+01 2.107451221908403127e+01
-8.012921303838133724e+01 -7.308188306292508685e+01
-6.868343276548023368e+01 2.150000966692601168e+01
-6.126575568483574585e+01 -1.786237427999599348e+01
2.609944457390809802e+01 2.938716229874675512e-01
-5.816941122876356474e+01 -2.546303327057480637e+00
-3.363179456577893944e+01 -5.394204896067505217e+01
-8.297424827627393995e+01 7.465219213125539044e-01
-6.507350904203060793e+01 7.067324688998607662e+00
-9.808950409248828883e-01 -2.280991502431167817e+01
-6.927975206271344177e+01 -6.586609121339543549e+01
-1.551079661951366262e+01 -5.547575078807837201e+01
-6.616981486530092660e+00 2.996981901571191820e+00
-4.862238930549609961e+01 4.337616993778542707e+01
4.557109124415887891e+01 -3.916720141871897454e+01
-5.287781064421587729e+01 1.658972338545066760e+00
4.786978675985048426e+01 1.063827332618664734e+01
-2.862213578287820326e+01 9.077327512234221629e+00
-4.253861630748608746e+01 5.958518363720747857e+01
3.005128552664646691e+01 7.326460337263534406e+00
-5.597947769478174962e+01 -2.361030201721855093e+01
-7.098047103330073071e+01 8.998564171106178122e+00
-8.579728684368821234e+01 4.881874836913054239e+00
-8.343861245770079904e+01 5.048206933995209056e+01
-1.043017904665972964e+02 -1.034007859402493734e+00
-7.413000749372585574e+01 -2.426377811298422671e+00
-6.141228176482468548e+00 6.738755661352944060e+01
3.735848018059413533e+01 1.725399935398086981e+01
4.985965326394307340e+01 1.681404280848837018e+01
-6.309821245408776491e+01 1.923966603664273123e+01
5.286145892853977557e+01 -1.550713831284402433e+00
3.541354608406534599e+00 -1.745123010585486156e+01
-6.765242243313333859e+01 5.170477045616813427e+01
-9.111010634507505301e+01 2.132709129383549040e+01
-4.036894996302616789e+01 5.294646215350860530e+01
-5.137423398061078217e+01 -5.919197062335476289e+01
-2.879299281007974898e+01 3.150320539511632134e+01
-9.929027565103947950e+01 1.047803363613289740e+01
-1.775492051613200672e+01 2.140737836482857404e+01
-1.038559885371261799e+02 -8.956306224545732775e+00
-6.112562380953563945e+01 1.220563495665478015e+01
-9.730251087794279385e+01 -1.220089659550240668e+01
3.721274243103248835e+01 -9.466720789569796679e+00
-1.915528304563965722e+00 -3.759485770697658324e+01
-4.650604291732489770e+01 6.412842293593951126e+01
-1.783630811673307548e+01 -6.588763922552727692e+00
-8.039478766792935716e+00 5.013813497272749942e+01
4.342135060363060184e+00 1.176465506361361157e+00
-6.182429285780160910e+01 3.757401429560115247e+01
3.807307413032548027e+01 2.296323192344266317e+01
-2.380007025729605630e+01 6.047650809578949094e+01
3.938146912832975488e+01 5.300641055401870361e+00
-5.860699179332873143e+01 -6.170858346111201342e+01
-3.595627030113367084e+01 2.704631474712169847e+01
1.526382009781888804e+01 2.739748925197471152e+01
-9.415456908854170592e+01 2.980996229282257559e+01
-1.691806818456231554e+01 9.655861848626212662e+00
-5.595747173145373665e+01 2.500356259265279846e+01
-9.785612672951154423e+01 3.457041823313578988e+01
-8.646426604738934429e+01 -1.365335084798965326e+01
-9.232849716471800150e+01 -6.660683702360551628e+00
-9.168399848932951102e+01 -4.171274113755723079e+01
-7.494891983479043063e+01 3.996067469931741556e+01
-8.345408337327064885e+01 1.030115667298763604e+01
6.202203452188229882e+00 1.700019426663885014e+01
-8.926582313078399977e+01 9.930835526072010921e+00
-8.773113282018390180e+01 -6.251103974211202541e+01
-9.197320894453541484e+01 4.046401533576524656e+01
5.002401827483579311e+00 -3.059299607979050961e+01
-5.678949603239176014e+01 1.561076776297896984e+01
-5.975083260364358750e+01 4.472057169893297868e+01
-1.356786935527177462e+01 -5.109641046174379397e+01
-6.755062314308196392e+01 1.090791816784654644e+00
-8.551802665584644103e+01 -2.133172037863751669e+01
-3.396892554831354261e+01 -5.550332988693147840e+00
8.150197856096931259e-01 -6.070988877151199148e+01
-8.094624264611903541e+00 1.755690114653176437e+01
-8.604476813444409800e+01 1.701315628211605357e+01
-6.639152494778147684e+01 1.250932773359017425e+01
-7.896302144718585225e+01 4.228673217501321346e+01
-1.004923440207583241e+02 1.762155920143324650e+01
-8.745783009427910315e+01 -2.758965879477623773e+01
-7.121693781170576187e+01 4.020615065740858363e+00
4.269932369811454009e+01 1.946333271858613756e+01
-9.971887622525176198e+01 4.679088600618192118e+01
-5.896924426821671972e+01 -2.790963294517306892e+01
-1.134202605612754269e+02 4.213654765080150355e+00
-4.591175282102278743e+01 -4.798466764744727442e+00
-5.213926455014973982e+01 -1.779092489158176704e+01
-4.945887581798463373e+01 -1.173189748295289014e+01
3.097074904567022102e+01 -1.867041846783088488e+01
1.317767560004972793e+01 9.668854418502945691e+00
-5.561488280241523086e+01 -5.847904568165904315e+00
-1.093694732180879186e+02 2.073206211977308655e+01
3.993671831248526161e+01 1.310108594339322963e+01
5.721852290636632432e+01 -2.997598436055190518e+01
-3.292680184720929759e+01 -3.735383639530255095e+01
-2.901952996480697777e+01 2.502913001334972520e+00
-1.024670140727178236e+01 4.249129474999891443e+01
-7.578916245744491675e+01 1.867732664848288593e+01
-1.315969098723417652e+01 4.721980328090025125e+01
3.533665402802319022e+01 -3.412679482798811836e+00
-2.953005485297308041e+01 -4.606524197406422161e+01
-3.572339437938219930e+01 -4.710524686889274903e+01
2.154487046141444395e+01 -5.913997572222317700e+00
-6.242379413920990316e+01 -5.209614418915696632e+01
-1.116827700502111043e+02 3.142426210721428959e+01
-4.733422341016016333e+01 2.974402883280171039e+01
-4.822989151248833650e+01 9.059945986025075726e+00
-2.316720590680551695e+01 -1.501937749781376219e+01
-1.425729129817428031e+01 -5.985002462642723486e+01
5.276039571896037117e+00 -4.262112706205043366e+01
4.492985463025756587e+01 2.653290585738696450e+01
-8.101502388224329820e+01 1.892532464049103069e+01
2.354877136333008636e+01 1.027812339048155010e+01
3.641310543269255362e+01 9.852958062437963349e+00
-4.281435373354968021e+01 -4.445130628459847344e+01
-2.356218471556089256e+01 -6.957305374734185932e+01
-4.507211774620036948e+01 7.994663204311227389e+01
4.479602478585258396e+00 6.552366487121304317e+00
-2.246374401974676971e+01 1.400455271968399451e+01
-7.601539151926364468e+01 6.329466502769435010e+01
-4.037585569880874203e+01 9.400575761895535454e-01
-3.066196118466388398e+01 5.145908549201791971e+01
-7.769712660690214534e+01 3.374129624558117513e+01
-9.804200328506870221e+01 2.348924270217628774e+01
3.007649830072772801e+01 -5.236490335766446513e+00
-9.433153890054862600e+00 8.655847289843038084e+01
-4.443112080657596863e+01 -2.307260168444486226e+01
-4.015947039156205278e+01 -5.032938601178002358e+01
2.526670214710487983e+01 -1.621397171805191562e+01
-4.955115388699709200e+01 -4.548250815581762652e+01
1.933993442031905019e+01 -2.051314438043979038e+01
-1.635666838413768076e+01 5.058084652170502693e+01
-8.094258174112866300e+01 5.722716976518139376e+01
-2.425927954294673938e+01 -4.910653158591784262e+01
-6.734955368556977362e+01 -4.409139495291566391e+01
-9.469165888895355465e+01 -2.923838622680381860e+01
-7.568695519140624128e+01 1.331607472428568073e+01
-7.898453907479533598e+01 2.595082950085971518e+01
-1.793388381564806622e+01 3.818719024098415105e+01
-4.119910996495785582e+01 -3.172193567288635663e+01
4.441455196861101484e+01 1.455107159993268162e+01
5.194235519526317013e+00 7.928151178320121062e+01
1.853697172540849536e+01 -1.176691356669711652e+01
-1.989661904102914036e+01 -8.306015865230246220e+01
4.745552268950641661e+01 2.157624216561860564e+01
-2.267293231622817729e+01 4.346907920775387879e+01
1.147796797831046156e+01 6.082541069239160691e+01
-8.057280403344697106e+01 -1.184128646833561049e+01
-4.145967500627411795e+01 3.481368057309297370e+01
-1.613208412981315831e+01 -3.352709594591202347e+01
2.816715776116760850e+01 -2.940211199626797622e+01
2.014368064446799877e+01 -5.577964743937131686e+01
-2.531500108281255734e+01 -3.378689493342587724e+01
9.051471140081497779e+00 -3.065162108049496403e+00
-8.276283568476787877e+01 -4.492436673778653500e+01
-5.305060362125272633e+01 -7.690721551528025657e+01
-3.484409334287558124e+01 -6.129908934303127666e+01
-7.886933584007296361e+01 -2.042223207232189353e+01
-9.263366175353128895e+00 -1.786169138533134415e+01
1.188193579725357196e+01 -2.271639973845791260e+01
-1.801726085650724940e+01 4.592971814371244221e+01
-8.796338689576460013e+01 6.977607290401711282e+01
1.931720648036725763e+01 -3.778279817702088650e+01
-9.280714492514198355e+01 1.386929363215725175e+01
-2.109227017632719026e+01 3.201049561418260581e+00
-7.654734609944141255e+01 2.609044073869694280e+00
-7.124839936460202239e+01 -5.608170639167158811e+01
-7.453178508189874663e+01 -1.428512016850081778e+01
-6.551667027874049154e+01 -2.718002794486892171e+01
-6.060704993253771988e+01 4.904593044002560021e+01
3.475304766632196163e+01 3.212619441634930961e+00
