3.664024484045007135e+00 -2.460269879039697116e+01
1.480100079898690346e+01 -2.614154795233341844e+01
1.005592465352082776e+01 -2.583667419882216265e+01
1.032417648727231629e+01 -2.623702650783143397e+01
1.646983680719465681e+01 -1.330005790910974639e+01
1.653193894973251332e+01 -1.669276078030631538e+01
1.817343081326896126e+01 -2.099000717677551719e+01
4.717837211803892927e+00 -1.235959230027977185e+01
5.450887751749059262e+00 -1.917804651970834229e+01
1.296443588844400807e+01 -2.416794705200632620e+01
6.205730163488639484e+00 -2.009457567749885598e+01
1.134395511266436785e+01 -2.211208695819685488e+01
2.231470365820319657e+00 -1.805242194228240749e+01
2.878806614843868239e+00 -2.227674625320430124e+01
4.381873780456668754e+00 -2.242855550585037250e+01
9.613598855549984279e+00 -2.031519510757727076e+01
1.209619195975700201e+01 -2.709090109963207027e+01
1.378942095095342069e+01 -2.281828135033451233e+01
5.050539482799287327e+00 -2.343721259133938162e+01
7.970292426675030129e+00 -2.094583872873892361e+01
1.202901331467874790e+01 -2.133728577554774475e+01
8.938754621224710206e+00 -1.712402609268010423e+01
1.631607616736212307e+01 -1.822953461904789663e+01
8.194937423337114168e+00 -2.261939537250147936e+01
7.384597412821261919e+00 -2.452980949290688883e+01
6.331034660820341387e+00 -2.761058250446835771e+01
4.628137586266833026e+00 -2.121910863678575510e+01
5.132914902927891099e+00 -2.045706264549689379e+01
1.175712916013065623e+01 -2.158681476883064576e+01
1.854603440220699895e+01 -2.207948239880757058e+01
1.314517539496269194e+01 -2.072143461716437329e+01
1.359481863304042903e+01 -2.367102668942224142e+01
7.678379317633555523e+00 -2.335931614862222361e+01
1.892573928295890662e+00 -2.363974818753268536e+01
2.146453428773009975e+01 -2.050549556951090935e+01
1.011663891031802898e+01 -2.418936444578907796e+01
4.690026888610149491e+00 -1.245897042805212429e+01
1.068803606077396928e+01 -2.703306618545803275e+01
1.309192971723523513e+01 -2.612659404883322978e+01
1.820792257079522614e+01 -1.504567023546202442e+01
1.900931470115671473e+01 -2.049756574081444782e+01
7.286437833820353482e+00 -1.718017902274135977e+01
7.687004824440806239e+00 -1.418805457724026198e+01
1.263686428424876240e+01 -2.351894964409046551e+01
4.281653030367831292e+00 -1.811148237199377320e+01
4.891001865938804372e+00 -1.176721325291183362e+01
9.204219621866167600e+00 -1.217476590154209859e+01
1.439035837459021216e+01 -1.258475053766160023e+01
5.294096756590684016e+00 -2.453476149002590745e+01
1.821907707140298882e+01 -1.801816761882445661e+01
1.909545271933250632e+01 -2.064929253695758504e+01
1.144517838900671691e+01 -2.513036950221431454e+01
8.254345308408709059e+00 -2.041295528454732278e+01
6.095970933852406404e+00 -2.240784237978821025e+01
1.065195086741270813e+01 -2.280710977872161038e+01
1.186277271513701947e+01 -2.038814845765710615e+01
1.349349396099448661e+01 -2.046498966182706880e+01
7.985854694031178980e+00 -2.284467579410696914e+01
3.871247129584391988e+00 -1.959678673702773466e+01
2.243808852351398375e+00 -1.659228119432914283e+01
6.821196517982181184e+00 -1.864352806023241271e+01
6.867256304533600364e+00 -2.590290883668302158e+01
6.288170975285943598e+00 -2.284447803886484962e+01
2.077503452465318290e+01 -2.046279944254392191e+01
9.027964315285490926e+00 -2.270910414763782370e+01
1.152545421332342102e+01 -1.808887850347708337e+01
2.030776345269445216e+01 -1.700290854206259539e+01
3.067867693252126493e+00 -1.555405696673770066e+01
5.674322689110433693e+00 -2.070205324179173800e+01
1.234054014655686515e+01 -1.329848271102219393e+01
1.418901323926322888e+01 -1.828501318935171582e+01
1.160056697390543690e+01 -2.428677435482610392e+01
1.536633716267848015e+01 -2.286491647783261527e+01
1.290710294810107683e+01 -2.647101917064750509e+01
1.231560117176904789e+01 -1.903495835585058060e+01
1.764172146153157072e+01 -2.389719726134674715e+01
2.741848724451859898e+00 -2.067659325145332261e+01
1.614208460699917680e+01 -2.168664347825067296e+01
3.623164953469984351e+00 -1.736306990330749755e+01
5.816030353178757828e+00 -2.156379239284361660e+01
1.418817636669999871e+01 -2.715447048249323814e+01
7.246711691103890018e+00 -1.931361332120711438e+01
5.331523082010636294e+00 -2.338712276418913305e+01
5.950988105231023617e+00 -2.343002366954986115e+01
8.902319835666860470e+00 -1.516239093984369646e+01
6.714422856917845905e+00 -1.834455115193416930e+01
1.631186657565195208e+00 -1.986349209263140025e+01
7.094091706630303307e+00 -2.241924395663994929e+01
1.526579141240676485e+01 -1.828451672324744592e+01
8.641222671583935977e+00 -1.763197274223302813e+01
1.412229272565544491e+01 -2.366843848110221060e+01
9.233856301930499555e+00 -2.510413081362922938e+01
1.638088477746531879e+01 -2.185413889211272220e+01
1.260921486172991024e+01 -2.547231060512983802e+01
1.342850285571789648e+01 -2.234450119766681553e+01
7.748414259412895966e+00 -2.044844266166013824e+01
1.810941833036679327e+01 -1.285695664362169488e+01
5.769234239546025655e+00 -2.434679004447520612e+01
8.766396990620286545e+00 -2.358120438891272030e+01
2.484331545605601210e+00 -1.766041564040637368e+01
1.349780063843769717e+01 -1.928697818265476371e+01
3.889272759474946994e+00 -1.924512055889031004e+01
6.949063580152492925e+00 -1.632040536245237661e+01
3.803058769285949214e+00 -2.344177771583578362e+01
3.621598200197194473e+00 -2.221795663261640641e+01
5.877759514311575728e+00 -1.959296733208008590e+01
8.075631203616227438e+00 -2.566583886281849303e+01
7.368642120346605040e+00 -2.262818188569527322e+01
5.656463531539995593e+00 -2.538039302458295765e+01
1.603144889527823480e+01 -2.468282310212901365e+01
5.264000498066404354e+00 -2.117220462596488062e+01
9.257865379088791258e+00 -1.226006042832101883e+01
1.614844273919199580e+01 -2.433725091655401584e+01
8.178952621533623457e+00 -2.711624910692234280e+01
8.852146397590770377e+00 -2.084190899431453659e+01
5.074947743127805388e+00 -2.691272816275958846e+01
1.863301604202044004e+01 -1.716183747095534073e+01
6.078488957859597974e+00 -2.281789489378327218e+01
1.032444882059251867e+01 -1.594254209214586382e+01
1.450515375931418482e+01 -9.862924773235176801e+00
7.740728675838798978e+00 -2.729025841977681921e+01
7.723276555686182654e+00 -1.629367355812867402e+01
4.481195590919682559e+00 -2.282314348971081230e+01
1.800493985769769623e+01 -2.436000723113655297e+01
1.313026509308854273e+01 -2.448887377763873729e+01
9.781587737459858545e+00 -2.244379978145016352e+01
1.061416563691173387e+01 -2.320655893263369052e+01
1.537906119087028856e+01 -2.138480376276825012e+01
1.050001736670096619e+01 -2.105250432730192500e+01
1.154901053627249219e+01 -2.113848449708973121e+01
1.815856365382390258e+00 -1.749258452097019401e+01
1.037611526382795901e+01 -2.200100208841820404e+01
1.449656131670642090e+01 -9.893351136328485396e+00
1.869790279704875502e+01 -1.692023584387725421e+01
1.119524994472752510e+01 -1.953588977254264591e+01
1.233862267680290081e+01 -2.167350214870241487e+01
1.474739920609897226e+01 -2.264372759416831471e+01
1.234887752958944596e+01 -1.962176733673975093e+01
5.500668999555940353e+00 -2.546587558021612452e+01
5.732640706775769424e+00 -1.518601052807844454e+01
6.819955832461637613e+00 -2.279847796164095897e+01
8.469399450395442841e+00 -2.024957687630393721e+01
1.885006270618340807e+01 -1.750241370914506689e+01
4.904755269300858700e+00 -2.486389880916853556e+01
1.149444991617894907e+01 -1.554925467395377225e+01
8.581446719358002184e+00 -1.812524783848461141e+01
8.362278580584725063e+00 -2.614820472769233461e+01
5.287218486199531498e+00 -1.757217026742733168e+01
8.410624616290711231e+00 -2.625964482213488793e+01
1.528486397777913730e+00 -2.207441068538782503e+01
4.367827910872351893e+00 -1.683003910630189282e+01
3.759154505724440209e+00 -2.104793446065075813e+01
2.057439412824476399e+00 -2.138494027686265397e+01
9.295561322152506634e+00 -2.113146196882416916e+01
1.382248181671766041e+01 -2.618784767912413969e+01
1.743908893378428360e+01 -2.308202109995106355e+01
1.158875881683317388e+01 -2.194114960402979619e+01
9.045875272965849589e+00 -2.577444077919988175e+01
1.118847616722622718e+01 -1.527685418156765706e+01
7.129585321527184938e+00 -2.397824228374327760e+01
1.353859644248731264e+01 -2.026715459668756836e+01
8.442338129163657001e+00 -2.243199110876145852e+01
3.494613243189465202e+00 -1.782422605021772455e+01
4.600181707261844721e+00 -2.097170506233705112e+01
7.222306963953651682e+00 -1.724606903644373190e+01
1.179347523201572656e+01 -2.296466824649919758e+01
1.147111613567674837e+01 -2.482221661172325256e+01
3.043162960286525109e+00 -1.922579522953259001e+01
9.525783583764576790e+00 -2.684551747441792102e+01
7.330691226723345721e+00 -2.458830290329195023e+01
1.759320714867894875e+00 -1.892057869421211080e+01
1.490321978061033725e+01 -1.586059053614947523e+01
1.521524079679691610e+01 -2.629221377480708455e+01
1.271187140350412648e+01 -2.765987314964889876e+01
1.240089959095623051e+01 -1.300811126767428938e+01
1.972938376488225387e+01 -1.805518212159313407e+01
4.985111063577563506e+00 -2.739643255565560054e+01
1.449479085056068151e+01 -1.432288344660618229e+01
1.504351724304908089e+01 -2.053496895365312724e+01
1.764395947512313612e+01 -2.227784955555484814e+01
9.906412195232055851e+00 -2.510202003488290856e+01
8.835657458073999493e+00 -1.839709173249007534e+01
1.371971761579775162e+01 -2.364700337382520345e+01
1.527661502003427785e+01 -2.009411218558515344e+01
1.684333408703750479e+01 -2.021791802154857365e+01
1.601165792650652264e+01 -2.542864097892638853e+01
9.662715671325551980e+00 -2.842295742622369303e+01
3.257534157029313704e+00 -1.901610170078413375e+01
1.631727938919796372e+01 -1.616298375097753848e+01
1.215903092529768514e+01 -2.194871422161752150e+01
2.701726585669312453e+00 -2.467099007436469904e+01
5.201221719158958479e+00 -2.200972980796234779e+01
1.078074921748867787e+01 -8.031888320944663207e+00
1.041557071652204236e+01 -1.836851527427910824e+01
8.872977406390049282e+00 -1.949379292360551830e+01
7.828138230770413486e+00 -2.817201162261530101e+01
1.473549319996415008e+01 -1.950654748457897725e+01
4.882780801565663964e+00 -1.179957215523300285e+01
1.225100398941228796e+01 -1.711500722183340883e+01
5.896457857617417808e+00 -2.083335222632023687e+01
2.335301531217955251e+00 -2.583920176781631639e+01
2.458358908897333883e+00 -1.835466797976246767e+01
3.931328713002794739e+00 -1.908185988096275310e+01
1.823578640333083456e+01 -1.547706276763551791e+01
7.665783531504307469e+00 -2.401792882791297856e+01
6.634572060568043383e+00 -2.356367571689666818e+01
1.296090178116545388e+01 -2.720891118344966131e+01
1.243273505356961550e+01 -2.111934642665498885e+01
1.092689075630107887e+01 -2.045083332144047716e+01
2.042952623952265512e+01 -2.081405150802231674e+01
1.077998712209777921e+01 -8.030499859398121387e+00
1.416846223132698235e+01 -2.205607940478352447e+01
1.603032416430151130e+01 -2.091772168136726862e+01
1.013530848498233183e+01 -2.301431473038006814e+01
2.710036441741887625e+00 -2.443390634973266629e+01
1.148725223692432884e+01 -2.240326284711024485e+01
2.005876833144899152e+01 -2.115051512838794778e+01
1.162494351633526612e+01 -2.577540415267704788e+01
1.316899003502621213e+01 -1.597483147964427985e+01
1.120429967886153477e+01 -2.791850773669301589e+01
1.383771454102503107e+01 -1.692536299310149417e+01
1.443629213427172964e+01 -2.406296359170245225e+01
9.581576717771149276e+00 -1.933883207951740246e+01
1.344603172066489094e+01 -2.153933700636551762e+01
1.070154901251848401e+01 -2.174842362147296271e+01
6.688201089288340562e+00 -2.078887263023373677e+01
1.862225984698036996e+01 -1.978137378579964434e+01
6.063776508152652234e+00 -2.464999351174041209e+01
5.820689687354368758e+00 -2.241034839587734595e+01
1.018806951326586940e+01 -2.539176585792547058e+01
7.974628946343871316e-01 -1.954325414031273667e+01
6.339246242651687346e+00 -2.281847912597800132e+01
4.131311641350698949e+00 -2.069935460991023746e+01
1.536911985608717046e+01 -2.125217220232761406e+01
7.790194013554969210e+00 -2.120339924170519197e+01
7.975148439951934343e+00 -1.905462230601836637e+01
1.460742135041638612e+01 -1.904528795079465908e+01
1.700685516605658165e+01 -1.916884173067149533e+01
1.148283271189834664e+01 -2.491907903232445776e+01
1.112257247719809605e+01 -2.605722752555674404e+01
1.858929967558928809e+01 -2.206592520102077515e+01
2.052428180724417217e+01 -2.043505958042001680e+01
1.009836161751137595e+01 -2.515439683229321943e+01
2.069980684371557089e+01 -1.506848016107217347e+01
-3.377177125433863125e+01 -4.609000664698224448e+00
-1.627849870515065689e+01 -8.023756294193026051e+00
-4.026526310231524519e+01 -2.194342462685461825e+01
-2.771725872114693789e+00 -1.007453352134628410e+01
-1.090668008656177790e+01 -4.971236708090198242e+00
-1.886770378823910477e+01 -9.413156837961984991e+00
-3.930701025935161397e+01 -1.928920046535388977e+01
-6.980663703092877093e+00 -4.590765568569263877e+00
-1.211112553618930165e-01 1.521442255878344474e+00
-1.073948078958494712e+01 5.483780775937885821e+00
-1.668167526319406591e+01 -9.607065905233929115e+00
-1.778781065888114910e+01 -1.114187916708455406e+00
-1.492236213533600520e+01 1.099809936392575072e+00
-3.525835973635567910e+01 -2.576808425867274011e+01
-2.896692951189874421e+01 -6.646458399859294097e+00
-3.303217911511610083e+01 -2.733642912205192843e+01
-2.866628386229978886e+01 -7.745372154336194193e+00
-1.904251421137978184e+01 -8.140154128052246918e+00
-3.258252066180387629e+01 -2.306364106982629281e+01
-3.309929704944332229e+01 -2.094294739582899112e+01
-2.980439625795019509e+01 -7.376321468142289284e+00
-3.841954884138243642e+01 -2.073115614845738719e+01
-3.742477575236836174e+01 -2.494724917072592518e+01
-1.731832550446547003e+01 -8.716077640821806582e+00
6.272507540069490517e+00 4.661409884827059535e+00
-3.896152105594322279e+01 -1.880556148895268009e+01
-1.981674305200708375e+01 -1.202870746497318777e+01
-2.456897809962694623e+01 5.519220734067378231e-01
-4.430089617304710181e+00 1.329840665363366981e+01
-1.561418533029879363e+01 -6.897639718266681541e+00
-3.546610752373251785e+01 -2.338334532186769010e+01
-1.603026754500041662e+01 -3.001822454727901324e+00
-1.395687973086510958e+01 3.767881217944959005e+00
-3.787515122939417722e+00 -1.289384334136913957e+01
-3.503317045083011294e+01 -2.355617378246334681e+01
-2.604856055295509876e+01 -1.893252578381835605e+01
-3.281623162295975504e+01 -1.285882858009864727e+01
-3.776862074960631332e+01 -2.369677286522414761e+01
-3.234562262179001380e+01 -1.276170412278041155e+01
-4.513465924627878323e+00 -1.438260578458334926e+01
-3.977369088733347269e+01 -2.028905223643305433e+01
-2.077014908169747898e+01 -1.712224454221857872e+00
-3.980453786065854871e+01 -2.095320781003718480e+01
-1.240045030766135170e+01 -1.355461755628935805e+01
-3.211989583166121065e+01 -8.535170528611294216e+00
-1.808740425964776932e+01 -9.862038588314835152e+00
-3.568604490380732841e+01 -2.509230491810890484e+01
-1.649620086814296727e+01 -1.054680758227886450e+01
-1.714493219402417878e+01 -1.524388829666357470e+00
1.256436627468984657e+00 1.034165733994830383e+01
-3.239897969597276983e+01 -1.020723940882649572e+01
-1.298180675169752618e+01 -2.841420910643026598e+00
-1.746201927289753186e+01 -2.317924940099030273e+00
-1.256041979684638932e+01 -1.223271387202574800e+01
-3.839199214216988310e+01 -1.608194998294281675e+01
-1.312464380330403557e+01 -1.244898367634123559e+01
-3.365483248480408918e+01 -6.278975711565470519e+00
-3.082682453612663664e+01 -9.988382305132608607e+00
-2.407757637271379281e+01 -2.812402880164487584e+00
-3.052253910868234854e+01 -1.114136636473867803e+01
-3.170646253994445019e+01 -1.049385260900591277e+01
-3.484246867550708515e+01 -2.559498473130612695e+01
-2.703636542310298907e+01 -5.667182715362335088e+00
-3.738520877574296719e+01 -2.328883313738996463e+01
-3.495871444396703964e+01 -2.421491762872326348e+01
-3.956492478544839742e+01 -2.069490310670024513e+01
-3.212028344857522200e+01 -2.449567413179135045e+01
-1.791156689927771950e+01 -1.244516487740191657e+01
-1.559173566757470475e+01 -2.142615137122382551e-01
-2.356053963593421585e+01 1.037924254797577461e+01
-1.816011588871963767e+01 -8.214343331687178562e+00
-3.240184421086162558e+01 -9.594902857118562167e+00
-1.031897294466358916e+00 1.059946119673001785e+00
-3.336779733683890470e+01 -2.392933515239994691e+01
-1.656950376749540510e+01 -5.634567668984711730e+00
-3.925212604526534932e+01 -2.126645431476026360e+01
-1.312462981386773286e+01 -1.244900903898666833e+01
-2.558920068852141938e+01 -7.912060363095204885e+00
-3.262210265577194690e+01 -6.039525087493813338e+00
-1.925649875338105588e+01 -8.859965995921610826e+00
-3.475322844900090047e+01 -1.756644732614588023e+01
-3.376693386890168824e+01 -7.926508532183135003e+00
-3.616400288324818746e+01 -1.482908059281875168e+01
-1.660948226247257153e+01 -1.291516551479905139e+01
-1.575291076992893391e+00 2.219004152121069495e+00
-3.323589470283920377e+01 -1.299819810635548123e+01
-1.957359878017168242e+01 -8.300739672124684887e+00
-3.246072882017476502e+01 -2.623360664052424340e+01
-2.970516109689640061e+01 -1.219458412766292810e+01
-1.047663990657071764e+01 -9.602023537922283580e+00
-3.746176874494829434e+01 -1.935367206952145835e+01
-1.986165697208028647e+01 -8.788885612306046369e+00
-8.969680627496238401e+00 -1.420647198624831908e+00
7.354681555833988860e+00 -4.933799727025699466e-01
-1.734031347235378107e+01 -1.388895422837763149e+01
-3.659704306968581022e+01 -1.752974113185823768e+01
-1.444707516686368098e+00 2.063014413434651195e-01
-1.348772482709772191e+01 -4.446642482010133790e+00
-3.459204407849048835e+01 -2.137770110280874647e+01
-1.981270218052566889e+01 -1.316634237130196183e+01
-2.601599720491391210e+01 -1.782998714801308537e+01
-3.662908861095632318e+01 -2.394519976014365170e+01
-2.527095452345443505e+01 -1.385384538082727701e+01
-3.469186433444990314e+01 -2.556770445306588613e+01
-1.149034765181422024e+01 -9.441915409123280867e+00
-3.483235423678384279e+01 -2.615740642316079700e+01
-3.825942537064346993e+01 -2.479002837889513700e+01
-2.445116971637980541e+01 -1.572440432451960568e+01
-3.255769946882617205e+01 -2.475234914039007705e+01
-1.881003841178706182e+01 -1.011383365232708975e+01
-3.641105813156897852e+01 -2.649670473344021104e+01
-3.200969311039159493e+01 -8.099573984314435648e+00
-1.594204387953453583e+01 -2.584437492026437244e+00
-1.650591871925516685e+01 -9.578794732433447701e-01
-2.494105776847717593e+01 -3.769062875293868187e-01
-1.965922603597648433e+01 -9.932357190525371138e+00
-1.596095055654838468e+01 -2.616237564108168101e+00
-3.367592939866286628e+01 -1.311847357969831229e+01
-1.034784219353057821e+01 1.345456436771089059e+00
-1.761946158609740465e+01 -1.089092132019241710e+01
-3.104184966357247433e+01 -1.002902818424409048e+01
-3.822995144959876512e+01 -2.002180045397334851e+01
-3.168838189678740846e+01 -1.051414018295843356e+01
-1.421986691287350091e+01 -3.832408353127910061e+00
-1.634063104652472020e+01 -1.204048303916968621e+01
-8.698624390579777099e+00 3.696107536553491002e+00
-3.623157983864462039e+01 -2.090805404649577781e+01
-1.465631179083072233e+01 -3.463899414619561412e+00
-3.414219797160847492e+01 -9.705408035971505143e+00
-3.428544072308136492e+01 -2.536049585500228076e+01
-2.012139204621046673e+01 -1.392491284904657434e+01
-3.360579752132385067e+01 -2.251405045313692099e+01
-2.053627951593103163e+01 1.558806130572373494e+00
2.998465927893092964e+00 -4.268883154281090775e+00
-1.575480392878311875e+01 -8.172681106241441285e+00
-3.087929996623759976e+01 -9.179164702519122088e+00
-3.457998064242313063e+01 -2.392228546128333733e+01
-1.769756027042664215e+01 -1.741167236737481261e+01
-1.834703423355534824e+01 -3.793358083886724685e+00
-3.925320425755148790e+01 -1.797767189601853133e+01
4.840508826941658960e+00 -2.400513084330704761e+00
-6.456012629496672428e-01 5.378131639273440179e-01
-3.977627616269450073e+01 -1.973601984530709785e+01
-2.738370177142509476e+01 -7.594310864002849826e+00
-2.923480088470448734e+01 -2.267391116582232868e+01
-3.524342460376222874e+01 -8.589921025947413469e+00
-3.150061583472090732e+01 -1.096929410406479377e+01
-1.760771267709314714e+01 -3.309370417092823313e+00
-3.428093295692075060e+01 -4.512246171516594906e+00
-1.981795870892190337e+01 -1.313933074575195015e+01
-2.077819829505776639e+01 -1.247042900790847497e+01
-2.484583864133878350e+01 -1.398280279719326913e+01
-1.969320962670521169e+01 -1.310262459703604243e+01
8.394654068486126164e+00 2.376862563252507332e+00
-4.020502902902855169e+01 -1.853018198698039498e+01
-1.561851617420954064e+01 -1.309627347962496469e+00
-5.546323766776882991e+00 -7.308644577283103239e+00
-3.500595077315264803e+01 -2.459654810037983452e+01
-1.461546384192478243e+01 -9.219792716517467568e+00
-3.115563041104157449e+01 -1.084227417127433313e+01
-1.802894857557475916e+01 -1.800899939343195655e+01
-3.755239872329818951e+01 -2.635864248133384180e+01
-3.319423213605060141e+01 -2.589751654111107726e+01
-2.222814346290177312e+01 -1.748740135917434912e+01
-3.144007093654320073e+01 -1.019788182319408776e+01
-2.970322818137337251e+01 -1.003924116634622798e+01
-1.727274012786730850e+01 -1.691956832993384552e+01
-1.697550440403053784e+01 -9.026096639367203522e+00
-6.313601102138278742e-01 5.082951697148525572e-01
4.541309108567613273e-01 -9.794995449860120829e+00
-3.947231928189474814e+01 -1.982312549327503959e+01
-3.419530154518285769e+01 -2.699390691970636169e+01
-2.668019537894844007e+01 -7.339112236863062355e-01
-3.880582138808664183e+01 -2.165259046629013184e+01
-3.944004304887660339e+01 -2.092807570455181931e+01
-3.139958046087927457e+01 -1.008632797277344118e+01
-3.172889912570169102e+01 -2.509115153919924879e+01
-2.443965988055566996e+01 -1.350592105469325332e+01
-3.427808452500620007e+01 -2.605898205503369525e+01
-1.098582640785570419e+01 -6.812707063590423218e+00
-3.501381854811911154e+01 -2.443112761532200494e+01
-2.629925002640571563e+01 3.263468931605217449e+00
-3.498377369219235078e+01 -2.743681132446686632e+01
-1.568630963751556173e+01 -2.668215407843162357e+00
-7.665061676551785830e+00 -9.764806140185092076e+00
-1.858203160501015105e+01 -8.392752739592832967e+00
-2.610336505768185944e+01 -9.023652453230075920e+00
-3.028225951333998367e+01 -1.031018617621683831e+01
-3.966828071903290009e+01 -2.035919439431374656e+01
-3.299128137480081602e+00 -1.340504716683297914e+01
-3.641424020396807038e+01 -2.435409415206725114e+01
-1.591725574369204388e+01 -2.538578117846012283e+00
-1.560035187269702206e+01 -2.763474197998311954e+00
-2.528640994341862935e+01 -1.017253028420953953e+01
-3.600773713340957016e+01 -2.474336602932261542e+01
-3.444849179006727269e+01 -7.712324688405437279e+00
-3.039303256552621679e+00 -1.384081459584340301e+01
-3.327336629754292119e+01 -2.152966151154030428e+01
-1.042585094758874931e+01 -1.472425950103538383e+01
-1.374966575594802443e+01 -1.722804417496653029e+00
-3.417866731612122067e+01 -2.468654579354893741e+01
-1.925062021887968555e+01 -8.840342091411903525e+00
-1.545536241662071220e+01 -3.395284427394815285e+00
-2.583899274548990377e+01 -1.386643681954722140e+01
-3.217845247451204216e+01 -7.719251206437959034e+00
-3.382264611900170337e+01 -1.085330408095479804e+01
-2.421104260852721879e+01 1.033148704641939553e+01
-2.827195174508918551e+00 6.297208033652861303e-01
-3.174988931295261452e+01 -9.646179993752291182e+00
-1.399659998960686713e-01 7.753298162390837689e+00
-3.549511994628999645e+01 -2.550901181824157504e+01
-1.915355076878795515e+01 -1.559265450782853080e+01
-3.009928956462865912e+01 -2.498114222080988256e+01
-2.630391795973496372e+01 -1.091053072033334814e+01
-2.464448228703584931e+01 -7.708001014149252761e+00
-3.125930402050685686e+01 -8.971622871698038182e+00
-3.671617127287426285e+01 -2.123310452524739844e+01
-1.527680350319040947e+01 -4.672789056568463550e+00
-2.208959265036071784e+01 9.536647984349988505e-01
-3.480540154181946377e+01 -2.506038634842085955e+01
-3.132862897947081748e+01 -8.982770844202194738e+00
-1.507567470031823120e+01 -9.983129561484474834e+00
-3.598647424352937207e+01 -2.401453602146059652e+01
-2.954131387328679637e+01 -9.569384017628090433e+00
-2.214601879993729483e+01 9.079424307089746238e-01
-3.936928031911891424e+01 -2.097983697665090475e+01
-1.766438098764703923e+01 5.326845982410793878e-01
-2.009308514645656274e+01 -8.988014692676619788e+00
-3.501146424305284910e+01 -2.223475471820310290e+01
-2.815236640849190053e+01 -1.562558915638958013e+01
-3.623856152821036147e+01 -2.219918445461322420e+01
-3.241840753205863734e+01 -9.327069424174217360e+00
-3.186134388230056658e+01 -1.267547014328960664e+01
-2.472212457549342801e+01 2.189615596005997367e-01
-3.513310305302530878e+01 -2.013592676875416032e+01
-1.800989238160445183e+01 -6.428906548947723287e+00
-2.863756807377681923e+01 -1.051235864419143518e+01
-1.149082873383584946e+01 -9.442008619255716440e+00
-3.916117184168328436e+01 -2.189301316029020583e+01
-3.945391519636293509e+01 -1.987088836479803433e+01
-3.147355260014121825e+01 -7.879304560148726821e+00
-3.450570087274441988e+01 -2.294269506917500223e+01
-2.568100270150732811e+01 -9.128983323723092624e+00
-3.200563608510885416e+01 -9.035432877379195205e+00
-1.742982665869851999e+01 -6.756335404051238669e+00
-2.557441522453195049e+01 -1.269425894105594388e+01
-2.962073035992689185e+01 -2.332532576442193584e+00
-2.736334956844410371e+01 -7.014631993090818085e+00
-3.794695787400084441e+01 -2.218534633186649074e+01
-1.814520445811481508e+01 1.111396584333911308e+00
-3.113052129717448224e+01 -5.783429818773535125e+00
-2.414223788408223115e+01 1.060483735337011524e+01
-2.481586518278077591e+01 -7.756802283176054580e+00
-3.238663296840200445e+01 -1.015163478610868353e+01
-2.022282869517665205e+01 -1.015161427987688469e+01
-3.250660847008666821e+01 -7.585010508182169708e+00
-7.676333864963263975e-01 -3.227441992412229954e+00
-3.585667107165433976e+01 -2.493650081880868896e+01
-3.129672007941809042e+01 -2.052776958833186782e+01
-3.554254757195779746e+01 -2.439313747352347761e+01
-1.915354597026790628e+01 -1.559264040206566015e+01
2.630479104095493348e+00 5.044155319924596981e+00
-1.826318248357440766e+01 -1.129902727905056636e+01
-3.860932123527989290e+01 -2.484551295168150631e+01
-3.849774523525442049e+01 -2.486302538716886446e+01
-1.968372318420983902e+01 -6.672512268202432040e+00
-2.941803980687119235e+01 -3.983042457880752618e+00
-1.909295598111495451e+01 -8.168534833496716274e+00
-1.680883258618837672e+01 -4.030152250721675600e+00
-1.850382133162328202e+01 -8.713076978844908282e+00
-1.487505586426729476e+00 2.054852858213952693e+00
-2.804089106401125875e+01 1.472788919434531385e+00
-2.603494005216445828e+01 -1.784966337867931330e+01
-3.485515752425925484e+01 -1.390232207349332860e+01
-2.572903672216264326e+01 -8.137287283321811060e+00
-3.168981137903630341e+01 -9.276877458286891809e+00
-1.511731867848523336e+01 -1.420677822384439715e+01
-1.922542531330844184e+01 -1.144607121737001521e+01
-1.789221545640364752e+01 -8.859685308046177710e+00
-2.855435436872015398e+00 -1.009175077993038450e+01
-1.733081419157185721e+01 -9.026579597801363875e+00
-2.653042704344673908e+01 -1.095410628329243075e+01
-4.083359694705929854e+01 -1.941864737898480797e+01
-3.061516994334980879e+01 -1.063476309164169997e+01
-3.993276768929423515e+00 -1.405891137454612938e+01
-1.343696139109278853e+01 -4.644902766997129895e+00
-3.044818917563633676e+01 -9.830447926313313545e+00
-3.203292324138676150e+01 -7.462716412064281712e+00
-1.908581232485849810e+01 -2.377645542063452133e+00
-2.009370538840401110e+01 5.016432814732125323e+00
-3.144916472135112784e+01 -2.066602784309257501e+01
-3.658592637338117726e+01 -2.541488714142044714e+01
-3.803726797025161233e+01 -2.259299823348405312e+01
-3.258382788731521629e+01 -2.465377928368022609e+01
-2.928494981554811361e+01 -2.409312109204018171e+01
-1.285304839639443664e+01 -4.579982332625314179e+00
-1.613695267552560964e+01 -2.582159392197901138e+00
-1.427776471379354106e+01 -7.446046654725929415e+00
-2.148832709359674809e+01 -1.042225162939942606e+01
-3.145885548246841878e+01 -9.268730755205821126e+00
7.537387379915408414e-02 5.928796645123950437e-01
-3.308871325453770851e+01 -9.687962168083283032e+00
-1.936305457632012406e+01 -9.751263702249374887e+00
-1.444517337630826148e+01 -1.092221675676509740e+01
-2.993869466702120263e+01 -6.271632699516920262e+00
-1.860455427910177306e+01 -9.048529110751633908e+00
-2.900969653606116694e+01 -7.954979257412784222e+00
-3.202727427481833899e+01 -1.036765482665410332e+01
-3.247830106394467720e+01 -2.255735746685182619e+01
-2.599685821772152394e+01 -1.468512724517564472e+01
-2.680197490941160154e+01 -8.600483502957729343e+00
-3.140929366351809193e+01 -2.642527776312535437e+01
-3.170066056262650633e+01 -2.271130486135458071e+01
-1.799058530443887349e+01 -9.409058957233913389e+00
-1.149038801877865446e+01 -9.441918106325640991e+00
-7.595918334616446721e+00 -1.192549370342509185e+01
-3.083165396209870934e+01 -1.087361158659693317e+01
-2.750959239467085382e+01 -1.026859100780466250e+01
3.128559869586288844e+00 2.347588614671020757e+00
-1.979357839655338580e+01 -1.298798046360886183e+01
-1.997499398379328994e+01 -8.500119272783329905e+00
-1.547027003083091223e+01 -3.174021769546165661e+00
-3.232193663691424490e+01 -8.843866219306782739e+00
-3.094665957652600596e+01 -8.639863851105648251e+00
-2.754223384610903214e+00 -1.309106155042505826e+01
-2.963331794487954696e+01 -5.283132705009791152e+00
-2.048838230396849625e+01 -7.121705447798369448e+00
-2.178983609706850899e+01 -1.251134185714701097e+01
-2.797422197913299047e-01 -1.827484200887073973e-01
-1.621741240424909591e+01 -2.277840111158540903e+00
-3.787841596608500083e+01 -2.286941965643052299e+01
-1.915419928921734538e+01 -1.559693833341818703e+01
-3.378401663983540715e+01 -4.606226772287267401e+00
-7.804357388533441409e+00 -7.544887429575189763e+00
-1.736013195862986080e+01 -9.556463162069432471e+00
-1.605972641011559077e+01 -3.005894743198615160e+00
-3.414905357611316106e+01 -2.417069368175225108e+01
-3.079255875585621283e+01 -2.201273133625516110e+01
-1.479761532619576059e+01 -1.405826873448843095e+01
-2.598477032623449645e+01 -5.014159865883760503e+00
-2.438864087462003027e+01 -6.906207258591802400e+00
-3.097491767306090082e+01 -1.993848541658656259e+01
-3.297186224854058878e+00 -1.339658153314431921e+01
-2.521385916224543777e+01 -1.396450705807542114e+01
-1.898723579975404618e+01 -1.008652791377774527e+01
-1.579509566667259612e+01 -1.606754866983127883e+01
-1.865801218381616167e+01 -8.316995676497406009e+00
-1.892608652478019238e+01 -6.117171846479600994e+00
-1.884533303097788703e+01 -9.532975843125436555e+00
-2.755468602809001410e+01 -1.038286789203764116e+01
-6.367727981224178269e-01 5.042600454453397552e-01
-1.679668188840417642e+01 -7.445773479862910271e+00
-1.286804078127192597e+01 -6.564694590486853443e+00
-3.700183668703799356e+01 -2.358044478445042813e+01
-4.160073674463115623e+01 -2.104355920576459482e+01
-3.591347174574985956e+01 -2.036349701714453531e+01
-3.135768308081017253e+01 -1.673989750180527381e+01
-2.676745858789733035e+00 -9.597686792445408344e+00
4.490571871628221245e+00 3.451608086737107395e-01
-3.327807558808165567e+01 -1.980943560550806737e+01
-2.493702108048853106e+01 -1.767306247505635852e+01
-3.549504784364366117e+01 -2.550903073123802400e+01
-3.080474239297379668e+01 -8.290014708231597140e+00
-2.112825302538498917e+01 -1.355980202596148132e+01
-1.998082892182414971e+00 3.049884155622616611e+00
-1.728225620478348645e+01 -1.141077822802664699e+01
-3.562503468297835951e+01 -2.687739000078168772e+01
-3.326337536929082006e+01 -2.629434674935635385e+01
-1.589512173928240557e+01 -9.681232130812350789e+00
-2.459676976863654829e+00 -4.146374150962340299e-01
-1.377732592526916555e+01 -1.533503919142319738e+01
-3.208525327965256935e+01 -2.282300805111711295e+00
-1.227631788272793933e+01 -2.411212481243129702e+00
-2.752596689206249181e+01 -1.779417687697678119e+01
-3.460154847905268127e+01 -2.516366761209830827e+01
-3.420904740750031436e+01 -2.358775757691503117e+01
-3.555507457676571192e+01 -2.401549450540004571e+01
-2.787656302580183976e+01 -2.417263372651237585e+00
-1.959058684322459243e+01 -8.103219042574911768e+00
-2.493087348472209896e+01 -1.456529758578446554e+01
-3.453392334171945777e+01 -1.899838279621512527e+01
-3.568816165009584296e+01 -2.502962318971996680e+01
-3.135386964379398833e+01 -2.395376881226479071e+01
-3.151253710239191008e+01 -9.325544670253705704e+00
-3.284515450214178145e+01 -3.350822356765811527e+00
-1.656647441756063444e+01 -8.771257739392865460e+00
-1.799807145079707027e+01 -9.739169272834679703e+00
-1.706078993960544210e+01 -9.369907733028625785e+00
-2.829033346369899604e+01 -4.645313852308315283e+00
-2.788781384401268326e+01 -8.837899624647077346e+00
-3.259407396838285109e+01 -1.098529992935137400e+01
-3.163677425271816546e+01 -8.551813547695072515e+00
-2.901646647649650035e+01 -1.369797466274452447e+01
-1.967026086565545384e+01 -9.432095934891753686e+00
-1.875841293549649791e+01 -9.985377095850164864e+00
-2.394636789550430223e+01 -5.297699646867240375e+00
-3.455000769333703659e+01 -2.429603560097594439e+01
-1.670813711593529050e+01 -2.947185465506422464e+00
-1.398423476827815826e+01 3.756529297887461816e+00
-1.312594758581257892e+01 -1.245005482634225480e+01
-2.991202169256765941e+01 -1.089432508712702941e+01
-3.136422454798816872e+01 -4.235171391531601159e+00
-1.395931535429316384e+01 -6.317775696021746823e-01
-3.081785085204351660e+01 -9.361433985273460934e+00
-1.447022016729038008e+01 -2.351867978919014224e+00
-2.008718698830529803e+01 -9.453028837907629267e+00
4.122152595654422491e+00 7.258478846792396411e+00
-1.978844822192658270e+01 -1.312450828626895039e+01
-2.683273664740588416e+01 -1.818116917904971430e+01
-2.682784923873790461e+01 -2.088922952899471142e+01
-1.149038603689799132e+01 -9.441936291804683634e+00
-3.795121801759718494e+01 -1.813040913472726956e+01
-3.851961455387039024e+01 -1.640457852098728608e+01
-7.011856675395558014e-01 -3.191924156718362937e+00
-2.139323272256440234e+01 -8.525468111779066049e+00
-1.925808340652995909e+01 -9.324235636196496202e+00
-1.582700747230676797e+01 -1.135436372976063346e+01
-3.127812728415167598e+01 -1.058448889180785635e+01
-3.399278416471511122e+01 -2.502082060129875174e+01
-1.149038759591897474e+01 -9.441920322229680806e+00
-1.977672414288009151e+01 -1.222839245974503442e+01
-3.136124725887668419e+01 -1.674946131916433245e+01
-1.822777836589367340e+01 -7.104781079609897354e+00
-1.973541056662540072e+01 -1.048292688554007945e+01
-3.426931652709762233e+01 -4.511353211180093581e+00
-3.328089609617003930e+01 -6.546588996161143648e+00
-2.971371763786904552e+01 -9.009128946523007997e+00
-2.719791973923245010e+00 1.042351827720216662e+01
-1.486072466957708826e+01 -1.488939925827991839e+00
-1.744066021048228166e+00 4.208647385246930966e-02
-3.477637201771238296e+01 -4.354050580918735314e+00
-3.428063476064198767e+01 -2.515665060538420761e+01
-3.465194491214338512e+01 -2.461628658621357602e+01
-3.130362940748981515e+01 -1.321515550614559764e+01
-2.217316248403041357e+01 -1.740828809086635687e+01
-3.058970982868158472e+01 -1.045293152677665027e+01
-2.035489222060563108e+01 -1.106382499305401446e+01
-2.586753009717127583e+01 -2.517105961388678370e+00
-2.707773217149004097e+01 -3.993322398806491424e+00
-1.474436938187461799e+01 -8.245874881408434831e+00
-1.421008851613215285e+01 -3.813315044068526838e+00
-2.986723928383069904e+01 -1.220360220429576437e+01
-1.591100486379789025e+01 -4.188256172113452358e+00
-3.503945524982561466e+01 -8.778514854996732453e+00
-3.735725770029423387e+01 -2.624253167643413320e+01
-2.691758428467437181e+00 3.370011822903121956e+00
-3.348814568573329353e+01 -8.634399187441838208e+00
-3.852469663686288470e+01 -2.179865767284145406e+01
-3.104499112187843224e+01 -1.253977488344574809e+01
-1.030386635482083690e+01 -1.271788908406860941e+01
-1.360581242091098808e+01 -1.275691317706796291e+01
1.581765612594633774e+00 -6.465397658115749735e+00
-1.862771961149356770e+01 -9.099940209268000402e+00
-3.132156671386119839e+01 -6.645151499178736820e+00
-2.006075717489908783e+01 -9.156337479795819689e+00
-3.425451406010675015e+01 -3.563212521663362775e+00
1.890277502504474327e+01 2.274357922396100662e+01
6.857227586079472026e+00 2.716987660176904029e+01
8.741275683094757554e+00 1.696746116003592775e+01
1.746112300286827335e+01 1.749502315866461188e+01
1.834615542018413592e+01 1.540713786463700430e+01
1.480775121797615768e+01 2.243755484208292472e+01
1.276359235756854638e+01 2.486200424237902951e+01
1.500151114886743287e+01 2.464707298900708565e+01
6.779936913627144790e+00 1.884272484662010783e+01
1.696988268403722699e+01 2.145707124825360879e+01
1.533866685812014552e+01 1.704782381669360447e+01
1.875916778327007606e+01 2.073685661483418130e+01
9.815403971645899617e+00 2.165151544051773413e+01
1.605778929673111577e+01 1.960171733703838726e+01
2.016573864818702688e+01 2.258874375114101341e+01
6.828483941539832180e+00 2.838890091383322201e+01
1.644991289702041115e+01 1.811534056116088465e+01
6.367862451521807188e+00 1.493322349354472856e+01
4.511443212729368213e+00 2.839147262940737804e+01
1.606839167326425155e+01 1.560735042388274785e+01
1.595075599569496205e+01 1.956696752306134357e+01
2.211237255907981591e+01 2.065241739412163469e+01
1.810974544804771824e+01 2.243647650557256767e+01
1.654736606745143135e+01 2.053391276839871082e+01
1.289256863058824543e+01 1.979486252043696126e+01
1.492031376836060019e+01 2.092896996919881758e+01
1.349446202581146892e+01 2.795854364972133865e+01
1.620486603105344869e+01 2.908676333684238102e+01
1.833307579855744862e+01 2.379078073417755945e+01
1.616913548732504680e+01 1.979270689652609150e+01
9.247707366687055952e+00 2.284048470839546852e+01
1.361795429106295607e+01 2.094203297862296509e+01
1.598043341656443950e+01 2.521906808615788975e+01
2.200010906806508970e+01 1.929162841550880003e+01
1.166655249049229504e+01 1.766080057421564220e+01
1.871974018693914488e+01 2.033111961666512357e+01
1.087134617834166939e+01 2.197283177017665423e+01
1.888186371966565957e+01 1.698446644974021424e+01
8.476963780907571078e+00 2.727457184345599828e+01
7.685563060394891011e+00 2.039307700562831016e+01
2.181148562159883753e+01 2.239636229816846935e+01
8.228057370312725993e+00 2.923623811723347643e+01
6.461832168678702359e+00 3.038108726743479338e+01
1.082035079246447573e+01 2.765579263349226835e+01
1.946978376563744462e+01 2.243071839866779627e+01
1.295433014955057871e+01 2.382474549043184453e+01
1.164814215413922760e+01 2.797644181481907921e+01
1.846734150246575723e+01 1.500860754627795401e+01
7.913461598282323983e+00 2.753311141113432825e+01
4.894881264205393379e+00 2.279792962657648303e+01
2.069154433303404161e+01 1.593562252736407459e+01
1.266627480447202991e+01 2.748414073930309698e+01
2.040805187873213100e+01 2.413193319604389941e+01
1.903403348246842341e+01 1.865826153715217828e+01
1.529814179322903733e+01 2.522544002610125347e+01
1.487532190974828161e+01 2.518971234568622108e+01
7.262839724765980165e+00 2.888413367264750420e+01
1.492761232011344497e+01 2.639590896660122965e+01
9.296179934196786121e+00 2.684388685443328626e+01
1.835502757511548566e+01 1.970147886719637143e+01
2.130844806553573889e+01 2.262746750105000260e+01
2.013152212254378171e+01 1.975563670272370587e+01
8.702776703515533896e+00 2.097056108417020681e+01
4.376927001786022231e+00 2.623621052514641505e+01
1.903838106504788641e+01 2.014001320370536519e+01
1.478326031347351588e+01 2.200851509916036619e+01
2.101891692279875201e+01 2.080601904776118971e+01
6.272483446388103623e+00 2.634722765634345265e+01
1.758632446452254072e+01 1.839349204444406283e+01
1.290891355223022607e+01 2.434167914528797994e+01
1.373623525089811004e+01 1.360822310512487299e+01
1.072559347755047554e+01 1.587388127138726546e+01
1.707303331577766059e+01 1.462393045737685604e+01
1.349687557733044940e+01 2.912362080984598833e+01
1.431748643664478671e+01 2.202607282502123098e+01
1.375636717475063620e+01 2.250160283800512317e+01
9.451716763063243931e+00 2.882825106530243886e+01
1.882872146384710632e+01 2.386023704531367429e+01
1.386563386832991007e+01 2.602639669346694973e+01
1.595146154348405787e+01 2.019219005662294819e+01
2.115190717340843563e+01 1.788602690480690782e+01
1.857691187671409594e+01 1.330133198414496931e+01
1.025308206658605492e+01 2.803561558928714703e+01
7.433131041059434452e+00 2.284179314372309122e+01
6.057994956218686333e+00 2.944199935536677870e+01
1.507247631832200341e+01 2.487326825718251655e+01
1.514505431084847054e+01 1.447031502847994844e+01
1.773455081967908953e+01 2.251902762182063000e+01
1.101254603444511382e+01 2.465864288621379075e+01
1.970023956754330641e+01 2.322207708637771972e+01
9.493497453926279306e+00 1.399461488302944367e+01
1.255090293866438955e+01 2.762675334557370022e+01
1.479556050461196648e+01 2.350356316248776167e+01
1.107904919830393453e+01 2.394472691473791670e+01
1.691609782573717169e+01 1.935450739931405550e+01
2.121034452419517180e+01 2.260564350253976329e+01
1.344748752461397423e+01 1.510529267140319121e+01
1.676691987229063940e+01 1.951227359153988417e+01
1.566031072668427626e+01 2.630715296112927959e+01
7.814788594851297177e+00 2.359432663577999634e+01
1.979631146792212348e+01 2.457398901118312651e+01
1.733978441895450118e+01 2.753137787161627514e+01
1.251273657684042995e+01 2.245411378665744451e+01
1.698234833509132713e+01 1.987317340972879620e+01
1.833089311436001623e+01 1.917392181125179462e+01
1.379626550545100550e+01 2.698120316441122313e+01
2.168800637328358150e+01 1.780975773064801260e+01
1.587267660900920774e+01 1.701446348713623635e+01
6.186627783539857539e+00 2.423396200626491392e+01
6.155359117088411658e+00 2.112884290345944294e+01
1.358618215573145349e+01 2.095822561442533782e+01
1.572762730643691320e+01 1.870894806612058403e+01
1.947200317991431717e+01 2.244098209529310139e+01
1.161293870351761726e+01 1.213944348559689601e+01
1.817205731547718983e+01 1.935608755224157207e+01
3.982221411960535473e+00 2.037303078603407869e+01
2.071227285558205011e+01 1.564922204496285829e+01
1.556299672774533782e+01 1.985146687773622531e+01
1.149242825026804482e+01 2.259577636531092182e+01
1.979869594766085683e+01 1.855374365675162807e+01
1.300240193165251945e+01 2.116665118550604063e+01
1.221251949769450285e+01 2.155620730856497858e+01
1.209079447932464291e+01 2.364063364290556279e+01
1.085476229784322300e+01 2.859328806008013402e+01
1.068517267887765776e+01 2.351637203652023445e+01
1.190898843257294715e+01 2.891492043725657624e+01
2.031110021695477741e+01 2.582794040403594593e+01
1.202721772997754357e+01 1.921055436430393826e+01
1.179957348375796222e+01 1.404151195138914687e+01
1.364250680631637103e+01 1.988751445347397606e+01
1.716215683606112918e+01 2.554664048719916991e+01
1.569406849403307369e+01 1.882896670050963195e+01
1.264303879276582521e+01 2.043697220729708164e+01
1.769849284580089943e+01 1.658447043554681599e+01
1.757142283568969887e+01 2.520196902551544582e+01
1.828710340174391646e+01 1.963653269719976890e+01
1.767918161869920368e+01 2.240614758096176828e+01
1.352561900226110048e+01 1.644807790152639626e+01
1.411529956771112282e+01 1.751144578318869094e+01
1.737470489062974011e+01 2.615312295589744451e+01
1.202137894078854075e+01 2.556602506949254661e+01
1.496836483933397943e+01 2.433773264494062261e+01
1.631776311928764045e+01 1.688672428974305717e+01
1.776581678516356888e+01 2.286546086754244200e+01
1.767842024939562862e+01 2.241572578874130173e+01
1.749612860075453469e+01 2.529035193398076586e+01
1.079550079638478799e+01 2.028590998619342400e+01
2.040403945685587317e+01 2.032593739036466829e+01
1.628922442974096896e+01 1.928485532166905969e+01
1.903969607682143561e+01 2.091959210990876628e+01
1.098335712654014351e+01 2.671897119819601230e+01
8.055997102086209338e+00 2.736180919004488743e+01
1.388548681158746412e+01 2.090260704550531656e+01
1.326753172588728447e+01 2.570871891680857857e+01
1.645888284251558176e+01 2.036559806073898926e+01
1.895784145309836788e+01 2.250098931898580901e+01
1.545347964391664775e+01 2.470087222172006491e+01
1.793415479963526948e+01 2.095066890426663875e+01
1.519193196222699704e+01 2.501969913676613899e+01
1.205730146591525376e+01 2.346846908208359039e+01
1.930984569120332850e+01 2.202113813672406195e+01
1.557515877028847306e+01 2.629493026270984757e+01
1.358437993302471192e+01 1.892222982801656883e+01
1.849929552239908048e+01 1.799508811289043919e+01
1.616413931217554278e+01 2.128752009802147072e+01
1.941871246411864149e+01 2.454767465120621850e+01
1.493488170488050670e+01 2.789988834800305995e+01
1.057242518666238240e+01 2.776607059580558712e+01
1.998182167126709174e+01 1.761816427738800428e+01
1.416615578998379377e+01 2.573131461350705962e+01
1.403067689000579499e+01 2.066747253614319391e+01
1.010344837023997222e+01 2.451971366657654627e+01
9.415669204941050197e+00 2.449092642766621708e+01
1.038046390354475079e+01 2.553118955814438706e+01
1.864489863813400561e+01 1.953737373252395670e+01
1.427186735283843433e+01 2.128128928300064260e+01
5.995129584073365159e+00 2.909985279680346792e+01
1.520021545480941150e+01 2.502864139592946202e+01
6.025493349588202818e+00 2.932102967124393444e+01
1.764963897286250472e+01 1.972518980756606766e+01
1.731228181804173971e+01 2.182684279508025327e+01
1.251521341595676873e+01 2.767094304376042047e+01
1.071293664148303471e+01 1.583088904964339783e+01
1.976719691446508875e+01 2.105677682463962697e+01
7.344119933159711344e+00 2.893245645609168193e+01
1.152406010388548019e+01 2.027504264770017528e+01
1.733663204261912583e+01 1.933625841295990000e+01
1.878734337488044304e+01 1.784900544457887150e+01
2.331405004289389638e+01 2.144228511977983231e+01
1.491723826503690731e+01 2.760878435168654121e+01
2.053162637375629984e+01 1.939881727011855617e+01
1.986430869609702299e+01 2.586315154994919752e+01
1.102434419963600298e+01 2.406924880839864400e+01
1.892380730976874759e+01 2.269823013648104038e+01
1.037543849689019915e+01 1.709666829384298481e+01
6.361265938786403673e+00 1.491185453332325217e+01
1.286043641980057295e+01 1.814163942881966207e+01
1.608731543101056616e+01 2.352089926082071258e+01
8.021681377080348341e+00 2.698690882844789130e+01
1.402386624590833186e+01 2.080112674672973938e+01
1.492778212710356733e+01 2.027336821767306319e+01
1.493557279075078270e+01 1.832509912313798495e+01
1.653110758149032833e+01 1.268618914622113358e+01
1.785091343623273730e+01 1.998153672568029293e+01
1.720457782027709115e+01 2.556567101751702964e+01
1.407484859171145075e+01 2.440642518136188599e+01
1.684764026544810633e+01 2.261352173189805015e+01
1.811109903244559050e+01 2.667034353159785454e+01
5.187091339570750748e+00 2.867041178491397702e+01
1.881860339673337990e+01 1.548442574919823045e+01
1.273181929715111238e+01 2.620014806633512450e+01
8.096165220304428090e+00 2.769410507241013875e+01
1.951367751468036360e+01 1.957779033432664306e+01
1.782066944694811639e+01 2.371173798689063261e+01
6.780344154765042042e+00 1.664029391241068012e+01
2.167951967554364145e+01 2.445083079465373999e+01
1.048621833833670181e+01 2.623949595084220832e+01
9.443325037724303428e+00 1.872493883151211946e+01
9.956514217183356052e+00 3.013491305412699717e+01
1.494847448944681112e+01 1.905526099933816297e+01
7.157531207046333499e+00 2.942916956493236924e+01
1.507525256131540914e+01 1.732550409598325558e+01
1.347544421816965432e+01 2.557204484929341959e+01
8.142662671414495179e+00 2.605305937302523134e+01
