1.759416986723321623e-04 3.991856297600752723e-05
9.763171304113096914e-05 2.228282932626593027e-04
1.859897011952416112e-04 -9.717427184268193855e-05
9.476275397687589986e-05 -1.498609161288055262e-05
-1.001038192553810847e-05 4.101249389122666253e-05
1.464352653487559953e-05 1.447714271325445303e-04
7.590065058884966787e-05 1.222425727895237784e-05
4.434327010994268517e-05 3.344290308617396700e-05
1.489200933382989536e-04 -2.034346241128556047e-05
3.132437425480617577e-05 -8.511615337053132519e-05
-2.524552758910698176e-04 6.494595862518092681e-05
8.622065234325543444e-05 -7.385623075751591158e-05
2.258730661273472204e-04 -1.444166107639608581e-04
4.866646121131204593e-06 -1.862566167294915051e-05
1.527947279195048793e-04 1.464019530877424592e-04
1.571389287980666814e-05 3.778073360582958793e-05
