-6.834527731791887106e+01 -3.996375464087266494e+01
-6.454529797448067541e+01 -2.707792931153291605e+01
2.312612446884897111e+01 -1.577094449352888184e+01
-6.252073419904488283e+00 -7.684973075408491638e+01
4.274890782905093545e+01 -1.553946089937564068e+01
2.492783669051707207e+01 4.373078119215656301e+01
-3.943610602899710216e+01 -5.620155972582948323e+01
-5.740148526956441088e+01 -4.815671096844933174e+01
-6.913723689168766384e+01 -5.867524612851141796e+00
2.686133344142238855e+01 -2.846702926575120784e+01
-5.650064778182797198e+01 1.972727539314978173e+01
-3.098635905175405014e+01 -2.818446824414451157e+01
-9.950406101089313893e+01 3.527196390774770407e+01
-1.420039343873526327e+01 -2.320779131764997061e+01
4.133385211074413235e+01 -2.213541434061438906e+01
-5.389706858304980130e+01 1.014221335298925055e+02
-1.043726432162237074e+02 -2.633191805590967327e+00
-6.078311137522759111e+01 5.431699489202027564e+01
-9.802292016335657365e+01 -1.593524784014224949e+01
-8.169771301449723921e+01 1.640400734809968597e+01
-5.898498018911462282e+01 -5.946814777237152327e+01
-5.707964929138118748e+01 6.054618852607861612e+01
-1.021472469240359118e+02 -8.116969129171090458e+01
-9.790428732546368451e+01 2.664966737897842819e+01
-1.570811285202898091e+02 8.008030222919826357e-01
-4.345441943475226765e+01 8.487557018852271540e+01
-3.944031604347050290e+01 1.477177706949510894e+00
-2.517668214881871691e+01 -4.240132128569029391e+01
-8.050583862229150611e+01 2.577822074793309781e+01
-3.474281300685499474e+01 2.508356219840089452e+01
-9.082090210295730515e+01 3.347971374834771696e-01
-2.430595806762644884e+01 3.175056197350016873e+01
-6.961334625996421721e+01 -1.897608470491211818e+01
3.525056773096811469e+01 -4.071756817160764541e+01
-1.356639604024520196e+01 7.607718376621595269e+01
-6.773897189441335343e+01 4.318241018755121274e+01
-5.874044284799859383e+01 4.387394285663625482e+01
-1.118508286111037364e+00 -3.903826718146537900e+01
-1.040949608078905442e+02 2.987067325725225686e+01
-6.093308032189241885e+01 -5.487791236979827403e+00
7.033865435566043267e+00 -2.154783636849515460e+01
-7.804927373680386893e+01 -2.095787910536462917e+01
6.455518620125483942e+00 -3.968595656910649438e+01
-5.077914973231928997e+01 7.307833480267989046e+01
-5.291033681115247589e+01 5.809911726993271230e+01
-3.807357210155509364e+01 3.625833386871264707e+01
-8.596025256861157970e+01 -1.100593455022572087e+01
-2.111137159126741736e+01 4.616642875445626970e+01
5.755919727950177034e+00 1.004887834904847566e+01
-1.059443517250822850e+02 -6.447853675786554994e+00
-2.824345195933264208e+01 4.874034256212139837e+01
-5.260845480045771438e+01 -3.644103898347873738e+00
-1.189752907597405311e+02 3.216093100628683032e+01
-2.135230041664516776e+01 -5.593134575077854720e+01
-4.049094926765820190e+01 -5.155885847759650886e+01
-8.724771397909370307e+01 -1.693213431472378616e+01
-1.221956642942218281e+02 2.461379712085217619e+01
-7.873991106426733211e+01 -2.888490407188726650e+01
-7.473743049151164541e+01 4.208245285244281320e+01
-7.180811383317809771e+01 -5.332456193366003561e+01
1.788669450313130227e+01 5.254019319671768606e+00
-9.361336195546405747e+01 3.013279291801818616e+01
-4.809078163554298158e+01 5.449051691967099487e+01
-5.048434490534796026e+01 2.295080438902680342e+01
9.506092307374785833e+00 6.074515908798961306e+01
-1.221775111233368563e+02 -1.210614511666308069e+01
-3.904546625137943749e+01 -3.691981235508536230e+01
-3.124717221679657442e+01 -3.303102073306637965e-01
-2.834806667069085684e+00 -3.253764745407264769e+01
-1.018827101408993485e+02 2.225399514479973107e+01
-6.739463053751002519e+01 5.358563379476717792e+00
-9.058173132411455697e+01 2.474800184340412912e+01
-6.573702397863846159e+01 6.892974920628003588e+01
-9.150437279796611278e+01 -4.482534624977621007e+01
-2.006545330833868235e+01 -4.056793195952879927e+01
-6.298444548485228012e+01 6.038549243665732291e+01
-9.926526009603151124e+01 1.025785766148476164e+01
-7.429822414242899242e+01 2.789248559963414920e+01
-3.102814290109365558e+01 8.964301998803382787e+01
-8.010806399015024226e+01 2.291385086254355663e+00
-5.130486771637634291e+01 -6.427133261512628337e+01
-2.953651023312430013e+00 5.275813812238626355e+01
-6.781900379939908419e+01 2.873816659698777798e+01
-8.808095848578020082e+01 -3.648237422936342256e+01
-1.935955263251478797e+01 -1.261410042160009226e+01
1.859211178130777853e+01 -1.735084742764589905e+01
-6.007729091432294410e+01 2.528687781538979706e+01
1.962001550931528016e+01 -7.434456255727624807e+00
-7.212942939529811248e+00 8.882161329111774251e+01
-6.618207922875410532e+01 -5.710094126776090917e+01
-5.903181348861986066e+01 7.725393448336286895e+01
-8.520616027099040934e+01 -2.349910180432974371e+01
-6.342403705509234157e+01 3.561673224980491170e+01
-5.810082298406045709e+01 -1.804655954707446952e+01
-6.717391312644299717e+01 5.364280462534181027e+01
-8.469241534469190924e+01 -6.032534404224288949e+01
-5.478830008804271756e+01 6.719501327712768557e+01
-7.589738633676267909e+01 1.963890696379832690e+01
-9.195705603624890045e+01 -1.002622833332935492e+01
-1.058494350893068230e+02 1.092244090377559296e+01
-5.530465752964202863e+01 -3.042591172335593441e+01
-1.348534648092823218e+01 -7.537321101930830380e+00
-2.268929248271242116e+01 -2.200859237847550887e+01
-9.316644341405793739e+01 3.410998183593692090e+01
-9.482042160524713381e+01 -4.726190795140396084e+00
-9.473834009127838840e+01 -2.199052719340318518e+01
-4.172427270265004751e+01 -4.207775637683678127e+01
-5.462693325919956067e+01 -5.510614335502448569e+01
-7.560686965257795578e+01 7.225626632822385886e+01
-8.254516394482899955e+01 6.685672351034207850e+01
1.079463984980809421e+01 7.049959566396932331e+00
-1.274157609252882040e+01 -3.952812555409234818e+01
-3.983982228427400685e+01 -4.633919595266728919e+01
-1.018887110236547642e+02 -3.130797858950417023e+01
-9.223913983841509179e+00 3.733847355795639089e+01
3.245717870884111278e+01 -3.927179395134577700e+00
-6.286282118613862480e+01 -2.338591046598460788e-01
-2.195143181727921800e+01 3.732299365846228056e+01
-1.353713655851614135e+02 -1.822295724909740144e+01
-1.794955228950504988e+01 6.463185444186747475e+01
-8.214337294676261081e+01 3.008920329732248788e+01
1.437524213694516639e+01 -2.856245466378878106e+00
-5.220968688974942040e+01 1.533021033904555530e+01
-1.028768468347698573e+01 -3.570192729976814405e+01
3.219941736661634479e+01 -8.972680359042243481e+00
-7.036288534928071670e+01 9.344514524159500013e+00
1.330314640602958853e+01 -2.429213314623765285e+01
1.723036391051119498e+00 -2.270463291638131409e+01
-4.444595766707553963e+01 3.164748902039578127e+01
-7.135954121620272872e+01 -2.551160660525057011e+01
-9.057579975303949027e+01 1.981559884208512301e+01
-6.344266110884726828e+01 -3.309791070563905180e+01
2.060425139689481000e+01 -2.547330822156819963e+01
-5.941981706251229411e+01 3.371555303545579196e+00
-5.274953161311226779e+01 -4.347067731569219262e+01
-8.590300533041272502e+01 1.106631290628754449e+01
-8.847304641341524700e+01 6.391241053463232014e+00
-1.218678795670504833e+01 6.010112278193076030e+00
-3.905757872020576826e+01 -2.961178991217100887e+01
-2.795187375215573766e+01 -2.303940890551020360e+01
-5.742867307477384742e+01 4.905291677704558140e+01
-8.055955628116112166e+01 -3.487004135709227626e+01
-8.590326222819001600e+01 2.053642741864967203e+00
-4.505885753361219059e+01 1.744728837667390309e+01
3.286120750749149977e+01 -2.302280932740072217e+01
-4.886319798833125105e+01 -1.349827247963883892e+01
-3.330881703005528749e+01 5.794341679638702658e+01
1.485836426349970019e+01 2.017084352131899294e+01
-7.137962715648107803e+01 -3.222233917803578862e+01
-7.500998446015546506e+01 -8.268886279038067499e+00
-9.082534608761505979e+01 5.901385230894130274e+01
-5.605398796924735905e+01 3.028112954365372644e+01
-4.363936297690499799e+01 9.251304913396207752e+00
6.228390717031716406e+01 -7.055393786197620898e+01
-2.056015990762775747e+00 3.828869194130332687e+01
2.713406401148768765e+01 -8.875332886613820804e+00
2.815872452192886755e+01 2.968345160927094106e+00
-7.625838682984897332e+01 5.756531479560216269e+01
2.319231204783837086e+01 -3.398229052516097681e+01
-8.066247027262226865e+00 -2.625840683719242286e+00
-6.890892671399122094e+01 8.527294422023994969e+01
-7.199143558987182701e+01 3.788262055570785947e+01
-2.958880024485223359e+01 5.320472306559474873e+01
-5.532239553604007654e+01 -6.050607507185303291e+01
-2.283389587579829438e+01 1.838338597507732075e+01
-8.113750404059391030e+01 8.328290751487744004e+00
-1.761575829468416288e+01 3.330861883576219817e+00
-4.864802672167383690e+01 3.788426882144501917e+01
-9.803045673532484727e+01 1.818283668477997139e+01
-1.642679261200110261e+02 5.142066750567148858e+01
9.000815055117467267e+00 -1.956475305113530627e+00
-3.098432624719544393e+01 -1.363112060737153541e+01
-3.880077558071705113e+01 6.043101798992149298e+01
1.049057499232103563e+00 3.199391052592674001e+01
-4.294850376579677942e+00 2.134077253721417478e+01
-7.000570168634239643e+00 4.445862963666239231e+00
-5.781067640625348503e+01 3.863791702588981991e+01
3.625127534270129814e+01 -1.213934214295111680e+01
-3.490736472809974345e+01 4.264918777634618152e+01
3.823676047461255934e+01 -3.211661871994004325e-01
-4.721818485489477268e+01 -5.639799629283924531e+01
-3.890347231362355984e+01 3.120178652264219465e+01
-4.044317773956586848e+01 1.127941882850389277e+01
-8.890526096458597749e+01 5.190792381766080865e+01
-1.321400213269309276e+01 -2.868375247976840470e+01
-8.347216961798956447e+01 3.867328001199160781e+01
-1.395903243573247288e+01 4.907519021034521245e+01
-5.699121670873633150e+01 -1.099460749170622442e+01
-1.138178687352895224e+02 3.243183362602630382e+01
-7.597587273188536550e+00 4.407418874261268371e+01
-2.562402622603091018e+01 3.418083626989007229e+01
-2.390304435932851490e+01 5.710328951119897312e+01
-1.069648280697305722e+02 -1.252547338369621244e+01
-1.062669671257337569e+02 -2.075104862883661028e+01
-8.170959437725176144e+01 -1.461490203780816266e+01
-9.101446506187792806e+01 5.058493289839993423e+01
5.649102902576815133e+00 -3.433235534208804296e+01
-7.588241125150500466e+01 -1.369548603937728437e+01
3.416727961920439327e+01 7.221052730257522967e+01
-2.328747555386361157e+01 -2.684844848684920038e+01
-7.882014889934144719e+01 -1.890107225947707636e+00
-4.178998377445671508e+01 -9.036068859044437573e+00
-4.253143784899143043e+01 4.215981493275548075e+01
-7.516787149841442783e+01 1.304298946380554902e+01
-8.151423833976080857e+01 -4.314029862469941889e+01
-8.682482695020414099e+01 3.368426606682026403e+01
-7.337323447540330790e+01 -2.203704448310666031e+00
-7.760954056528508715e+01 3.374353691509657693e+01
-5.403609339377287313e+01 4.672792132636237383e+00
-8.565351873685611395e+01 1.942887273043824692e+01
-8.405277248545681346e+01 -3.280847114208047977e+00
2.916299890280588514e+01 -1.908257235626444270e+01
3.637162229450408546e+01 2.860678954717823075e+01
-7.010460141215786223e+01 -1.348048919594048023e+01
-9.733196957928963400e+01 -8.805827563016574544e+00
-5.581223039841081146e+01 6.451065441204637985e+00
1.822877522663999628e+01 1.534318953681581377e+01
-1.148992892632522427e+02 -1.013366192234412999e+01
2.235299528617974651e+00 -1.470702968246331999e+01
-4.289261130577215653e+01 1.045516440050650573e+02
-8.094855141275274946e+01 -7.020531829040140614e+00
-9.303377129248383426e+01 1.446003487364530571e+01
4.223211900962078857e+01 -4.433780199302214342e+00
-2.442286733730126258e+01 -3.241074121744303227e+01
-4.474881014604405038e+01 -2.971348490510558804e+01
-4.718062547879343072e+01 -5.547251707955517475e+00
-1.002679817903748649e+01 2.119663039336957766e+01
-9.501087155665301509e+01 3.887399721091655636e+01
2.356258458983642168e+00 2.546319193310885964e+01
1.095632340087538026e+01 -8.084665356619046506e+00
-3.429633731351828629e+01 -4.119561667259672788e+01
-3.105665640775776737e+01 -4.597252018888161018e+01
6.694382670099284560e+00 2.864473551420412267e+00
-1.544930669987955696e+02 -1.564705270487257316e+01
-9.448034856405988080e+01 9.840451657488333836e+00
-5.769304993592719200e+01 -2.494652301256402183e+01
-1.377940267372470728e+01 2.757399267447232205e+01
-6.644026208295983338e+01 1.996208558952794121e+01
-8.980325039952326449e+01 -2.973094841423028001e+01
-6.392625163125300602e+00 -2.938340091845730129e+01
2.821938953198711175e+01 -1.396561091955457989e+01
-1.028552195547124768e+02 5.080120550653510492e+01
8.688267212858011845e+00 -1.339907791213769883e+01
4.086390377919972394e+01 -9.231596304164407130e+00
-5.240370254559122998e+01 -3.750674488005377327e+01
-9.679824758411878349e+01 3.356502375159015727e+00
-2.198832163925555250e+01 -7.719537689721197182e+01
3.223338756917026160e+01 -6.198075700087760964e+01
-1.004116429537468775e+02 -4.166689661874721651e+01
-6.358386149280828192e+01 -1.220618239065326271e+01
-9.336902381037918985e+01 4.506533823956083751e+01
-5.011167900462017144e+01 1.000445716127457807e+00
-7.064106827741154859e+01 6.237169223693518916e+01
-7.912232470006691187e+01 2.234543260081020577e+01
-9.260255896156876076e+01 9.351317543916464103e+01
-1.579014460748702398e+01 3.339440109908920107e+01
-1.717438582625088728e+01 4.025769848760462111e+01
-4.586600420969741521e+01 -4.791530910930642051e+01
1.122565709077502305e+01 -1.778425629326906332e+01
-6.018191698154760161e+01 -4.115179146298890345e+01
2.716340844612556538e+00 -2.874955553577398959e+01
-2.132637634280739292e+01 -9.475434422755613095e-01
-5.004976315795277486e+01 2.990238462597615765e+01
-3.274257472312558548e+01 -3.534471602817080793e+01
-3.724908631098794132e+01 -1.994821228259886681e+01
-1.118232342983366010e+02 5.337805343132409952e+00
-6.965912280919195609e+01 1.548391311337971210e+01
-1.100785945998527353e+02 -4.686269448807098570e+01
-2.000893092808398066e+01 2.549486657125202882e+01
-1.388675852315316206e+02 1.063278802717022309e+01
2.599899247552847115e+01 -2.860569363198646187e+00
-3.959905965971601915e+01 7.634348509553315409e+01
-8.580550702305945743e-01 -4.171419491815161251e+00
-1.800243709904031064e+01 -3.113720962110638624e+01
3.370972667030195424e+01 -1.640505539952863856e+01
-1.747123886172900242e+01 1.336524115880211383e+01
-9.784510654236716221e+01 5.655732531678478381e+01
-4.028296398274212464e+01 2.146773569167427809e+01
-7.481832305877345846e+01 5.045323963452848659e+01
-2.510977961502667810e+01 -1.069855527429184328e+01
1.441268222870781024e+01 -1.137567874262080458e+01
-6.354810361337086988e+01 -4.928095687500290722e+01
-2.753482084993840218e+01 2.353465297310946625e+01
-1.424751045902529434e+00 7.694825030018898282e+00
-1.352132124068031089e+02 -3.526972700954752682e+00
1.943084363174911733e+00 3.985849567606983834e-01
-4.562261871469115704e+01 -3.665057238842514664e+01
-7.529117334254353011e+01 -4.580239565322332140e+01
-4.701941985400405599e+01 -4.233167454224608406e+01
7.897004723558017858e+00 -2.828826906479103798e+01
-2.239519917969261087e+01 1.175134746403002950e+01
-7.580060339060466390e+01 6.586728182477586735e+00
-2.741920473950732795e+00 -2.450075247091729125e+01
-6.852244590559317317e+01 4.110822064580486046e-01
-4.821188227383625957e+01 -2.152865796123501596e+01
-8.922501111114945616e+01 3.767925045398244066e+01
-3.401063711764717823e+01 1.162036040200230147e+01
3.579540266823975969e+00 -6.479287811341960968e+00
-5.257116884989103056e+01 -5.049066719895066058e+01
-6.684501654031234352e+01 7.357289010015675501e+01
3.385802240493561754e+01 3.695882165459786428e+00
