2.992815839639952458e+01 -1.067042564317295117e+01
-6.144666947748105734e+00 -9.516519700775845081e+01
2.206345724404203779e+01 -1.324429763776021218e+01
3.890314211621772245e+01 -1.810018840237767535e+01
3.085998104575596201e+01 -5.895240386182844361e+01
2.638299757673918222e+01 2.747439039016767559e+00
3.731082980376886837e+01 -1.927047195176350147e+00
2.457024195156107638e+01 -5.455439894598562489e+01
4.156809847240361933e+01 -2.413184384160541995e+01
3.450057581311975241e+01 -1.537043853684192918e+01
1.927269727023677959e+01 -3.032398568745833800e-01
3.223657546612475500e+01 -3.066443825047209870e+01
5.463359205118925388e+01 -2.583338653735421531e+01
6.191408493038402128e+01 -2.268140289605352322e+01
3.352401901736320866e+01 -2.598245227777711364e+01
2.331172504839412696e+01 -4.076618309621449043e+01
-3.749479801020508773e+01 -9.095282916890793601e+00
2.835880740267673161e+01 -2.041972546027154323e+01
4.780295338909127878e+01 -1.589623739640135547e+01
2.970355300633519136e+01 -3.657186496187680547e+01
4.221683617707768121e+01 -2.022484952811763037e+01
4.217338008630795798e+01 1.418892862310169889e+01
1.295353061549389828e+01 -5.516128312453351334e+00
3.363031641378059788e+01 -1.939083490491037409e+01
1.765632831492196431e+01 2.747867328328463543e+01
-3.993337241706212382e+01 -1.602121181803490302e+01
7.585720251473730968e+01 -1.454862177218049624e+01
3.774451316448504912e+01 -2.210930589107161737e+01
-5.465104471778675865e+00 -1.843233052413915729e+01
8.486117913072067154e+01 -1.945804110687468480e+01
4.891227290184114196e+01 -2.806535329260325895e+01
4.228499525452831165e+01 -5.382058489956924774e+01
1.157067462402467584e+01 -2.276956404934799494e+01
-2.222887298992719085e+00 2.287515943694585019e+01
-5.235986790593954998e-01 -7.302141999452054222e+01
4.102713480996501971e+01 -1.475761389543150415e+01
1.796772796848514986e+01 -3.651940998401472172e+01
-2.634532483942115277e+01 -3.959235404144543224e+01
2.933431701475996434e+01 -1.569081050869370841e+01
5.022930480793070274e+01 1.652453584676295772e+00
5.597553223069765238e+01 -3.448473148424694212e+00
4.552546740087805688e+01 -1.275401880435064150e+01
6.491326741859727356e+00 -3.799747608146538624e+01
2.440957008345274915e+01 -5.803558050637182220e+00
4.254635720011255984e+01 -2.616373330075857151e+00
5.701752629155888741e+01 -4.124332714955031065e+01
2.737509336808718174e+01 -3.239746447224624859e+01
-1.767224021078760199e+00 -1.433721164488141042e+01
2.242992355445126407e+01 -2.793332561076519482e+01
2.093782592569355394e+00 -6.602427642386420104e+00
8.766950963591094492e+00 -4.922331795552348233e+00
3.335364941609036293e+01 6.531612485107420696e+01
3.521886005952598708e+01 -4.305088079478151286e+01
2.723482947006547406e+01 -4.470776897523970206e+01
2.363723020989216650e+01 -3.519137296759203082e+01
6.851604227072655817e+01 -1.189018293926370617e+01
4.583894735399783116e+01 -2.024858817911767161e+01
2.720198902726675527e+01 -2.643158201534444274e+01
3.731212927512962096e+01 -1.044758392925703916e+01
6.072299765982259068e+00 -1.249279674528239426e+01
5.017820480466644284e+01 -5.175877810269928325e+00
6.148155792985382817e+01 -1.729185494105874099e+01
8.812582544886710423e+01 7.653308231748058965e+00
3.746785905284610863e+01 -2.941745604664321689e+01
4.316662097320276814e+01 -3.169225238513691068e+01
-1.542871186283299778e+01 -3.505288337791553488e+01
3.701798392211931343e+01 -3.469548503679064311e+01
1.820843090800812547e+01 -4.775067452726570849e+01
-5.990622346519026564e+01 -3.044909828815590913e+01
-5.065107606679188024e+01 3.169229698517774807e+01
-3.713316604200249316e+01 -7.109884371812141524e+01
-4.910506373386559176e+01 -6.599502348525201789e+00
2.532183155578033862e+01 -2.271130538883167205e+01
-1.129612195917419015e+01 -2.045246580497330058e+01
-1.405436115498501115e+00 -3.129638332174591042e+01
-5.348556151239969125e+01 -1.289408650737316542e+01
-2.615543470813463145e+01 -4.825902905035988510e+01
-5.716867940367848178e+01 -6.623718467085173245e+01
-5.193801277692469398e+01 -6.836370029767294909e+01
-6.861609887167905697e+01 -2.854819225044407105e+01
-1.371065788404186581e+00 -5.727543469863746850e+01
-6.387419667925349387e+01 -2.619205589466112727e+01
-3.995987912336639880e+01 -3.404207794975567136e+00
-1.854873556977030802e+01 -4.921194556429409062e+01
-5.312194859173074235e+01 -2.077215845129474658e+01
-1.082769419883278417e+01 -1.139887826007576344e+01
-6.254372146185725967e+01 8.306116530555819111e+00
-3.410076479308476394e+01 -1.011898156537034232e+01
-3.515694653781415013e+01 1.418188776657616046e+01
-6.330081607790891240e+01 3.083190045996418149e+01
-6.797883100207322116e+01 -6.754847010920128980e+01
-7.340641880012205434e+01 -6.377714832477296625e+01
-5.275315172808093678e+01 -4.751334063439420419e+01
-4.275815163365560068e+01 -7.035513017476003483e+01
-2.794065488808820419e+01 1.744592767279899981e+00
-4.565670074039062598e+01 -3.765912336426481488e+01
-5.968855600150607188e+01 -1.559237868657364245e+01
-3.228644232170878325e+01 -3.318300214794113145e+01
-3.778596113179598603e+01 -1.859873580465873388e+01
-1.887774292342680127e+01 -3.475393225341425563e+01
-3.595641214731686830e+01 2.709863856421632278e+01
-2.864625784758979421e+01 -5.806340424215824214e+01
-3.917830087286709784e+01 -3.415189017662288506e+01
-1.155250281404431689e+01 -2.433151618339629252e+01
-3.963751380492347920e+01 -5.225855041832568304e+01
-2.035063557452006222e+01 -1.351977082433988109e+01
-3.213416644073748074e+01 -4.916158152914229618e+01
-6.394777472323795564e+01 -5.741517971645343010e+01
-4.032124551456634265e+01 -7.825058307611769237e+01
-5.533840150269472957e+01 -5.735695048674612195e+01
-7.676426522877642356e+01 -3.811889498549378175e+01
-3.686528231575695713e+01 9.368708033707992655e+00
-5.995276246967902267e+01 -8.952336711546127646e+00
-2.413541775739354911e+00 -5.254634501527269741e+00
-6.837481199712865987e+01 -5.443335757489897020e+01
-1.795452185449697069e+01 -4.087691734101828445e+01
9.451444890878526905e+00 9.210309408110013862e+00
-1.137713942754300867e+01 3.430028034750111310e+00
-5.765872808842237163e+01 -4.711059349530758666e+00
-3.304078163966513415e+01 -4.441812059987731942e+01
-4.260895361407263238e+01 1.755244343159283238e+00
-3.361612900644612267e+01 -6.077264267591444025e+01
-1.835550838998069878e+01 -3.128341793888691313e+01
-5.258436610648303855e+01 -3.772167728686282118e+01
-2.425962315781865186e+01 -6.648702518506763681e+01
-5.584177777763281370e+01 4.948325086904378223e-01
-3.876784892075912481e+00 -8.135152240085218978e+01
-6.712529498932363481e+01 -1.364249922136331961e+01
-6.069069545370301455e+01 -5.147178378637673291e+01
-1.873744592143032506e+01 -2.799569087135347445e+01
-7.766569662088478765e+01 -5.649172726942575196e+01
-3.574661522470627517e+01 -5.600994760703054709e+01
-7.693951818390308972e+01 -2.742514078647579723e+01
-5.267891737835279287e+01 -3.027454927374912685e+01
-3.914963566303858755e+01 -5.355345995160413963e+01
-8.109147907790536181e+01 -2.387377655533169118e+01
-3.102461025619399493e+01 1.985540851057861289e+01
-7.325025095576469880e+01 -2.739907139859221985e+01
-4.049762002019082985e+01 -4.001446524446555486e+01
-3.189369663720436776e+01 3.156487519773337169e+01
-6.109278825526712353e+01 -6.685983723617431451e+01
-3.506400622947975165e+01 -1.176513516851640020e+02
-7.018443234218857185e+01 -3.045645589311656209e+01
-4.379911947959772789e+01 -5.295061533370784446e+01
-2.089619998133897738e+01 -5.461878244213455247e+01
-4.329828316969371116e+01 2.048183809293066560e+01
-1.057059419849958992e+01 -4.906113614343470175e+01
-5.417023896971805641e+01 -4.187541534671090915e+01
-2.155776854528448183e+01 -1.025644661758180831e+02
4.210600386213193325e+00 -4.448613052981441740e+01
2.552545328340001252e-01 -2.430282821692793505e+01
-3.612567605298571038e+01 -6.440626750821398616e+01
-7.923027321504592102e+00 -6.240451664112336516e+01
-6.097366614638283266e+01 -2.298687880160032293e+01
-3.188753965413980751e+01 6.952412664919541463e+00
-6.219774263107607482e+01 3.472917121976770005e+01
-8.987143667594811802e+01 -6.417160106013729148e+01
-4.713599694224487990e+01 -4.460359758453567736e+01
-5.625123185780141455e+01 -5.042695632555037122e+01
-7.145322931102458597e+01 -1.566043840172021895e+01
-4.516966068677572110e+01 -6.383481938420660029e+00
-7.118245048265013963e+01 -4.516243575962231915e+01
-6.477764040426862380e+01 -4.886731571366023985e+01
5.773702730591820043e+00 -6.339917561127887780e+01
-5.638108757988564435e+01 -2.880945549062905542e+01
-2.467997140057675054e+01 2.340355666378653865e+01
-1.583632246275301725e+01 -6.860812898845708219e+01
-9.059575563089657635e+01 -5.520769215566204480e+01
-1.823040806086252275e+01 4.091926057384583260e+00
-3.016665440590652381e+01 -3.028480641343871582e+01
-6.622150351920649314e+01 3.345233918109939086e+00
-8.076067235162179259e+01 -3.222822973880525410e+01
-7.712449812805111549e+01 -5.054124029224603731e+01
-6.798812982378133540e+01 -2.278819608310270084e+01
-2.484227351003537620e+01 -7.678520547816354735e+01
-2.407782121541237075e+01 1.145837333037380112e+01
-3.806712850045085617e+01 -3.733197669697010923e+01
-2.820227088393744452e+01 -7.709335603265121684e+00
-7.826240267085896107e+01 -1.538798689278645071e+01
-6.464415167810763307e+01 -1.087619889473260493e+01
-1.587760744774160493e+01 1.252989228821121515e+01
-4.123669146746818370e+01 -4.639731262225021169e+01
-4.569564697597234471e+01 -8.094290155934403819e-01
-8.022289630442945452e+01 -9.735061729824003862e+01
-2.670314085567991924e+01 4.088998683894335073e+00
-2.384100838065539563e+01 -2.379879226444512952e+01
-7.608387120855799424e+01 1.592409898204464103e+00
-4.844098396423870412e+00 4.723043462899920542e+01
-5.327165070662160673e+01 8.427319763762522342e+00
-3.848013127641435460e+01 -4.468303187712956515e+01
-1.494206180626563985e+01 -5.169944748081532282e+01
-6.374453744054609672e+01 -1.699658962489352021e+01
-1.255682225063672952e+01 -9.214137687991208736e+01
2.315553185838550121e+01 -7.896429094510787650e+01
2.450120333127042471e+00 -5.253692007719168444e+00
7.914009173489243487e+00 -7.183713207932760270e+01
-6.632253939523628183e+00 4.901839824309821125e+00
-2.947395011127305153e+01 2.504220533426910222e+01
-5.331921492740831781e+01 -6.194316867977324392e+01
-3.330711347544568213e+01 2.684600684275708193e+00
-2.063703594334401359e+01 -4.351304310592250602e+01
-5.093142821615057869e+01 -1.586014780371154309e+01
-6.175642794447693973e+01 -4.416582699053940786e+01
-2.100809428639416510e+01 -1.957236364317624222e+01
-2.330288035231190236e+01 3.653377216299352170e+01
-2.295891087342155856e+01 1.966972037150940622e+01
-4.855010764557424352e+01 1.181272836182469810e+01
-4.278595347908477464e+01 -1.036952169755925013e+02
-5.459457136344033046e+01 -6.907534056273789247e+00
-5.931412758680995978e+01 -3.509859098355360629e+01
-7.003705071467689436e+01 -3.970018732778542159e+01
-3.282180294343643112e+01 -2.725444640464545998e+01
-6.199729509695405483e+01 -6.066285411920500081e+01
-4.956189574131508380e+01 -2.623608938117238054e+01
-4.020288621701075016e+01 5.358883470754911116e+00
-1.423729117730615634e+01 -6.051574111940328748e+01
-6.982736452346000533e+01 -1.063659843970838104e+01
-6.309990558890298473e+00 -1.079125248277270366e+01
2.545475560521950342e+01 2.165752189197343469e+00
-4.967507515256536976e+01 -8.812862800557263654e+01
7.155994470503992844e+00 -1.466524476012309286e+00
-4.365654401194879597e+01 1.202354370554329321e+01
-7.319892841378258197e+01 -3.329461405128035523e+01
-4.627493227614302640e+01 -1.644600096794705024e+01
-2.623166290294697944e+01 -3.014615906597885697e+01
-4.801374815684525998e+01 2.326240699530925493e+00
-2.828946257132565734e+01 -5.131511448632105754e+01
-1.446904243803373902e+01 8.301320322377424787e+00
-2.529101539184585334e+01 -6.169856306433556625e+01
-5.302887607769381617e+01 -5.380727256670964920e+01
-7.630413039722203905e+01 -2.023335175572680456e+01
-1.898381071019345612e+00 -2.156926509268801695e+01
-2.263912409987168672e+01 2.507897535594217686e+00
-4.453891913992217866e+01 -2.885337698423957420e+01
-5.693491130225483232e+01 -3.802477683584458390e+01
-4.843649084225343415e+01 -6.103110276837104919e+01
-3.996786600546988666e+01 -7.228548525214769427e+01
-4.326092000841819640e+01 -6.221277630931987801e+01
-8.763906763113423537e+00 -2.055628678823089217e+01
-4.675144323641050192e+01 -6.768354864176399133e+01
-3.173430950570356046e+01 -4.884284975841534759e+00
-3.357575565891719549e+01 -6.862446610927068491e+01
-2.762838617485996195e+01 -7.024013423042143245e+01
-7.777437124426838011e+01 -4.652916178093588684e+01
-7.184862516503154950e+01 -2.020860979006909730e+01
-4.003372192352961889e+01 1.058440356989344266e+01
-4.886768218822977161e+01 -5.494480695013689342e+01
4.584381429899318761e+01 3.200416670826027143e+01
5.293737111017997421e+01 1.484976448057114951e+01
2.749926196931593014e-01 5.491511502185014137e+01
3.210318424936460246e+01 2.348611061786698428e+01
1.117887260469202637e+01 1.692052862067650265e+00
7.849310741298025640e+00 3.132270599133704536e+01
3.697051995443256089e+01 2.942662278764763428e+01
3.816350225594001699e+01 2.581022578296196102e+01
2.144373574691810802e+01 4.708362692120695669e+01
2.908079652892148559e+01 2.946943938483727976e+01
4.092753219560574962e+01 8.427744223380126698e+01
3.865715053583974026e+01 3.293259233427845345e+01
1.901833623490927039e+01 4.519075671973897101e+01
2.809419011075672756e+01 1.801642229981894161e+01
2.135879427263809305e+01 3.623747154634666856e+01
-2.107730843075337646e+01 3.312300224155061557e+01
-3.464986416772902089e+01 1.831549376715148014e+01
-5.801160934820010162e+00 3.079818397553422571e+01
-1.639642363042061746e+01 3.039024862464802723e+01
3.750434202921299232e+01 6.799293319382388745e+01
-5.489266802999618555e+00 5.153799668226250219e+01
2.542151616719927887e+01 3.361785951622250224e+01
3.090188519386596511e+01 3.294769539196864372e+01
2.506180580724069529e+01 3.181091609671277709e+01
4.823199612131926273e+00 3.461051257041495433e+01
-1.345532504183184841e+01 4.409428483522049902e+01
1.323248387687849359e+01 4.188411255054937499e+01
1.653150893938871491e+01 4.567298816868970590e+01
-6.003550419443535446e+01 2.416507045361539596e+01
-2.009536164767178690e+01 2.837114874275176390e+01
-8.649125062147414056e+00 3.949933030730421990e+01
-5.248493191323240126e+01 -3.225159800866333804e+00
2.778763127500660346e+01 2.440894187845028540e+01
4.043288173361996307e+00 1.253699600289050231e+01
-2.095318206013441298e+01 9.854910719967369559e+00
-2.617190260041257588e+01 2.750837498855159069e+01
2.834579247051911466e+01 4.918927748469292283e+01
-4.497608798049166978e+01 6.757599837388790220e+00
3.558450427468989830e+01 3.750966313600109459e+01
-1.471991706023679214e+01 4.914696259610118290e+01
9.259892590416063385e-01 2.628221286437389637e+01
2.608567997969622709e+01 4.180005431520397252e+01
1.377582517191586930e+01 4.710860175272328831e+01
-8.316795668240850148e+00 4.353934215718914658e+01
-2.647072972194725438e+01 1.731276485564911027e+01
-3.153794294441109614e+01 4.215488177049413565e+01
4.127333944073473759e+01 4.206960508090450190e+01
1.512035216231707935e+01 3.781160136930426319e+01
1.150509562396567098e+00 4.556125922380706328e+01
-6.908051448121176996e+00 1.642997968152019439e+01
1.610425488061684263e+01 3.196612693664393845e+01
-2.471892190358646957e+01 3.100965239040386834e+01
9.298754858223936992e+00 2.799256596319892765e+01
1.115091717961726658e+01 3.366528609089495916e+01
-4.556568475179440725e+01 1.747787226575721675e+01
-5.520891432071533700e+01 1.322725053364480452e+01
-5.169100167243476207e+00 3.749657289008813876e+01
-7.621215755413170534e+00 2.303472058898340080e+01
2.946626983763722407e+01 1.431631056142874314e+01
4.737346511470951427e+00 4.912000983133928855e+01
4.083371009803981266e+00 4.280585480922307795e+01
3.287070389423984551e+01 2.765784141832594045e+01
-5.889810239905514111e-01 3.744291419216812500e+01
3.033281569115414200e+01 3.654672043430724671e+01
3.477524807333674772e+01 3.320846210738334747e+01
-1.415820194166805202e+01 2.482430374781629823e+01
-1.189671688333231891e+01 2.847407582798700076e+01
-3.229106845782817459e+01 2.251214070414521373e+01
4.277326763436175128e+01 1.098214893502099443e+01
-5.297974244617213202e+01 -2.596675605920705365e+01
2.315265874371187849e+01 3.925878676504868992e+01
-4.483458252596651761e+00 2.051771591965577457e+00
-4.904676752219832281e+01 2.630795840644771744e+01
2.129646656385305192e+01 3.273592917276834413e+01
1.444993024320977870e+00 3.225459680876105040e+01
-6.562366753974136202e+01 -3.274446901088485617e+01
3.404016872731714471e+01 1.987536256526451339e+01
-8.811384330204281579e-01 4.873448605610666817e+01
-6.113976075182363523e-01 9.129771184909090564e+00
2.774299043129231812e+00 4.897075024014159794e+01
2.057495087816285917e+01 2.497614820989588935e+01
4.027295628035306407e+01 5.864404745636166894e+01
-5.509848830086578175e+01 4.182945182973474729e+00
9.567089656745853432e+00 1.575071929146050564e+01
4.818687527109085877e+00 3.875512220789603646e+01
-2.181981064038797768e+00 4.148541603330414773e+01
2.377997963144914451e+01 2.841718313261745976e+01
3.491070807653851915e+01 4.207234889649193121e+01
