-6.161989789713107513e+01 1.649577891044003053e+01
-1.139796826930183471e+02 5.772201517255142988e+01
3.549731060274019967e+01 -8.757809969926775295e+00
-1.087841919652264124e+02 7.874802268667828287e+01
5.185254671048471664e+01 -2.154344482503027791e+01
-1.008071075274209960e+01 1.191329288243508273e+02
6.421249035855761633e+01 3.562178591341118050e+01
-3.089912196575563286e+01 3.731520699504147132e+01
-7.412387014083779491e+01 -8.651683949232990756e+01
5.666919937070782964e+01 7.424249724431203346e-01
-1.016400528264268246e+02 -1.045813849964605069e+01
6.615863325734173372e+01 1.085287793158918959e+02
4.431679056073680734e+00 2.264778590016386417e+01
6.780804798761771224e+00 -1.481407229420976579e+00
4.401997858773122374e+01 1.326002574644984300e+01
1.629588813313909812e+00 7.757199545970223653e+01
-8.855040043184766319e+01 -7.303800132298899683e+00
-5.763005718878859795e+01 1.025841894851191540e+02
-1.022541448573162199e+02 1.473717182923651947e+01
-1.087371534601467289e+02 2.381175517192477109e+00
2.393551261037501821e+00 3.241309736113535678e+01
-6.598827844403275833e+01 7.376688488747119266e+01
-9.514825014115611879e+00 1.625604244220050987e+02
-1.238588589820281953e+02 9.128683977391384374e+00
-3.830270143964850149e+01 -2.302115037764793826e+01
4.787485997684720473e+01 7.525843790009366785e+01
-6.748141055412003197e+01 -2.175889258393505798e+01
-1.475668998459620340e+01 -1.241671157884137600e+01
-5.531538847804235814e+01 5.201803661989985983e+01
-5.850942720119424223e+01 4.308272769412324976e+01
-4.875043176583123739e+01 5.332603705280331496e+01
-3.665970156290808291e+01 -9.597967041222607065e+01
-8.564584604095949771e+01 -4.561798086631848292e+01
-6.469087060486550023e+00 1.278711032483300869e+01
-2.217422463820029321e+01 6.660559878231055109e+01
-8.757077530051257952e+01 2.209531284314175892e+01
-2.376292372840047129e+00 -1.915158854177194883e+02
-6.460610211666638847e+00 2.562340695323979389e+01
-1.501776776987269955e+02 4.977665923147873173e+01
-9.049890224115780768e+01 7.203780160145116440e+01
6.008676287761668533e+01 -2.340728602821956983e+01
-1.196629462703001536e+02 2.242247793159180702e+01
4.051186971594898978e+01 -4.285723919264576409e+01
-8.470465897528994503e+01 5.467593303419926798e+01
-8.302294590312064315e+01 2.887531262129761700e+01
-5.683908753041654194e+01 6.683855546189590768e+01
-4.632723137381891831e+01 4.947103600033470272e+00
2.733036171392335234e+01 7.051133972017392182e+01
1.269272050294217813e+01 -3.575108478071265949e+01
-8.900843895773181202e+01 -4.319692630437528269e-01
-5.669929527628175947e+01 -2.048820421580472484e+01
-9.190181600977966525e+01 -3.649957245732296229e+01
-8.456101064703501891e+01 8.599971483023753649e+01
-7.535194172226141518e+01 -2.481934973305174452e+01
6.243541868308478371e+01 7.456231417254832650e+01
-2.610887403459200584e+01 7.665901367893440010e+01
-9.404502359703089098e+01 4.520208235841282374e+01
-6.433147430274717138e+00 3.801447189125676829e+01
-3.563116968414180974e+01 4.406965038840218085e+01
-2.203273350230190530e+01 3.894587065558865646e+01
1.098517879656353458e+01 4.195705595524030684e+01
-7.608140993071724267e+01 5.470042745135897633e+01
-8.876566487299943731e+01 3.438257717024696092e+01
-1.044478423467218065e+01 3.070990774904814558e+01
5.798519598921917373e-01 -2.924369217911488406e+01
-7.602714113167694165e+01 6.277734722372629506e+01
-2.578456541578659085e+02 8.908239913257681053e+01
3.193832093620082446e+01 1.379686760982922245e+01
-9.701029564196035349e-01 2.110680519907993435e+00
-4.079525581985357974e+01 -1.376775353392300083e+01
-7.278990459431720694e+01 -5.258427845959985092e+01
-7.059157074846838498e+01 1.067531776525765821e+02
-4.345634735585102248e+01 1.608559661991635181e+01
-1.013494009319931877e+02 3.743088503088817731e+01
-1.420552651213955464e+01 4.082795012778552746e+01
5.021484120152568664e+01 -2.279320809829854255e+01
-1.090334449855776597e+02 -1.163735404246160421e+01
-4.042406004082251769e+01 6.563399338438163966e+01
-6.338140498753315910e+01 3.066308774463902864e+01
2.802126015561712435e+01 -7.585086501633809064e+01
4.218794759347579415e+00 5.084679709636939293e+01
-1.351279559822051795e+02 2.448591877003388007e+01
-8.142054604585499078e+01 -3.001998321869129072e+01
-1.432012361746438955e+02 1.889651293083631458e+02
-7.924101681648662243e+00 -2.357289106323493044e+01
4.990449621887960774e+01 -3.144811141044227654e+01
-8.889003571693993422e+01 -1.595482093541643032e+01
2.500009442399131387e+01 -1.719491318418214121e+01
-8.253290875439931540e+01 3.734365410663973250e+01
-4.890917522872030787e+01 -1.995211173632779378e+01
5.288516270618206505e-01 8.567633353461880574e+01
-1.214740270709904308e+02 3.419367122498776723e+01
2.940182572010701634e+01 1.016415242260630123e+02
-1.680762755986977197e+01 7.503647557117689360e+01
-6.230791261311225782e+01 8.184450916404958321e+01
-7.092468663226306091e+01 8.455213516924770190e+00
-5.198502325070197116e+01 7.299589590017492924e+01
-2.628440190306602364e+00 6.592535281301199745e+01
-7.588184428513370960e+01 3.857860594696541057e+01
-3.653676275898112635e+01 1.154346719042895586e+01
-7.502720440511812683e+01 -1.783018805458440070e+01
-1.530825152592712612e+01 -2.341214121283619676e+01
-4.984030511351059012e+00 -1.525587045595721492e+01
2.737120682498643021e+01 2.743118540428273278e+01
-3.241774817039424050e+01 2.418367168362610187e+01
-2.377178820328961351e+01 -1.917522467409166254e+01
-6.282009348869689092e+01 5.757895641024603606e+01
-2.325891542162810666e+01 1.882212986702166546e+01
-1.092334503197010065e+01 -4.000334473961583370e+01
-4.739225484939813526e+01 6.864494390008032099e+01
1.854692632302759137e+01 -2.457328520709127062e+01
-6.566740494214124624e+01 -1.474646484623538356e+01
-5.816599156355970024e+01 -4.149941698874222595e+00
-1.140066096461805358e+02 7.221631451402080870e+01
2.194391385843538345e+01 -5.171036560587677400e+01
3.731666126951973439e+01 -3.364801266481305930e+01
-3.404663297791321952e+01 7.443149835403126247e+01
-2.096313996328794715e+01 -4.537663833085967013e+01
-7.581120304444874591e+01 -3.750017547505675708e+01
-6.127867688099301802e+01 -3.180767347390628075e+01
-8.335101394098498417e+01 6.256438577940842549e+01
2.400169201755467796e+01 -3.844747332358176095e+01
-1.305476679911618589e+02 4.006900441881344221e+01
-3.547049534552060379e+01 -3.011839713914405436e+01
5.410944851761691154e+01 1.006987827853757445e+01
-5.647170479119957065e+01 2.652129562900252324e+01
5.171717031358365801e+01 -6.814548370804635269e+00
5.687505228243621147e+00 8.852463680170998828e+00
-7.820108823939484921e+01 7.193807521992967224e+01
7.875681802623346606e+00 -2.477098054061036692e+01
-7.221621871679741389e+01 1.564047665652338424e+02
-1.294206172539364843e+02 1.662139694109743004e+01
5.950316850364806953e+01 -8.400738890662443836e+00
-4.793344683344872692e+01 3.924419173436173480e+01
-1.297624359834527752e+02 -3.586952730816589252e+01
-1.318248856107021538e+02 5.452154865420095575e+01
-6.335029676421996214e+01 6.747614776620821431e+01
-1.141202627108016721e+01 -4.886105976909874471e+01
4.109450083536550125e+01 3.303370421291067061e+01
5.462830880659838328e+01 3.037922568064980311e+01
-6.912037981833576339e+01 6.302104738930616179e+01
-6.909960099839031500e+01 3.470828907233657645e+01
-3.743312663010030406e+01 -6.267035564378518053e+00
-3.483586475899942769e+01 -6.057908375883447327e-02
3.264708305592363757e+01 3.489926023683521894e+00
-9.330019313469205144e+01 -4.709428879125056255e+01
-4.874028188394201067e+01 -2.974716729104464719e+01
4.312276537163815249e+01 -9.320343471603846908e+00
-8.174661885067941114e+01 -2.442741431730778601e+01
-2.566562109828156935e+01 -6.619783991224448982e+01
-2.287116773472855158e+01 -5.220746783882820097e+00
-4.725391894220174294e+01 9.890481239980368855e+01
-7.854797360240866055e+01 1.263307418684281314e-01
-6.251238223799322213e+01 3.065861449514521908e+01
-7.093911421564992281e+01 8.934086499849341578e+01
3.427995552513194610e+01 -2.552440965083892621e+00
4.892474357605193802e+01 -4.174086347711928369e+01
-3.827831807338847625e+01 2.887741527886539217e+01
3.315538749682332309e+01 -4.205909997410308421e+01
-5.925142322333560863e+00 -6.087597935744408773e+00
-5.387988827945642356e+01 6.105235732244957347e+01
-3.937748294181574948e+01 9.199229422838027403e+01
-6.691159091742507314e+01 -5.823823189061567263e+00
5.311035903838972061e+00 3.774824477380373366e+01
-9.574627409453434268e+01 1.679182659140358425e+01
-8.264736248122771656e+01 7.898744842280981970e+01
-1.044297149471406243e+02 1.241611741717976969e+02
-2.642133831792191145e+01 -5.576858149168946710e+01
-4.583161141837783958e+01 6.148867808348963138e+01
-1.562478317762060271e+02 8.318376185113983468e+01
2.441985970237156067e+01 -2.920947343671828733e+01
-5.760971584464679296e+01 -4.057688160996193716e+01
1.911917529147687134e+01 8.697217052371669865e+01
-2.014012984649579963e+01 5.040681101848397105e+01
-3.228501590295567070e+01 -4.868296027128980796e+01
-2.020398748089514473e+00 -4.624411910681266136e+01
3.318770952775128080e+01 5.232370373130105179e+01
3.796421304536466579e+01 -2.144949711088866451e+01
-1.210815548962475958e+02 -2.314202519110273304e-01
4.739463409198028643e+01 2.800911878825575463e-01
-4.560734964064900510e+01 2.947954800949701237e+01
-1.459269073411854478e+01 6.200622998746549541e+01
-1.001072766533929297e+02 7.415701186400744405e+01
-9.280879551630007995e+01 6.257373445068402873e+01
7.555712324582218287e+01 3.728111644631199084e+01
-4.045769369674671623e+01 5.387385425173758335e+01
-1.036697274055811846e+02 4.366543307627723891e+01
-6.325633592412668094e+01 9.319661772692012391e+01
-9.752048364448828011e+01 5.428020843049606725e+01
-1.103872978844183095e+01 4.083450715739600057e+00
4.218975225107148397e+00 -9.324062898610655736e+01
-3.460482152169060299e+01 5.686687979385097691e+01
-8.125306847211082584e+01 -7.492572374625904530e+00
-3.186977001875110460e+01 8.404059322084441419e+01
-1.231639284613008130e+02 -1.280034297376326258e+01
-4.626372420573189714e+01 8.723569778958190568e+01
1.728903581960380720e+01 1.333115625554968631e+02
-1.462686696665828556e+01 8.532016424202646476e+01
1.500110282888573643e+01 -1.317684048336953673e+01
-6.795835058833391429e+01 1.623532714347599537e+01
-5.345349240324770790e+01 8.056480789594066039e+01
-3.132366667494105084e+00 4.671855759934283725e+01
-7.643641312544187372e+01 1.761747942710338322e+01
-5.273364338958848663e+01 -4.406146105044496153e+01
-8.173530747361490967e+01 -1.365658290816147336e+01
-1.703641315408580681e+01 2.459912680132737606e+01
1.162395118766964117e+02 -1.401869729704838363e+00
1.570437431662560712e+01 6.327418041171075913e+01
-9.560832587690546802e+01 3.161005003894271681e+01
-1.117690897091211752e+02 1.732960217035428485e+01
1.978957976091490423e+01 1.380739574104382328e+01
4.586134109811175108e+01 6.205946144437482381e+00
-1.710901925033585940e+02 -5.651722806609069671e-01
-6.377295388147436483e+01 6.566414182434463065e+00
2.013697052117026942e+01 2.173191241639979232e+00
-1.298972104170895250e+02 9.849883266725065312e+01
2.358719922667908619e+01 5.514193230160923775e+01
-1.028142639839635031e+01 5.464827535389876800e+01
3.242233580816424876e+01 -9.407231634618472071e+01
-1.747291697290954460e+02 1.747113897310114794e+02
-1.141224927288026549e+02 4.727186178495379210e+01
-9.236593631431435369e+01 2.501730011367570228e+01
4.939656855766619969e+01 -1.388148478700630761e+01
-1.196915905932006297e+02 -4.715881258299302914e+01
-5.698476499634985259e+01 -1.048376323115352449e+01
-6.935641715298717713e+01 -3.368445911188857167e+01
-3.908582940431678310e+01 -4.660548627986263881e+01
3.615794909260491607e+01 2.283814150934727394e+01
-3.639250263555631904e+01 -4.051933648228660445e+01
4.082953957003601175e+01 -3.162232686499482082e+00
3.962535147185342055e+01 1.141767420388584355e+02
7.967098369842176453e+00 1.298614977631439729e+02
-8.959782381452800593e+00 -7.231310210124995308e+01
-1.047991399069874916e+02 8.210074880435515254e+00
3.857568652101195994e+01 1.284962090583549355e+02
-8.275658429797861260e+00 7.269851738943278008e+01
-1.050569732614130487e+02 -5.261053428992752146e+01
-2.042998730896043824e+01 -3.338495698816999635e+01
1.551042786888966596e+01 2.203590184448909639e+01
-1.451186224872327912e+01 -2.860719783242565040e+00
4.483418899357632625e+01 -1.830918045703499075e+01
-5.761842023667281154e+01 1.315818254776552578e+02
2.754384695820649753e+01 -1.093197216547457629e+01
4.523457795685494176e+01 -2.562247698804738150e+01
-2.485243637648000714e+01 2.909780354500384547e+01
-3.876372647916291214e+01 1.062258993485928187e+02
-4.053319923902844124e+01 -6.496921043913523874e+01
-8.622827494421445582e-01 -3.878532470983466141e+01
-1.738378226346919320e+01 -9.569797066157414633e+01
-5.189104301894692384e+01 -9.331692869076067609e+01
-7.289455077211239598e+01 8.028273598592004134e+01
-9.020285077845556998e+00 -6.192024508681716100e+01
-1.047297796853503797e+02 6.367814802691864884e+01
-6.677519475524829318e+01 5.158741787233084608e+01
3.042657563282811140e+01 -2.153821576259753456e+01
-1.115131930760767034e+02 3.195609027634517929e+01
-4.739455812256235845e+01 -9.209503665948279405e+00
-1.496950013164358495e+02 -2.603806632320953796e+01
9.760389746916405329e+01 -1.828990703922187677e+01
-8.556080795711545761e+01 4.576882481938777403e+01
1.333055087268661687e+01 -6.624405250738197637e+00
-3.043712999781418915e+01 -3.894080123341063882e+01
-8.373880667271873790e+01 1.119077805325324171e+01
1.899695664144227791e+01 3.594044642987852711e+01
-7.233125604495583616e+01 3.090541940932430265e+01
-7.504862677506247337e+01 4.652674853216580431e+01
-8.223692364827572021e+01 6.458066022917348548e+00
-2.269724533423869772e+01 9.491083331860467354e+01
-5.073160943277522250e+01 -5.419396546953139904e+01
-6.852703232980390169e+01 7.561025980367443999e-01
3.843884952090624552e+01 -1.466664910146817391e+01
-4.164015980301868325e+01 7.927980530394619052e+01
1.833557721995127920e+01 -4.496383168351547255e+01
4.342822669663328128e+01 4.989472351021324670e+01
5.372865136767157423e+01 4.008151220863275199e+01
-4.413014121964267389e+01 -5.182008178353851946e+01
-7.750840697280868596e+01 9.211061777420127328e+01
-6.759392477470480287e+01 4.406931986085044883e+01
-8.852170301680423847e+01 1.014146750476440531e+02
-9.655056891927404905e+00 -3.138328318235362957e+01
-5.342607768674377411e+01 7.260058427427285466e+00
7.413644217132730141e+00 6.105705829932524864e+01
-5.286421767579991382e+01 9.150168149927465322e+01
-2.526079774941980816e+01 5.334747783599581084e+01
-6.207992848969774258e+01 -4.846671953315533443e+01
6.867013150649547981e+00 -1.671759895427896225e+01
5.999748733644965881e+01 5.856086124074527532e+01
5.020055015480931360e+01 -8.219033598843043364e+01
-1.564214264009474391e+02 -3.083138697257216521e+01
2.100145242284149116e+00 -7.875520038202584949e+00
-4.269444172584683628e+01 -4.066473237044796463e+01
-5.475432079661704421e+01 3.560215006900715196e+01
8.167386321398552695e+00 -4.256174280281008748e+01
1.454869939346679608e+01 5.424393421120148417e+01
-1.089847406115682844e+02 -2.947316045510406823e+01
-8.536510612082373939e+00 2.365529785420693543e+01
-3.399184219741376012e+01 9.819831499543234088e+01
-4.386490341501607304e+01 4.722895848347712189e+01
-1.042056066094680205e+02 2.494794062157405534e+01
-5.253068560036815171e+01 1.708657606208797475e+01
3.872112326467183863e+01 -2.747748316808371527e+01
