-1.069031620185493914e+01 3.679822013435334327e+01
5.233756957366339613e+00 3.484434634109894091e+01
1.523221926801210380e+01 3.648772892029343495e+01
-1.608553598425985598e+01 4.434653890730569259e+01
4.865874089111626333e+00 5.155823883499520832e+01
-1.750698429316428317e+01 3.295892122615939002e+01
5.817688377248317444e+00 3.889686729382903252e+01
-2.105542100928065707e+01 3.496025794278159537e+01
-1.320985511292181869e+01 2.831408878095595583e+01
-1.841773907993385251e+01 3.743649169471863303e+01
4.229940442598278949e-03 4.358409893485193010e+01
-1.043961480925072038e+01 4.865843009162300348e+01
-1.136990089182710761e+01 2.514319488829423221e+01
-4.460431197209834053e+00 3.557531579017251033e+01
1.110875541452575099e+01 3.422772606483852087e+01
-1.383828373035962400e+01 2.206682188161903824e+01
2.320568410346760313e+00 3.613028522607803694e+01
3.827563224801060926e+00 2.556443730423292848e+01
1.939985151907280070e+01 4.574946446452073445e+01
2.842529985664971726e+00 5.471174185478901819e+01
-1.720452191451400736e+01 4.084488396821186029e+01
1.657276476490611472e+01 2.445305867911515207e+01
-2.059006741151214825e+01 2.838968535395576609e+01
-1.063536904610113609e+01 8.028674198025792919e+01
-7.846522702371257374e+00 3.847010988638771778e+01
2.988617894417339471e+01 1.213933589018382087e+01
-1.376654230061845929e+01 1.250494257029147782e+01
-2.228012517788452662e+00 3.336923552095935008e+01
7.091086797691128929e+00 2.983908621654075333e+01
1.058608595476703762e+01 1.119842983815754600e+01
-2.436502855575609416e+01 3.022212390769096402e+01
-7.614854547927398798e-01 5.229334810718409443e+01
-6.486931062429130534e+00 2.426114547352167605e+01
-5.153710278144159496e+00 2.142359942221577640e+01
-1.736318367979073685e+01 -1.732925544872517420e+01
-1.845932724343768783e+01 2.063328406040036711e+01
5.429058697157682900e+01 -1.873837373182990973e+01
1.925898109142959669e+01 7.450086069320535742e+00
1.739104824445900377e+01 3.144036505229090750e+01
-1.156785629613394129e+01 3.146049465219298824e+01
5.962284223069940481e+01 -8.464845286096435828e+00
9.035735418456340540e+00 4.257627745560587584e+01
1.441470604419329948e+00 3.890581469557637462e+01
1.110566853548039390e+01 3.906151843579221605e+01
6.290942500528890591e+00 4.296601892090021835e+01
-2.287856860329143593e+00 2.450587147583337710e+01
-1.647163657857713659e+01 4.526055247442926799e+01
7.563222267897143247e+00 7.852888999209585386e+00
-6.419401251609877512e+00 3.942713274181210181e+01
-9.071971098883444995e+00 4.024607326471629420e+01
1.486560285983043528e+01 -9.807676215911794060e+00
-8.547229471796640610e+00 3.281147079303261194e+01
-2.997820413698239594e+00 1.054486548815001079e+01
-4.161982747652297476e-01 3.655910240290202040e+01
5.419988671005857128e+01 -1.569232220575884185e+01
3.150697304793673936e+01 -7.064680392488649829e+01
-5.535793915200708071e+00 9.605400886705243835e+00
-1.524382458803296636e+01 2.972332905277707127e+01
-8.257444367774176897e+00 1.656702473933421871e+01
-5.413536492277910561e+00 4.212824892945882738e+01
-3.728458948005433093e+00 4.607237656181791152e+01
-3.791290705791192650e+00 3.086795104033354775e+01
-8.407547134736240935e+00 2.940440727096112639e+01
-1.079908249539928367e+00 3.969453298686579501e+01
3.429456130430651672e+00 4.566120395443542179e+01
-7.648556596936805008e+00 5.833159958180483784e+01
-1.571076001317670290e+01 3.436110532959943953e+01
3.908756128714284017e+01 1.507244413868106214e+01
2.387709877890970223e+00 4.317151220901923381e+01
-2.171193632400525075e+01 3.847166722359341406e+01
-4.197160560909322768e+00 4.878989720594880453e+01
2.604229118472281002e+00 4.020139269507199486e+01
4.206351366527736779e+00 4.904074958227376158e+01
-3.363942107051689501e+00 1.607955399485654979e+01
-4.287368963303925251e-01 4.156914302630841718e+01
-5.141985549237284570e-01 2.912825818390250276e+01
3.445105661667354013e+01 1.673252409691156473e+01
1.441864279256726000e+01 -3.434285872574425014e+01
7.467248003094775299e+01 -1.261792012471320490e+01
2.200448345393534311e+01 -1.761998626998247275e+01
4.631160922390692747e+01 8.557962739633685700e+00
2.830239051037067810e+01 2.724329026350942762e+00
5.487763972805917945e+01 -3.261812582980510022e+00
3.229249531233152481e+01 1.946403516301369052e+01
4.963732407018655124e+01 1.065388362506424658e+00
4.698616473333349575e+01 -8.099696312320018521e+00
7.665371126542831348e+01 -9.182699479274987198e+00
3.672022533222207130e+01 2.620140259448359643e+01
2.024236619960390016e+01 1.427262100659955735e+00
7.754178349020173755e+01 1.494473674129760177e+01
2.452378089304268372e+01 -2.768731963142186459e+01
6.652688904116011770e+01 -2.145471747926869011e+00
6.414025514642823111e+01 -1.337745801893498232e+01
2.731103090712587544e+01 4.487783679338870790e+00
2.544613324549891686e+01 -1.128955852252813585e+01
3.114346646786462713e+01 2.803188509551362007e+00
3.300687835603542908e+01 -1.422915885612561659e+01
-1.227138313372715395e+01 -4.278479755349427194e+01
3.948826025582093990e+01 9.467135577870026353e+00
6.060944269816487662e+01 2.576572130167912533e+01
5.180477460756291919e+01 3.009556109376040922e+01
5.780698115780675295e+01 6.858190131479559026e-01
7.604366878499058657e+01 1.140597927697494995e+01
7.381350326049886235e+01 -1.604838496654277336e+01
2.111072210712610797e+01 -5.844483893333286773e+00
6.151034131222139933e+01 3.751283544348079602e+01
4.085866587382933801e+01 2.539374814057571683e+01
2.786673255197392951e+00 2.030762715517041883e+01
4.987197243260131074e+01 3.440705063307863298e+01
2.815775397606475394e+01 -2.948114467317191956e+00
4.823177133863722332e+01 -1.503271464593453111e+01
4.526291574238237914e+00 -3.844271113803326045e+01
6.074262406294946715e+01 -1.975320325309083813e+01
3.356206734198531905e+01 8.870222409604579639e+00
1.363556771293560388e+01 2.578547846849886938e+01
4.367622590802534432e+01 -1.067432224598552892e+01
1.188046473390090085e+01 -7.135178001352773247e-01
8.267052536594907508e+01 -2.100010456833561889e+01
8.377778655330639879e+01 1.098527369610007076e+00
7.750110760823964995e+01 5.119116267602555226e+00
6.540279191047328311e+01 7.639493608219721565e+00
6.353984456825997285e+01 -2.076380815546619463e+00
6.394956462732614000e+01 2.272948877473226403e+01
1.942569221959915282e+01 -1.199460165063812589e+01
3.835563607422992760e+01 3.100857550202909962e+01
8.588166778528687928e+00 1.116659116267411767e+00
5.621983729572188793e+01 -7.551763255419795762e+00
4.200523754894329187e+01 -8.177439626418269825e+00
-3.049585760551684999e+01 -2.157920696673953742e+01
1.099347655682949743e+01 -1.154692602362612064e+01
2.000843500020299714e+01 -3.183148803711788233e+01
4.257994635129028183e+01 3.893023755369571681e+00
5.850459293991423504e-01 -4.978030314728643191e+01
5.837183438329336838e+01 -9.882691789307692432e+00
1.279696923979212997e+01 4.077324136317534098e+00
5.895917523153095630e+01 4.400595509806239392e+01
5.707535466951553360e+01 9.777458959478783740e+00
1.576606874187212526e+01 -3.018622934899756771e+01
7.151972119170568476e+01 -8.303527396769322166e+00
4.408938644857942535e+01 3.063460494088025143e+01
6.599345590732451683e+01 2.879481948579192263e+01
1.905314990944519238e+01 1.441858792009429902e+00
5.134231545432864863e+01 3.762363954813280031e+01
7.625475904545136530e+01 2.508755262464839575e+01
8.186204572768942000e+01 -8.578376834232109616e+00
4.406261155242845717e+01 2.241605631096418705e+01
7.290242658112155993e+01 1.655999659134730706e+01
5.452474779061368793e+01 3.742227236021521719e+01
6.676584286868559559e+01 -3.881913105831015454e+00
3.684706209590402892e+01 -2.636705491865477313e+01
6.758709210869163542e+00 5.347462744541214619e+00
6.153887988811107768e+00 -1.328517730373711991e+01
4.798760954652315291e+01 2.076864203268290510e+01
7.444943506153379076e+01 -4.701773517071274000e+00
3.067323098366329326e+00 -2.669419344137001104e+01
8.175872242307858073e+01 2.362835645930336881e+01
7.064860036859910508e+01 -1.527965681441810375e+01
4.731735725917956614e+01 1.907274402187465512e+01
6.996370017171376787e+01 1.538149558785579574e+00
4.666624206727871638e+01 4.254833448752521008e+00
-1.549413070701169559e+01 -4.831913697008477726e+01
5.048997431516791323e+01 -7.043274605320748449e+00
4.834968169695888207e+01 1.354419492015637339e+01
6.758245617212229206e+01 -7.722141257994775465e+00
2.862306033595581667e+01 2.832073154142467786e+01
2.518944480099624172e+01 1.222157448105949129e+01
-4.514712187236209928e+00 -7.308032867104747865e-01
6.423670240259336595e+01 -1.650705344933630769e+01
4.907609974546070220e+01 -2.446206673901457407e+00
4.353927326191645619e+01 4.130394250113998567e+01
3.373299195236637615e+01 -8.384794993721657264e+00
2.769370374307191440e+01 5.367729371508085734e+01
9.168835698418945412e+01 1.385338661156286300e+01
5.677859307012170120e+01 3.481735605916920662e+01
8.363563655727260482e+01 -2.852175243981724506e+00
5.930527369500636325e+01 7.730599771540134668e+00
4.879423391033458302e+01 2.667697115981416189e+01
2.455317437037659545e+01 1.599513013254620653e+01
6.176430791008286292e+01 9.659273424850637113e+00
6.852825210942877732e+01 2.176818225001049711e+01
7.645929020311304214e+01 -4.155134428451228601e+00
3.725242499140730956e+01 1.902333526087108595e+01
-5.458670612760232466e+00 -3.882079912541398414e+01
6.024648698738477037e+01 -1.530469954810386746e+01
5.631820857211546638e+01 1.103275499629871348e+01
1.578334003929261442e+01 -5.290057267188998047e+00
3.913955736588817302e+01 7.384649670090124296e-01
7.090858354070050495e+01 3.003186098248961144e+01
4.471166961383491412e+01 1.706350582326231446e+01
7.035447987673971681e+01 4.829168832744347384e+01
5.819517955352862515e+01 2.026437446757319449e+01
5.989182396953543730e+01 2.778487978151384041e+00
1.498947937912005557e+01 2.722706197250431615e+01
3.818149164953914010e+01 4.967403108992644256e+00
2.908343337918720906e+01 -5.703107590856152598e+00
5.107875132681767383e+01 1.745648712833432725e+01
4.156753472227385515e+01 3.167945706606500522e+01
4.241191550544799682e+00 -1.639073930523493772e+01
6.132809696257621823e+01 1.556905715317075334e+01
6.135434544665999823e+01 -2.412441501208201444e+00
2.192849584981368594e+01 -2.618124663090685544e+01
7.842799136773247426e+01 3.227823331092393744e+01
2.336145207141364821e+01 -7.078461391506342792e+00
1.083045765985717779e+01 8.389424016946664509e+00
3.145778907543299852e+01 2.592498132932849586e+01
-1.158285971933167957e+01 -5.999707263938629964e+00
3.121535292407203244e+01 1.487532560096913414e+01
6.794789293620191017e+01 8.165148247985914765e+00
6.668414094299026829e+01 2.468538498524165448e+01
7.582193181636580448e+01 -2.354053506682728170e+00
4.163048725172398434e+01 2.884690645686997001e+01
3.133351811394642894e+01 6.313032235986359098e+00
1.805660275610047449e+01 5.911995567310800226e+00
5.489298113451462235e+00 1.492815989150118483e+01
6.580974783325086719e+01 -1.117124645715740527e+01
7.222519731874459836e+00 1.652024147720824843e+01
-8.489027901934520060e+01 4.324799504534038164e+00
7.229257949841075970e+01 2.544591197501077318e+01
4.467657995515999403e+01 -2.560467434227220096e+01
4.419754645055213160e+01 -1.303683044763190146e+01
2.834287550834073954e+01 1.919505305556126373e+01
7.587418299968143742e+01 4.386294852665717059e+01
6.850453430368737884e+01 1.019394304657832429e-01
2.954354250140289651e+01 8.637967384548165484e+00
-1.368837602437363365e+01 -2.652561533266974436e+01
-1.916366333670634470e+00 -1.609181557243887539e+01
2.645659899215357669e+01 -1.619303578080015527e+01
7.033451956350113221e+01 1.808694094485053583e+01
2.426130500338522111e+01 2.001441373632130194e+01
6.400628681095680861e+01 1.839067607890266487e+01
7.074765944043045351e+01 1.265080708608189042e+01
3.465982740555069341e+01 4.558334720297077425e+00
6.135997870088505124e+01 2.937598218066515443e+01
3.583989080107038205e+01 2.192866380349187594e+01
2.093747337820459009e+01 -1.993543503059788691e+01
8.000005979378964582e+01 5.967302425728970405e+00
4.415539746135774379e+01 -5.680995415248604630e+00
4.636663543121448328e+01 2.960572184574413868e+01
-6.695568618681175366e+00 -4.567284977950245128e+00
-7.340964933483382637e+00 1.941398428422904132e+01
7.328389683315745629e+01 -1.483858227818392272e+00
3.407406226227768009e+00 1.563886642153169326e+01
3.530759225941782375e+01 -4.894934510035221820e+01
7.303601303472296991e+01 2.104455722411012175e+01
2.809924772141866711e+01 1.633459587406792224e+01
3.777244752816778739e+00 -2.295675821193063726e+01
2.112042900352221508e+01 -2.877733906997039171e+01
4.251424375354679341e+01 -3.497488994931784445e-01
2.432572293728565427e+01 -1.107173396548026822e+01
6.120505948332756674e+01 -1.091640432302775210e+01
6.738453588541396755e+01 1.555721007276788015e+01
5.740515633469514256e+01 2.504027274325521901e+01
4.206596707992694029e+00 7.504931858377829279e+00
-8.434733275576999922e-01 1.045178001737511586e+01
3.519260095595796400e+01 1.273138367958275552e+01
5.369494841500345217e+01 2.093463749920658401e+01
5.334855247519326582e+01 5.074969123737563592e+01
6.206491091953551376e+01 -6.798478656418524224e+00
7.444147713078801587e+01 7.778178195545961238e+00
1.240897938681376012e+01 1.275737347576468395e+01
7.444795215946545852e+01 1.194233273674665918e+00
2.559463970038708069e+01 -3.870589866835459247e+00
6.151794233116430632e+01 -2.387269608596265869e+01
5.421405728056608098e+01 3.358403814730525738e+00
6.956057880917276748e+01 -2.547825996216533184e+01
5.129383068732536088e+01 2.564039054271125195e+01
2.037021438333755441e+01 -2.298619476325795219e+01
6.779441591302895631e+01 -1.277226446018537764e+01
-3.406974916056956459e+01 3.522505136339442799e+01
-3.829758718184985611e+01 -1.986805801862843524e+01
-1.228105917038700667e+01 4.213216847000944565e-01
-5.583026362131770526e+01 -6.108227120933700682e+00
-3.084599296040229532e+01 -1.863258492592792237e+01
-3.759039723083107276e+01 -3.543404823218649913e+00
-4.092535506186487737e+01 9.913894896737057039e+00
-3.833757209258207155e+01 4.999311913360164894e+00
-2.851650572426363084e+01 1.100295921198558569e+00
-4.337656143881230264e+01 8.889693962456092891e+00
-1.859861134285977613e+01 -7.137638059575879268e-01
-4.784796864253755189e+01 2.063721459775837985e+01
-2.223191084800889428e+01 -1.162381234187508205e+01
-3.781252410747483594e+01 -1.721974847485994786e+01
-5.010547678724464049e+01 -1.831101487689788421e+00
-5.364452625852901058e+00 -2.686138052771948637e+01
5.072676964189144044e+00 -2.101915355567708943e+01
-2.337092774488010605e+01 -1.613394863977306670e+01
-9.963542475074838478e+00 -3.332796777761828366e+01
-3.988385321472108558e+01 3.866273881926530098e+00
-4.038228755707059747e+01 -1.507545728462920565e+01
-2.040099122002009935e+01 1.296161366309684926e+00
-4.143951592283466567e+01 2.082358614337830538e+00
-4.990459478776413960e+01 8.407256428170885698e+00
-4.469064185486161733e+01 4.185658483279433462e+00
-2.228841974301390039e+01 -4.265749708995654643e+00
-9.296850979484919009e+00 -2.974517970689969459e+01
-1.676454225673748510e+01 -3.435269804630746648e+01
-2.401505521367318607e+01 -1.778738516391938873e+01
-2.693132837877047336e+01 8.961588135437814628e+00
5.820546407124100874e+00 -4.493249623325777264e+01
-3.492713814632834612e+01 1.935428311654939293e+01
-8.969444779728762640e+00 -3.053288255086737379e+01
-1.894118119018870061e+01 -8.370705592961455110e+00
1.545201902941638039e+01 -1.844877334027591331e+01
-3.041972366833267216e+01 -1.522808877687318230e+01
-1.229962384646536400e+01 -3.232933414980544740e+01
-2.791100939978841922e+01 -2.156587176806689143e+01
6.279444480384852589e-01 -1.431851640792736191e+01
-2.622407693456065836e+00 -2.677997084615747525e+01
-6.062128469065385161e+01 1.205431404160463593e+01
2.265751997695709008e+00 -8.232167393817235279e+01
-3.349119292269104875e+01 1.528318624631123868e+01
-1.520051115630971772e+01 -8.813807888420873482e+00
-1.139129545710457769e+01 -1.452684098592593642e+01
-3.665858472205918162e+01 4.237886670359569230e+00
-1.150267977726428548e+01 -2.021113754738880530e+01
-2.169987696360180607e+01 -4.873864672022756750e+00
3.468808519167961890e+01 -3.144510630917200800e+01
-4.351967451678606658e-02 -3.893904110362826998e+01
-4.124277279035236177e+01 -5.863680824434528205e+00
-4.725977061628761078e+01 -8.417434818495559412e-01
-6.973381086841729370e+01 -7.179312359763713403e+00
-2.545587364691484922e+01 -1.163084404104457192e+01
-2.148435415939880144e+01 -2.690957661930502454e+01
-4.619602396751531614e+01 -1.045763239554796975e+01
-4.828601324544558260e+00 -3.107365705443469395e+01
-3.362813087224510156e+01 2.169274402291934134e+00
-3.707157198196880898e+01 -9.203391224203381071e+00
2.161827793646391882e+01 -3.046153453351496054e+01
1.684451161825505494e+01 -2.626702400566660600e+01
3.571622277769385789e+00 -9.736134828470900615e+00
2.384887204898421231e+01 -4.121846168721266679e+01
-4.850088466554335298e+01 -1.365246643324220521e+01
-1.676440401230090771e+01 -1.321492980027485942e+01
-4.100606726685274595e+01 1.392434919940543736e+01
-1.211886860566794155e+01 -1.138087582348155458e+01
-3.853650517283809762e+01 1.649721710210893022e+01
-1.706466341987856694e+01 -6.614698249604685110e+00
-4.727355506937944796e+01 6.322168510414366338e+00
-2.784211789467707732e+01 5.785283467736874741e+00
-3.297805736701478452e+01 -9.269660818861909846e+00
-1.416430284909449888e+01 -3.335875004046457093e+01
2.526795252381494095e+01 7.809984645517684676e+00
-4.555408568114636125e+01 -1.762078829921026824e+01
3.823323410207379425e+01 2.259373994972386157e+01
-3.268695063704563353e+01 1.085729019031003872e+01
-1.833341273423614837e+01 -2.927628964200027184e+01
1.367391403456510801e+01 -1.708994600161559418e+01
-5.536376441368937407e+01 1.706650391862951643e-02
-4.511600370596100618e+01 8.018974080639129198e+00
-3.144822219097545712e+01 -7.625998016892989728e-01
8.594578394479952976e+00 -3.315642080904666500e+01
-4.540657514226369074e+01 1.803055964174115289e+01
-1.973799028363417918e+01 1.011814102849426078e+01
-1.663895758060675334e+01 1.754217887359958539e+00
-1.755831096132451563e+01 -2.360320052222935949e+00
-4.884181457965209461e+01 4.780955454377002312e+00
-4.705275385311290393e+01 2.037845328263856004e+00
-3.689205502656458435e+01 8.049319242824003240e+00
1.230852736650975210e+01 -1.921362107043788114e+01
-3.312809997829568687e+01 -1.766357021628621737e+01
-3.745552459025171288e+01 2.681162144535173653e+00
-2.035040711574744421e+01 -1.147819603837083591e+01
-5.019853751086336047e+01 2.557071997260402352e+00
-3.251680216969593573e+01 1.585978607747205160e+01
