-8.124782586259120531e-01 1.118629904372212547e+00
1.705924713848775420e+00 -1.861360320801697554e+01
2.408981124303251065e+00 -1.014221627287332339e+01
8.929175778926726537e+00 -1.541657004071431736e+01
-1.882110096015129574e+00 9.143387688143491232e+00
5.844091333514833231e+00 -1.325860481121311807e+01
4.305207743764468020e+00 4.591586943773387497e-01
4.631921376330954132e+00 5.772966629926716386e+00
-1.159396294980983377e+01 -3.988385939229362798e+00
2.372738921936820677e+00 -4.487396316121824213e+00
6.973156732527336032e+00 -3.646791046787308144e+00
7.784721957420629224e+00 -6.390825235285409356e+00
-1.118359173908144832e+01 -1.164307172454657291e+01
4.840368098558107235e+00 -6.866855178130770732e+00
1.524177431446904585e+01 -7.291103384189423053e+00
-1.215028048328230170e+01 -3.347650434809907427e+00
5.639773033075513808e+00 -1.988143213089416506e+01
-1.215211680549194107e+01 4.059240691591469385e+00
-2.842452761180572107e+00 2.275421472197911754e+01
-5.009031867856311493e+00 9.679762843270653505e+00
-3.481446361814129364e+00 -5.960328966989761668e+00
3.115940600726611720e+00 1.705053152323411680e+01
6.374852592379641747e-01 -1.857344648807929488e+01
-1.300766876924674875e+01 3.037236372748317148e+00
-1.056216459997379564e+00 3.592008473033597049e+00
-6.188613648555195468e+00 6.097191762787883995e+00
3.365324981076715183e+00 1.512956616820624411e+01
-4.919510247074581955e+00 7.915311071448103419e+00
1.299603328170647165e+00 1.821786444983292341e+01
4.035308420971337462e+00 8.713501096250539035e+00
-9.511599325591044263e+00 -1.614006819716671615e+01
-1.590232361610926937e+01 -2.762061057084686855e+00
-3.170030040375529268e+00 -6.576699824703494457e+00
6.754915851226425794e+00 1.891083316462403019e+01
1.022162136934090082e+00 -1.868546536475973241e+01
4.257781855285971417e+00 -7.034778073612677929e+00
9.792730025879109235e+00 8.145748133778276667e+00
-9.487118693702771832e-01 -1.279854002220553078e+01
4.742401567456199452e+00 -8.695270801920363724e+00
5.252725836333171472e+00 1.710420318085559899e+01
4.697855474306174450e+00 -2.023135068013504423e+01
-6.986983913742380814e+00 -2.021203023164358470e+01
2.448368594134977094e+00 1.308816209311298806e+01
1.698182200261172170e+00 -1.741630792698619246e+01
-2.208669540990123803e+00 2.325230151367430764e+01
-8.155623564860315255e+00 1.092128357866721267e+01
-2.365968293008981482e-01 -3.798000864342911065e+00
3.653494738241170214e+00 -1.440538735286586203e+01
-7.793729961119706395e-01 1.218432270162471909e+01
-1.848065480180331122e+00 -7.641110400373717582e+00
3.259030342604103403e+00 -1.687110156107138437e+01
-1.501910608212425657e+01 6.341524693060469620e-01
-4.477176555487369924e+00 2.377880387414415608e+01
-1.638168982787308270e+00 1.274044056038631467e+01
-8.047729832101273573e+00 -1.667330803381033277e+01
-9.273077233388997698e+00 -4.343035735005219777e+00
3.105954742953077385e+00 -7.183701309321692818e+00
2.015294625625295488e+00 -5.098122296894909589e+00
1.682214037666462492e+00 -1.246246895118225240e+01
3.434616168940066050e+00 2.089005873325071150e+01
3.545895832402867320e+00 -5.394338095420541102e+00
-8.744520526969292717e+00 -1.880366593721678470e+01
-5.645653041311970988e+00 1.318017729388451187e+01
-9.256473099690621709e+00 -1.667556060078499414e+01
-3.360629633177274478e-01 7.126532028119400231e+00
-5.164394483526004720e+00 -1.565831562934934240e+01
1.634877819648072883e-01 9.090601629031077380e+00
3.726533328108427412e+00 -8.498196710799444276e+00
-4.439216435657050930e+00 -1.754477637873955587e+01
9.670207775344666246e+00 1.495416814661819238e+01
1.985824188224444287e+00 2.080843928694021372e+01
-5.899657603900605451e+00 9.899524087538562611e+00
-6.925475463755361716e+00 5.845333110103196894e+00
-6.949868452457505619e+00 -1.385722057754331615e+01
-1.173936497610972118e+01 4.626212241750608634e+00
4.189699618552227278e+00 5.925283491595164875e+00
1.838693324075608926e+00 1.939646402446351914e+01
-1.557427626613140781e+01 5.326899948752011893e-01
-1.650599745921411809e+01 3.884647342380272983e-01
5.186987884732872089e+00 1.819863610461120373e+01
-4.949491224245673671e+00 2.317510030433832213e+01
-8.447709400052501039e+00 2.333998035077302546e+01
-2.814759779673158047e+00 2.290131206294598343e+01
2.573356354834219761e+00 -5.519461827644480678e+00
-6.438847472561180396e+00 -2.041154255614168633e+01
6.791077018932869080e+00 -1.474853350590379364e+01
3.325689439367998546e+00 -1.829394867044289086e+01
1.277299250898342287e+01 -3.998214060112562418e+00
6.833936953504236023e+00 -1.477757214286478238e+01
3.140989455965138344e+00 1.580189971457099674e+01
1.314776185666268304e+00 1.283406276628929277e+01
1.123858726035374467e+01 -4.700002463157664678e+00
6.554549967880647365e+00 -1.400481361721783458e+01
2.388655649207863885e+00 -8.588724399061087311e+00
-1.488226230568159003e-01 -8.221080714161749015e+00
-1.139683358073800790e+01 -4.136903032431038518e+00
-2.732128576116354068e+00 -5.540078403551258468e+00
5.854073484199670219e+00 -1.218286295743774872e+01
7.740872132949776052e+00 1.904012132621741671e+01
5.478289228397718702e+00 -1.898600189470876032e+01
-6.457754883427794246e-01 1.512755858311791179e+01
2.535465455743331487e-01 1.441751800882283829e+00
2.952708401674019045e-01 1.280547021592689383e+01
-2.813464394183716522e+00 5.468581457482243557e+00
-9.438036955960477314e+00 7.516878798526703598e+00
4.685089921302468596e+00 1.763248401067270521e+01
7.922268924354479047e+00 1.443843735971213604e+01
-6.275247413479555725e+00 4.278439830869985805e+00
-2.674733721923259644e+00 -1.127130233100269407e+01
-6.528900818908502046e+00 -1.014155132947707116e+01
5.142562477914340846e+00 2.231295562005634281e+00
-6.024056351820509470e+00 8.222741260320709955e+00
-1.007690150013838704e+01 -1.109505999658598263e+01
-1.140795175302594222e+00 -1.039990148593928865e+01
1.011175610796710522e+01 7.284508792806586586e-01
3.576699283436134191e+00 -5.292808798480754362e+00
6.757642931814307197e+00 -1.467505598413451295e+01
2.715896734520627298e+00 -8.245346096604347252e+00
-8.410057196607779062e+00 2.335552255663032284e+01
-7.124157717249979704e+00 2.326294876117556498e+01
-1.179965329531060259e-03 6.553092153218229576e+00
1.145353492823930708e+01 -5.331537532748670039e+00
-9.883155927591229073e+00 -9.880636330698125747e+00
2.984508399683377666e-01 -6.453130211584817033e+00
-1.026499470513899936e+01 -6.927191270316829907e+00
-5.996145909279947617e+00 -1.622113502202629931e+01
-7.315283859412843981e+00 2.356261380637293712e+01
4.461565949326266711e+00 -8.278118644582383112e+00
-1.545001426605661088e+00 9.065317212920174228e+00
-5.969000014057333381e+00 -1.713303157029755752e+01
3.352862232875693405e+00 -7.000507260540957510e+00
8.634819507209021694e-01 1.052724204588493961e+01
-3.562326786453204885e+00 9.843658572295524323e+00
5.752059737806587414e+00 1.375385311349787365e+01
8.060772672106029546e+00 1.874421797354746388e+01
9.605915108514804235e-01 -6.774796819033182871e+00
9.887564203236355098e+00 -1.947936742611774685e-01
6.917632116484142557e+00 -2.307462338191572204e+00
-3.913058088960940317e+00 1.006650460611377618e+01
7.071085381165674200e+00 -3.748464898353067731e+00
3.303389545444296527e+00 -7.885818831835218035e+00
-5.014163384807081236e+00 1.283656300907222203e+01
1.159478656693403842e+01 -5.108335052545372790e+00
5.179315316479250697e+00 -1.746619448479075132e+01
-7.395134429318743763e+00 -1.780749724104008180e+01
1.661912656217759521e+00 9.264681648358298105e+00
-1.178822048312424009e+01 4.795114237725745632e+00
-9.158518336578211461e+00 7.897566012152504200e+00
1.282444944067705928e+00 -6.158322444525933470e+00
-2.511209432907209327e-01 -1.424278448400892039e+01
3.760112410508321901e+00 1.403333045354877129e+01
5.356457028688341282e+00 -7.981986752165781684e-01
-1.909207151561242455e+01 -8.448585505778298810e+00
2.171416263131103808e+00 -6.209111568426902039e+00
-4.593180818166900714e+00 2.137763871741547561e+01
-6.193820236745558816e+00 1.246497095455684345e+01
5.849977342513162704e+00 -1.941677179401064279e+01
1.018598740769429334e+01 -9.924545633761654884e+00
-5.850699160956562395e+00 1.211815004962547704e+01
2.609124157244236741e+00 2.153134393996968399e+01
7.695058102697410973e+00 -1.637790137440194371e+01
2.073390730644919078e+00 2.260379984267278175e+01
-6.973406160055915848e+00 -2.062015438390935884e+01
2.221890420810401334e+00 2.054649546341619271e+01
-6.739863632120795423e+00 -1.034334565717980858e+01
4.042142054288023978e+00 -1.988355852614247254e+01
-1.544598780638481550e+01 -2.913681155427982894e+00
4.691134180345060578e+00 -6.929275371791602467e+00
1.242908156644282780e+00 3.466847900932137350e+00
-4.412109270164676467e+00 -1.059267799740198690e+01
-1.082275244716951335e+01 3.252348820552356301e+00
-1.282458018120026022e+00 1.370943752100711777e+01
2.115328031777628404e+00 -1.662780975244204740e+01
4.496433295536810704e+00 -1.899760452281422474e+01
-1.785060379475002890e+01 -8.452284011489517468e+00
1.863900884469011476e+00 2.087477797463853335e+01
2.687499556528446742e+00 -5.783576660983884565e+00
-2.374853287766005017e-01 -8.267642407979140629e+00
1.080609719498849541e+00 1.355987623922935548e+01
3.624225193497835562e+00 -8.690525950686291523e+00
-1.999520777392078941e+01 -8.420694365727449338e+00
-3.120143015066937586e+00 -6.736301465496558727e+00
3.067242436696627106e+00 -9.019994425492585677e+00
-3.040960896768264199e+00 -9.104868416572839962e+00
7.661054542269594592e+00 -1.256027900328505176e+01
-1.131357743521939074e+00 1.403064906854164384e+01
4.572479754805307550e+00 -1.777282528162007580e+01
7.790945809111120113e+00 5.044429734811404664e+00
9.715104923887690092e+00 -1.011183817829663845e+01
9.267889865385692261e+00 2.685512669074021197e+00
-5.401499315791147282e+00 -1.049522995617910404e+01
-1.488129158763540438e+01 8.447746958477422297e-01
-5.905489381327817533e-01 -6.753981200477637614e+00
-9.714116023112341125e+00 -5.387914841051438586e+00
5.407473638938567362e+00 -4.278799393244229754e-01
6.073158130044619796e+00 -1.807282468593810165e+01
3.906078886961557028e+00 -1.403093304353373583e+01
-1.174584657994192760e+00 1.160734191249379599e+01
4.365200384195573768e+00 -1.986592263613853504e+01
1.023058929951901419e+01 -3.880017982120047004e-01
7.567503637699890540e+00 -1.281833483748929225e+01
-1.389861630873502063e-01 -4.967834668118391583e+00
-3.516868774934140518e+00 -1.762551713866327319e+01
-7.470958097875949333e-01 -9.521080274749653682e+00
-2.012899900960052690e+01 -8.421610274822008080e+00
-3.027086346118346150e+00 8.260016102142405003e+00
9.896090670102534181e-01 -7.170233301120110703e+00
-7.347361355046388987e+00 1.040292834398312749e+01
8.133152066390218593e+00 1.876680004752765996e+01
2.462256944824882776e+00 -1.750708293720537156e+01
7.000759551858114271e+00 4.572872248140392726e-01
-3.370713051390350046e+00 6.947744097044719069e+00
-4.889410600120412731e+00 2.262205343097652488e+01
-3.698785370886416013e-01 2.603447814140509742e+00
-1.084439502013864853e+01 -1.182599118405749294e+01
4.590480159595908383e+00 6.563646633959715260e+00
4.878088883903848316e-01 -1.328920223012580770e+01
6.553527193253651184e+00 -1.422025219804970320e+01
-1.005790585870343712e+01 -6.155463805244740350e+00
-8.917784500773628054e+00 5.747681377201879549e+00
-3.878207804886652177e+00 -1.809867341302762256e+01
-7.847848495649630607e+00 -1.666336522453924474e+01
2.771474964778552597e+00 -1.680393149183475288e+01
-1.160032438994480275e+00 1.514725692139923829e+01
6.234439934225457947e+00 -1.802965698060884847e+01
-1.085956728928146298e+01 -4.579337504436642448e+00
7.523054483731002051e+00 1.902264574139347886e+01
3.730586787007529548e+00 -5.315800231495741102e+00
2.327187448980830187e+00 -9.337706073175503718e+00
2.457625484275203664e+00 3.411793499730994661e+00
-6.771541534286681374e-01 1.306562267544098432e+00
-6.087003936241158542e+00 5.652813819983712129e+00
-1.096402220423529528e+00 7.845172640539423980e+00
6.982737545951017921e+00 -4.182894719081658330e+00
3.538144207226815663e+00 -1.548519377972788647e+01
-9.693608982974089017e+00 5.115718651994796140e+00
1.705732996310157290e+00 -6.374477654536014448e+00
4.605662660226828464e+00 1.855485844793101791e+01
-3.984506052752241345e-01 -6.253575766035239347e+00
1.443791239127512949e+00 -1.307979399787691399e+01
1.401966091621259736e+00 -1.286439738031102742e+01
-1.305767663645069243e+00 -7.896339697027255689e+00
-7.778015678540179501e+00 -1.638288269140418407e+01
-2.093653234565342913e+00 2.332852586781901039e+01
-1.059069840602222534e+01 6.149916561497629885e+00
2.837308183970678410e+00 1.826565456677588628e+01
-5.441401198914864956e+00 1.208685417200147505e+01
-1.074624207224425376e+01 -1.190261427767327795e+01
9.690468681262714767e+00 -4.356070218906723523e-01
-6.714955784458930488e+00 2.314923618276315054e+01
3.297122967538339999e+00 2.121605622131346180e+01
-7.646482671100441664e+00 -1.686713937161656673e+01
-2.870241104926398279e+00 2.340411011449383594e+01
-1.002291708140123205e+01 6.453271066194594674e+00
-9.722855655388325857e+00 6.880118587573841538e+00
-1.607338580384055504e+01 -3.537793152922698248e+00
2.462627111967901961e+00 2.248942744244209635e+01
-6.782987605270627718e+00 -1.878741362801481074e+01
1.521014193917838320e+00 1.516523440370582776e+01
-9.296199242033168275e+00 -1.023598616772446945e+01
4.266986224579695453e+00 2.032781231625595453e+01
-4.003739712797030670e+00 -1.848718664837215897e+01
-1.931438469675312630e+00 3.695680785669762436e+00
8.019283428923273505e+00 -1.587783573190062691e+00
-1.209090700149664066e+01 3.932205886227526204e+00
8.790827305101802658e-01 1.328513793142777466e+01
3.416043855265127771e+00 -1.115129108719248130e+01
-1.256131951470651309e+01 3.417241433261996253e+00
1.631935947553201061e+01 -6.602342212981969105e+00
9.956478083075502639e+00 1.348118105924769417e+01
-2.564796128362809569e+00 1.153445801074671095e+01
-1.048748344730948645e+01 -9.393594465464333965e+00
8.271417536686577421e+00 -1.159839655099485789e+01
-9.553160573225849106e+00 -8.789030869492179932e+00
1.119927003165271984e+01 1.593407240823247584e+01
-7.061859447174927418e+00 2.437250453779817505e+01
-7.193750385905572031e+00 -8.338079243249858052e+00
1.563025588868938698e+01 -6.029194225623858649e+00
5.906483474462896233e+00 -1.357930081251302568e+01
-7.895006018179721252e+00 -1.743819904156652356e+01
6.651939077864795991e+00 5.134736309919486708e+00
4.716201964130488200e+00 1.797574673812052026e+01
1.253131318031109132e+01 -2.242376329760793485e+00
-3.912301385922317465e+00 -1.789858659344828240e+01
4.259610570533471474e+00 -2.056552159531285895e+01
-6.778691769713073967e+00 -1.871833014740236223e+01
-1.027968465359196060e+00 2.140610297822185615e+01
-7.225856466905352660e-01 2.134203306573805037e+01
-3.218255250743115026e-01 -1.644307783862992522e+01
5.092415108731619178e+00 1.946956816198985862e+01
4.612549151771143663e+00 -1.529027834618520920e+01
-1.203341167944196677e+01 -1.066734779829100788e+01
-1.107564646432632038e+01 -1.152368368503357487e+01
-7.248642969063336494e+00 9.811517614392377240e+00
1.331263262107249901e+01 -3.756919703613620154e+00
-3.437559619931234711e-01 -1.499541671524155007e+01
-1.047592612177848359e+01 -3.853359717203613588e+00
-1.000117401653386295e+01 -8.569032404481735199e+00
1.144050767140739033e+01 -1.753337408618141691e+00
4.515354449161748107e+00 4.053437906138559477e+00
1.131671760208875455e+01 -1.873081189655520506e-01
4.304535541661872244e+00 -1.776229259429061003e+01
-5.980289369207716810e+00 2.316838655246017709e+01
1.137826734485687474e+01 7.912527467846469875e+00
-3.386669269797988768e+00 -1.839988632241272626e+01
3.170720537627209179e+00 5.382074840933557702e+00
-4.557662608412046956e-01 9.180733864666246191e+00
1.447127541419430952e-01 -1.365444312381297465e+01
2.760717224499647404e+00 1.442554152365609887e+01
-2.392578214045981699e+00 -1.969185328432011417e+01
-6.822646077486559157e+00 2.341650633248712765e+01
-5.183327691051949238e+00 7.671137607166327754e+00
1.493153159390849805e+00 1.091999759273192439e+01
-1.202942349485806162e+01 -5.526966990196753748e+00
-6.712048042015640092e+00 -9.943552952297014969e+00
-1.090188505294493515e+00 -1.027969395940864494e+01
1.119104534619738978e+01 1.596452533693489784e+01
5.637910293614726065e+00 1.478546391938284188e+01
-1.271861956956069228e+01 -5.313366570875557748e+00
-1.980723402508422382e+01 -8.463024977868279564e+00
7.031136897423387877e-01 -7.284766049477000571e+00
-1.478177113225892736e+00 2.347970078569338526e+01
-1.428010847251887938e+01 3.018741587209460064e+00
-9.260034245294205490e+00 -5.701410367212515595e+00
7.113630085411977610e+00 -1.816580624808249667e+01
8.700010370631176215e+00 -1.895523084248694801e+01
1.172717172294838228e+01 4.987824639877389554e-01
1.999032619684051326e+00 -2.762373461452934720e+00
-1.545633687063022421e+01 -7.991249385304309907e-03
-3.556270945718723819e+00 1.264292753024740001e+01
1.948438682513906395e+00 2.010066140006132329e+01
5.712215132295182407e+00 2.601218425736080864e+00
-6.141001557042583769e+00 -1.885299673575043400e+01
-1.381457252456581841e+01 2.153171715107089046e+00
-4.652179823353573163e+00 -1.011363530576872805e+01
-1.718559149122136143e+00 2.286989403140263377e+01
-1.987636169292652610e+01 -8.467994264639971291e+00
-5.746415929613920781e+00 2.368267809917312050e+01
-4.537992472245823805e+00 2.080854041466727722e+01
1.073358057789609710e+01 9.507113629750437056e+00
5.637822714228322596e+00 -1.960568535195887208e+01
5.888850232142041285e+00 1.320314465304368312e+01
1.286065062217821797e+01 -2.931693952675565207e+00
-4.594470394166734195e+00 5.550565358379631498e+00
5.869630192072224695e+00 -1.664499685774215365e+00
1.071318951336349690e+00 1.975603537564583689e+01
-2.616746003185879133e+00 2.331101907726048950e+01
-1.688612555926317649e+00 2.191551226927815677e+01
6.736552294108173911e+00 4.280830928137945968e+00
-1.424412622953377472e+01 -2.531732184295026888e-01
-1.119406052481123837e+01 -1.157845070351074845e+01
2.761375170292492687e+00 -1.100560812987878201e+01
-7.178107066142720427e+00 2.207211319170348318e+01
9.492487889798445266e+00 -1.008593789493234105e+01
-5.028626332357373663e+00 2.299412177507265298e+01
-8.332884182596469458e+00 1.071010137776252513e+01
4.881002784045018750e+00 1.245121194927876651e+01
1.269185934385631676e+01 -2.216745699496861732e+00
4.675665421909432240e+00 -1.017552742810485533e+01
1.479467502638825493e+01 -5.783259706073925699e+00
5.081122586000069496e+00 2.243269801039129874e+00
1.218507139267155992e+01 -4.882609234921871932e-01
-7.533032412097860231e+00 -2.025344331351666582e+01
-1.011906933758779381e+00 2.352145088009599405e+01
-6.150498627849843913e+00 2.347840917944764527e+01
1.244373376355294658e+00 -1.488500405727635645e+01
-3.252053688608064874e+00 -1.093713203837541492e+01
4.705738189865141585e+00 1.923565207670528210e+01
-6.967330494133138430e+00 -1.481242832593054892e+01
1.090997962790643960e+01 1.643430339738077350e+01
3.858122726455431639e+00 -1.671824285401982024e+01
1.100245090686171423e+01 -1.000296144416299704e+01
-7.782454376631344317e+00 -1.547684880660641049e+01
-5.565096524729199245e+00 1.215543873818163334e+01
-3.795878568840270084e+00 6.209773800502855323e+00
1.419446461503512147e+01 -4.690895455257740210e+00
-2.456291685487312915e-01 -1.709643792264534667e+01
-2.672994696003687665e+00 -1.124964560351320486e+01
-4.408360566429859517e+00 -1.732973263732490921e+01
6.872564832859795025e+00 4.753604787913568330e+00
4.622076362223949408e-02 6.561236668732690624e+00
2.683802434081482780e+00 -1.196813110872908403e+01
-1.556099355268429996e+01 -1.952952013105636375e+00
-1.037978824358842367e+01 -8.474027258999146994e+00
1.106095127574561765e+01 2.231941778903057394e-01
1.111202225330168680e+01 -1.002041961052028718e+01
-8.436588966326043604e+00 -1.971027542581947145e+01
1.013189133699260758e+01 8.387807942138703510e+00
4.954249353805354472e-01 2.275343660199623486e+01
1.251920077545577392e+01 -2.433697152447229506e+00
1.054472626767140753e+01 1.533419928435328217e+01
4.047941645383454912e+00 1.697648331392626275e+01
-1.185220009413552411e+01 3.712954858575898687e+00
7.625031551683452147e-01 1.033492269734195013e+01
-7.758248927379938209e-01 3.389888391753538066e+00
-1.614831880174700274e+01 -3.509693556023488981e+00
-2.545194565682390220e+00 -5.814296745886254669e+00
1.541934706049993409e+01 -6.783134660686026329e+00
8.175510248805654356e+00 -1.016837140806486417e+01
-1.292959327961637683e+01 -3.486711871696291709e+00
5.572414067426591622e+00 -1.643596322270948562e+01
-1.149817180195598532e+01 -4.355994243014279732e+00
9.336113634140412287e+00 -9.617281604911399384e+00
-1.493002839013288963e+01 -1.143838284365806368e+00
-1.432037703711091403e+01 1.813947948377731878e+00
2.139145044232521276e+00 2.009427056717002102e+01
-4.002949821755789062e-01 1.522053452928305184e+01
1.563270253397017973e+00 1.477173456929676121e+01
6.177809973853992886e+00 -1.231717652072827018e+00
1.757703865962028988e+00 -7.457337627250072210e+00
9.743743057173565703e+00 3.696657858401989575e-03
3.996173466892447568e+00 3.711920315933491921e+00
1.527209675555211454e+01 -6.091748969919746237e+00
2.042217390325699267e+00 -1.405585870538998527e+01
-2.648354201059299751e-01 -1.742748375934845129e+01
1.112966841552243302e+01 8.267238753455849576e+00
9.934315751219886081e+00 1.339303776712751315e+01
4.903169409475713891e+00 8.061061990395582910e+00
8.619428485999470979e+00 -1.564787565142166770e+00
-4.938505415419850664e+00 2.347882247062120342e+01
-1.447884347619974976e+00 -9.970013221413498883e+00
1.314932178330895240e+01 -3.499594004826549476e+00
-2.182397739952902871e+00 3.558305245336516709e+00
-1.024726833199085618e+01 -1.093225421541375653e+01
-8.265043319950198253e+00 -7.711902690349573319e+00
-1.122696920222780292e+01 -1.145180785689019309e+01
-1.161444683797001254e+01 -1.006395536401246460e+01
-5.126315942152023020e+00 5.867015845170733712e+00
-8.109776600412619274e+00 -1.988261565748592119e+01
2.065635154928514017e-01 -1.307178945895521416e+01
2.501663936350068340e+00 -1.187611437546920889e+01
-1.323968364947651644e+01 2.502436009547597706e+00
2.990891215164377392e+00 -1.006853043629041977e+01
4.971972514790357955e+00 7.346880182897409517e-01
5.842726245680810671e+00 1.389703184395885138e+01
-2.332553600519643666e+00 2.587102236517625720e+00
9.301605102684185056e+00 -6.407157521468017647e-01
-3.978797797800921465e+00 -1.144304099700195643e+01
-3.307382779269916195e+00 8.576487950266951543e+00
7.444936083314751762e+00 -1.637770026076085372e+01
-1.500108148315278278e+01 -2.701456178209780568e+00
-2.003098316321529015e+00 6.964110140442300256e+00
2.629362193490222488e+00 -1.880425133673506011e+01
4.552596838668739210e+00 1.751905257320818876e+01
-1.211632947883023448e+01 2.855542555270163874e+00
-3.050541973277689944e+00 1.366877033247519080e+01
5.156272487713784436e+00 2.470980925298664310e+00
5.134306467780938021e+00 1.224934141203792670e+01
6.511476258607935108e+00 -1.645053422261128162e+01
4.356839669513638214e+00 1.365714985039495133e+01
-2.013228981274831852e+01 -8.420740074526936070e+00
4.884968532109033923e+00 8.165550769720377744e+00
2.221649334353107630e+00 1.751584804383320915e+01
-4.221987984750700917e+00 -1.888301288027076197e+01
-1.288897432525226883e+01 3.715607280614580343e+00
1.168048346427773332e+00 1.323157553516415241e+01
1.062003440369686302e+01 -2.085142116421722924e-01
1.518072131375405753e+01 -5.826563189185888447e+00
-7.335366279369095466e+00 5.655247506151209969e+00
1.947822603462610047e+00 -6.477522366520949149e+00
-1.085826174825924717e+01 4.941011429391374499e+00
-5.939363154040949944e+00 2.321780334455389649e+01
3.392003868090559315e+00 1.899484082454618061e+01
-1.310478467323429541e+01 3.351356443945719299e+00
-6.237942704836913599e+00 -1.502702253151432288e+01
-1.021416725253429547e+01 -5.923262364957368575e+00
3.770308825763641458e+00 1.788354086740085691e+01
3.034078153695466185e+00 -1.798207182872094378e+01
9.380468687079373424e+00 -9.590431671164277860e-01
-7.775429729236938314e+00 9.650729919653056044e+00
5.891960279714232307e+00 1.834777500119965765e+01
7.009980158969704167e-01 2.058448431204609719e+01
-7.049211495243953074e+00 2.352106869365810837e+01
4.796889589408639409e+00 8.141206574170201549e+00
-1.244914860175392946e+01 -4.701435961069300618e+00
-6.899159699907943200e+00 -1.048948818156027407e+01
8.322218506194060339e+00 3.797923162333993297e+00
-6.027240814987018247e+00 -1.644090397953382521e+01
3.250824306073003545e+00 1.780582853096017715e+01
-1.795253983476254867e-01 -1.629221673016268213e+01
6.156636865932161307e+00 -7.391656026048255557e-01
1.499579282137722513e+00 1.202666574649265385e+01
-5.920559076583951530e+00 1.280187999408870247e+01
-1.339909953380566421e+01 -2.394344344095864496e+00
3.003134317322005309e+00 -1.052766138211098834e+01
-1.260321423948767361e+01 -5.231182299175477723e+00
1.032916180178649768e+01 1.238769633658050262e+00
-1.054491099454494574e+01 -1.655554222296581557e+01
1.433947357216280638e+00 1.084258370651006942e+01
-2.015125400749457540e+01 -8.416032703897212031e+00
1.647917836288180782e+00 -1.568506619263033208e+01
5.367767749887426554e+00 1.811414328467119006e+01
2.788322366736341706e+00 8.445852385715109989e+00
1.327427337841201371e+01 -3.433032085109625431e+00
-1.302415922191959474e+01 -3.359441345272975887e+00
8.328785454971928459e+00 1.874555514439461845e+01
-2.008996741051732204e+00 2.362737392807353487e+01
-3.310962741039987223e-01 9.831622658294579153e+00
1.022609713864531145e+01 8.321120383410418597e+00
-3.524793031856578107e+00 -1.090418377329853428e+01
4.581399301990838779e+00 4.211905577835612924e+00
6.892415165046755776e-01 2.211257679846153223e+01
2.710623824714406993e+00 1.770794567215012805e+01
1.696383877883481883e+00 -9.279214738639693039e+00
-4.599497495549754511e+00 2.036652036913052655e+01
-7.759401019430995916e+00 1.013455476161444579e+01
-2.202759651238414218e+00 -7.362577703723694356e+00
-1.010997639894616995e+00 -1.147337751225201430e+01
-2.743299084911395180e+00 5.585652151515979824e+00
9.383485719410689541e+00 2.596743670750277566e+00
8.096126932594362557e+00 -1.041792803927999067e+01
-8.450508235487257380e+00 2.334724582241029367e+01
7.135940264019278167e+00 4.861577100295573217e+00
-1.444095268799969745e+00 -3.702680259524406825e+00
3.684890529568706635e-02 2.294345910266613942e+01
-2.016365280043719288e-01 -3.870197178358923740e+00
7.073982805246771477e+00 4.674492828661240829e+00
-2.576603652637420971e+00 -1.950934793746692719e+01
1.081671497295708662e+00 1.034390117248807783e+01
5.579613159411813683e+00 1.987572011692511609e+01
1.588312198280510934e+01 -6.387367377906980614e+00
-1.086466940793286717e+01 -1.680973010487572950e+01
-6.219498476163371592e+00 2.486833370757578976e+01
9.625618210020395082e+00 1.506991536180598423e+01
5.994427447200929571e-01 4.287262777103323153e+00
-2.936715370994226415e+00 -1.914221253576372561e+01
-8.352077917495892123e+00 6.141495202686353849e+00
-1.916787186039706770e+00 2.229776476008255415e+01
5.816976509241784221e+00 2.912679351505088388e+00
6.642437995044212506e+00 -1.706112245377578995e+00
9.288929002847614580e-01 -7.810454239746637661e+00
9.911644591845996111e-01 2.134430237572272659e+01
-6.674258567180115342e+00 1.244416520723643771e+01
6.689034439028201717e+00 4.330473334810359259e-02
5.818076016505378867e+00 1.844241311585432896e+01
3.995845859632960018e+00 -1.761830163654374815e+01
-1.944310208057687117e-01 -1.719219335597100695e+01
4.855403022456341589e+00 1.985464842707346023e+01
2.325710950233207175e+00 -1.915252201751517802e+01
-1.308373092482214872e+01 3.373138599554761363e+00
1.801517102150385963e+00 6.306094800842537706e-01
-6.976764053796817855e+00 -1.627986637558872474e+01
-8.053479709368376760e+00 -1.851951895418909899e+01
-1.575466826739351056e+01 -2.792411495331013960e+00
-8.337935597451641812e+00 -1.924697359328526147e+01
-9.687388164706655758e+00 -4.661636238389086806e+00
-2.953515082041240358e+00 2.253147902089454746e+01
2.384955226737584422e+00 5.876325803189066832e+00
-6.746030892902449061e+00 7.612558505022833266e+00
-1.005528421818356932e+01 6.545142695186642712e+00
-1.365336359420958212e+00 -4.717570789113016971e+00
-5.538473157073377173e+00 6.291232685750173026e+00
-8.354185003427923917e+00 -9.694074105496989446e+00
-9.329413432947845086e-01 9.657426519682292820e+00
1.048556776354490960e+00 1.669988629158317917e+00
-1.086466620119687576e+01 -1.667235931341963351e+01
4.417960019508869074e+00 -1.764170973186039149e+01
-1.100949695865427014e+00 1.420202220294510909e+01
-4.009472846115643918e+00 1.411689202798720899e+01
-5.043507939438829801e+00 2.240605744957148815e+01
6.896156799231667023e+00 1.870527317374056508e+01
-1.133787016795073299e+01 -1.174922370975681929e+01
-6.201601823037880656e+00 1.253902681583782908e+01
5.866883759097962781e+00 1.924584456351873030e+01
5.356984514437276523e+00 2.843391929804414353e+00
-4.558694442158886417e+00 2.023400023603948128e+01
-1.128911327277149113e+01 -8.581471753967397476e+00
-5.091026533022300349e+00 2.176946925465387395e+01
-8.619329202007191881e+00 -1.826448978066411044e+01
5.694248332566981041e+00 1.296022530225934588e+01
-4.704330012481760526e-01 -3.752888113096646272e+00
3.835945323370541615e+00 5.113743879621923227e+00
-1.519442768179971637e+01 2.839861056318814247e-01
-1.370062541546097634e+01 2.401090969885395499e+00
1.008697180380319836e+01 6.288530070265642147e-01
-7.548915540691377046e+00 6.302417418413312156e+00
5.804179823716864028e+00 1.316070147322378325e+01
-4.992231370080444819e+00 1.150304670970618126e+01
-5.116267536843468910e+00 1.259454309865870592e+01
-1.202837290904310485e+01 -6.858216137407230129e+00
-3.404412328803563259e+00 6.741452559427184354e+00
5.990492166216806247e+00 -1.507538738624406882e+01
5.046457823288160505e+00 1.227019358827734941e+01
1.083936740160920387e+01 1.624043061200764271e+01
1.107022245150378481e+01 -1.178861322469378026e+00
4.826602099215944186e+00 1.303114181067100219e+01
1.081460647753043602e+01 8.494678129886134244e+00
2.682232626826743349e+00 -1.688115818594591033e+01
-4.218962812384488004e+00 -1.165416039014774263e+01
9.510146011968018120e-02 -1.330356526608702161e+01
4.094175574885635660e-01 2.281758865232632516e+01
8.068929288829686186e+00 -9.648483546426925628e+00
-1.014164610999579175e+01 -6.044481490993187656e+00
6.924433335732685713e+00 4.636658503581571722e+00
-1.274046292672395275e-01 -1.536754290485228935e+01
-1.388324253272213582e+01 1.694537714867062839e+00
-1.670188052529131539e+01 3.909731781025893027e-01
-1.026356469640527180e+01 -7.345590444339187286e+00
7.681537787728720534e-01 -1.067037021910627992e+01
-6.788895437409863121e+00 7.287106623009076856e+00
-5.628937199865841734e+00 8.719270888753676729e+00
1.103865402032808340e+01 8.318112828595983999e+00
-7.076789169463193474e-01 7.708224249749298984e+00
-5.948980623590825800e+00 9.517029646512359164e+00
1.621072469601590882e+01 -6.576829178551146349e+00
-1.088638002945043404e+01 5.868660265205745574e+00
1.430255989998531430e+00 -7.419951987243062597e+00
-6.357502141287669772e+00 1.217822440678598639e+01
-2.013297093815748084e+01 -8.420683363301304070e+00
-1.204159799813583298e+01 -3.518607581647027693e+00
-8.725453623784746426e+00 1.077084110728987909e+01
-1.392490727465055400e+01 1.945884788098560803e+00
-7.623287900527238925e+00 -1.529962439409850106e+01
-1.190256051787928016e+01 -6.697893810435408213e+00
-1.230647347679522552e+00 2.129675567898867428e+01
-8.181183311764531396e+00 2.339499159521837512e+01
-2.795322495549537045e+00 1.318150426002766729e+01
-7.977191976169641485e+00 2.320370488411482057e+01
-2.908669214734033837e+00 -1.110482602603227065e+01
-1.884193612305341547e+00 -1.008208620594558269e+01
-3.314952835097292549e+00 1.344669483510099361e+01
-1.547934968714129234e+01 -2.624657980163065396e+00
-2.014938338261643125e+01 -8.416608262063181911e+00
4.039373710203030043e+00 -9.348836730306262055e+00
7.542522494492363005e-01 8.072043007895851829e+00
8.277759239455935614e+00 -1.095839197945702637e+01
-2.077285864126308557e+00 4.178858393679443672e+00
-1.092725680046063275e+01 5.916230971058730859e+00
-1.986660238248789057e+01 -8.474859983496482840e+00
2.382225319440671285e+00 2.254413105417387442e+01
4.048132386474344813e+00 4.896914013247278596e+00
6.531403232525534897e+00 -2.027149493102942657e+01
1.710493742480607260e+00 5.660308209594410167e-01
7.985312359216616862e+00 -1.051620173907490852e+01
-6.812240466260470306e+00 2.336609512064661942e+01
-6.675664290013001434e+00 2.277583977551863015e+01
-1.193524677090144337e+01 -1.163741633906331607e+01
4.719230885318451918e+00 -1.415245294126822984e+01
1.130060286695990612e+01 -3.807371345797142315e+00
6.300470376853530396e+00 -7.383505603719463517e-01
7.129394693291195573e+00 1.892425221754790954e+01
2.037573584487931910e+00 -1.123244768859590259e+01
3.635923157181156107e+00 1.228169338179489678e+01
3.031167276455651649e+00 5.272007102916012045e+00
-9.509794476150544185e+00 -4.509480609229270520e+00
1.446938373661011035e+01 -5.712469337131729219e+00
6.736143378778136181e+00 1.391553937335038960e+00
-4.406312458063208481e+00 2.025442708733139341e+01
-1.518172236323675861e+01 -3.583201931546079688e+00
-5.032407211477816222e-01 2.372536972148418499e+01
-2.366386052499424686e+00 -1.975617877954331902e+01
1.104884139363885254e+01 8.335166516208859733e+00
8.586503856550233849e+00 3.622939745262344857e+00
3.487344945466665624e+00 1.943178208986969935e+01
1.009036797485608616e+01 1.520147210347660049e+01
1.575892611356293216e+01 -6.957796198506575713e+00
-1.131110592009718019e+01 -5.148515654989298973e+00
-1.130508571544920926e+01 -1.141203091484122290e+01
1.069219537451115798e+01 1.018551900204786875e+01
1.075724197811350891e+01 1.595599633385619498e+01
7.530082696091617844e-01 -1.942763050978271266e+01
1.114061785044099118e+01 1.590936909757619233e+01
-6.283315176018013481e+00 -1.676842031693976054e+01
2.571879891960923370e+00 1.788124241232631473e+00
-1.075096410420475834e+01 -8.836567206102131422e+00
1.057052069454465393e+00 -1.311303093181001600e+01
-6.704862021714125930e+00 2.373564277776727138e+01
1.574782961013168059e+00 1.878093137041883054e+01
1.373345694480938850e-01 1.876606544436278057e+01
-5.753574719824584349e+00 2.528718765146862779e+01
1.067945740084383033e+01 -9.966286630015314785e+00
1.578721839021430995e+01 -6.104450396152344638e+00
-1.642111307232020678e+01 -2.818898132569749304e+00
-7.022067026028828707e+00 1.100142780468645221e+01
-6.649103918313733708e+00 1.134669993909828989e+01
1.000378179437911719e+01 1.358361895378629924e+01
-9.149117911219455834e+00 6.982254737545894763e+00
-7.902839282201587601e+00 1.021509156128474771e+01
-5.012532608524620237e+00 8.394483593955625267e+00
1.662229322084716632e+00 1.102876609706483890e+01
-9.980888741128200792e+00 -4.399893204411490011e+00
7.542745213305608321e-01 -1.406340802012806002e+01
-8.387785540406813567e+00 -8.190307909860505831e+00
2.812369038013950107e+00 2.108730899846365148e+01
1.018702351257822691e+01 -9.853477953214875740e+00
-1.985547006453416685e+01 -8.479864159170551474e+00
4.603236301448369261e+00 1.222003301110740203e+01
6.221326194196803439e-01 2.299394303150178587e+01
-6.912808838492228602e+00 -1.493051044709518393e+01
3.740646007991062394e+00 8.604882653228077771e+00
-1.510842558845404193e+00 6.283181547302874037e+00
6.134490263553691314e+00 1.950818718822063147e+00
-4.639962285459773739e+00 2.044959768137411871e+01
3.744249675619160556e+00 -1.698772215233265115e+01
-6.364931711535699144e+00 5.256655128987069325e+00
1.502025316057154392e+01 -5.568970409763393192e+00
-1.325562386004086690e+01 -3.144934882598299453e+00
9.452097914753319063e-01 2.277035834074486331e+01
7.601872971987326366e+00 -5.630285685818326336e+00
8.110164701067514414e+00 -9.981959238159806347e+00
6.307776293528321254e+00 -1.584818400930533855e+01
-3.020133397443149015e+00 5.290952855816802192e+00
-6.617308398612217424e+00 1.059480479265945441e+01
2.622157985885159359e+00 2.056483488628195389e+01
-8.859810468501483349e-01 1.487942043527723079e+01
9.262866958855795474e+00 1.514063920622418813e+01
4.398903467717213189e+00 -2.036811364114007716e+01
-1.443287020355650796e+01 2.160239678541981956e+00
7.903543665844260602e+00 -1.568009105889771426e+01
-2.013720062387780629e+01 -8.419473724897940770e+00
4.704027294839881468e-01 2.272526894254691143e+01
-4.421851871458727601e+00 -1.117804700527968720e+01
-5.303796846811033916e+00 -1.047421582952082630e+01
9.323516280984980309e-01 2.631105708961796630e+00
-1.476846808682712719e+01 3.422794614404110480e-01
4.264587766373403532e+00 8.621693037754276645e+00
-1.131954063048830061e+00 2.388439042964444869e+00
-1.802654156124623208e+00 2.231606489963237294e+01
-8.080836214052551369e+00 -1.008240381939630481e+01
-5.319625825830675225e+00 8.347044276047352440e+00
9.593362562155675732e+00 -1.039182330837101276e+01
1.135266056624370634e+00 8.119440189445956690e+00
-1.570988014560652601e+01 -3.266585934020514448e-01
-1.352486079479819026e+01 -1.976655074372342114e+00
-1.248654812045671747e+00 1.974692151908771454e+00
1.081659631882500605e+01 -9.983232591291255176e+00
-3.185214001373131154e+00 5.136040943375529189e+00
-3.067329776615139725e+00 -6.760876632274581688e+00
-4.014342325532675559e+00 2.209270778463060836e+01
-8.885170752956662810e+00 -5.454066168365247158e+00
-5.321563440359023289e+00 4.557132230843589760e+00
4.747524642798790495e+00 1.222904762129518375e+01
1.139327698497863040e+01 -1.006252192194786055e+01
2.755519659770711893e+00 1.994439626132615118e+01
-2.001430771545626186e+01 -8.451913327643200802e+00
-9.124260349021227512e+00 -9.597751505663334015e+00
3.252451385126482464e+00 1.630878418806851471e+01
4.554312889178594226e+00 1.777326262198977602e+01
-7.891940603484262517e+00 -1.584755934328166305e+01
1.488841206848768017e+01 -6.314616971290370806e+00
-1.551658832232972429e+01 -6.608726576751414172e-02
-7.185870429083880850e+00 1.055170788866176856e+01
1.161645520426000333e+00 -1.829487889427685943e+01
6.525779752368734421e+00 3.261562008907328725e+00
-6.458935449405194262e+00 7.622036061906670490e+00
-9.425378148886746743e+00 6.757152393738846463e+00
-5.758265245733652726e+00 -1.790455350626823261e+01
-5.890216504396257768e+00 -1.746467046167692416e+01
-9.231784816443866504e+00 -9.263921202802174903e+00
-1.663802894213009864e+00 -8.060682386515900077e+00
1.388327100657989988e+01 -4.469902942988384531e+00
2.386694278228441046e+00 -5.923262017484744568e+00
-7.402185292106685743e+00 -2.026762338587345269e+01
2.122328482762216584e-01 1.963672602318369442e+01
-1.136186475391301975e+01 4.137531192765651511e+00
2.824276814267239644e+00 -1.123097116681311469e+01
2.521508392819751254e+00 -8.034760472740794413e+00
-1.586298742027165076e+01 -2.417483932697386262e+00
-9.780772526029823055e+00 -7.658705684258637625e+00
1.003847433078486695e+01 3.322838508849661199e-02
-1.149915377268206562e+01 -1.047132894633674027e+01
4.341535885099641057e+00 7.043737827419420228e+00
-1.926731092405373769e+00 1.007587805078360610e+01
1.060400265886383142e+00 2.110031854689147579e+01
-1.557227532525958225e+01 -2.282591899716390482e-01
5.048758133796262371e+00 -8.838489318269543205e+00
1.941906951875615572e+00 1.556975110519571359e+01
-5.813644833516010912e+00 -1.021670137595320149e+01
-1.055963121037521546e+00 -9.886505940428012451e+00
3.980320884209600063e+00 1.186201897431326913e+01
1.204482985525614724e+00 -9.220715671038652417e+00
-6.851655756568527877e+00 5.130666123841902682e+00
-1.521617226982685267e+01 -3.313721387111919991e+00
1.527870075401930272e+01 -7.400141327997753926e+00
9.947377440528297754e+00 -8.442884967628653259e-01
5.980461827548753106e+00 -1.557376820248872384e+01
-6.229458381978082215e+00 -1.654060200606363296e+01
5.307305692707514844e+00 -1.714151365032491992e+00
1.123310919368964100e+01 -4.792748202165102889e+00
-7.150351644049929511e+00 -1.895155131999985443e+01
-9.627358573452630353e+00 -1.648515887136460023e+01
-1.915705340263923251e+00 2.179919426547695949e+01
-1.482992229253633054e+00 -9.188812261866836195e+00
7.445996810976529545e+00 -1.652697411958234852e+01
-7.743462508417048973e+00 -1.761186710079950402e+01
-6.068827661356455128e-01 1.189289728989926509e+01
2.160085470004977637e+00 2.231708639986672083e+01
1.050540492305035301e+01 -2.760527516712125262e+00
3.708838172209436568e+00 5.180575137190950308e-01
-1.157858628183232241e+01 3.981576604284109422e+00
2.063169887309923567e+00 1.718407439281117277e+01
-4.970043733944016218e-01 1.411122680740951196e+01
2.988522906412349300e+00 -1.580302282066680064e+01
-1.597634968406681955e+00 2.165516785052757953e+01
-1.473630268965934142e+01 2.261518198092219212e+00
5.842363500278353605e+00 1.378562050908374914e+01
-7.365526829830522093e-01 1.343466645012796157e+01
2.598630388537999103e+00 -1.141766770749097937e+01
1.351126868464427311e+01 -3.629165839921113523e+00
5.651053593324017577e+00 5.865972271148725881e+00
1.073877682264799027e+01 -1.850459404724397405e+00
8.236116680545870761e-01 -1.617386089633937729e+01
-1.046465199257042578e+01 -5.505401035872045767e+00
-1.494982523983880318e+00 7.026669347732359405e+00
-1.719539309739600785e+00 2.304299836892478837e+01
-9.550623059648052360e-01 -9.068808361529193007e+00
4.527555210631103222e+00 6.457983805292846213e+00
2.070627187179987949e+00 2.708393255284680556e+00
-1.158302273686005535e+01 3.265968557998373267e+00
-1.045434974090366342e+00 1.311808987160914874e+01
-8.357617964454895798e+00 -1.792604304615107580e+01
-1.327111657664271149e+01 -2.978430981443758618e+00
6.925989920677619871e-01 1.056157590462871099e+01
-9.863954701446768780e+00 -1.036834005351805743e+01
1.315866353803304634e+00 3.354497987071005216e+00
7.970134599183964497e+00 -7.626926164080066961e+00
-2.760390393616614091e+00 -7.626991483222916202e+00
-1.522859851545585208e+01 2.545908944887337322e-01
-5.850297207890684525e+00 -1.765322996687097401e+01
3.885340435953119620e+00 -9.819420897107054458e+00
-5.250717703264623282e+00 8.715869048485490822e+00
6.913381199319585058e+00 -1.214876071167566707e+01
-1.603801187048137233e-02 1.849636146692703598e+00
-2.485254512899991219e+00 1.111952853014220288e+01
-1.439147675603754450e+00 -5.796670350843189823e+00
2.995491182999177049e+00 3.096620945742678543e+00
9.829535513214056053e+00 -9.543974042656738987e+00
-5.654043772818790003e+00 1.236889591804180633e+01
-9.279180718687833007e+00 7.232661469836596524e+00
2.638385045798948170e+00 1.702202800172451091e+01
7.315294596733781241e+00 4.433554955172299139e-01
-6.996752743462238300e+00 1.053921991613192688e+01
-6.293676162704285204e+00 -1.757779274568408923e+01
9.062705586955948078e+00 7.781715290842636357e+00
1.106335380025266435e+00 -1.812120148041005407e+01
-1.228797314614952896e+01 -1.138884018342812432e+01
-1.225946942114584992e+01 -3.972282884520940360e+00
4.127037487304880514e+00 4.320213418904706337e+00
-2.573456775216745207e+00 6.686176871607139915e+00
1.072930180850290682e+00 -1.045671901287967387e+01
1.663596474470999009e+00 2.283242672924183925e+00
3.108509401127834693e+00 -1.539737083639871607e+01
-2.012603234786703510e+01 -8.422059539491518976e+00
4.772029218319555177e+00 1.219169176199465632e+01
4.860953803736596690e+00 -7.788953638984403849e-01
-5.542794443295226081e+00 8.295793140151165090e+00
9.654868783626792350e+00 1.671672796658506821e-01
6.604277670225298102e+00 1.947221794843766673e+01
-5.577447949319955356e+00 2.269372631803171814e+01
-7.690977475493930626e+00 1.084245813088118737e+01
-1.297645527173974145e+01 -3.598229805475674059e+00
-1.107517244045258842e+01 -1.036766058153374992e+01
2.435376490698963892e+00 -1.629430619751341069e+01
-1.288821573242735319e+01 -4.097000184060828332e+00
-3.313829101788049680e+00 1.357044842017101871e+01
-3.728311298486827186e-01 -1.130153550856951661e+01
-1.123811405860456247e+01 -8.027555443131459967e+00
-2.679117096199816750e+00 2.223427100668327583e+01
-4.301610274851055848e+00 -1.803216748501521494e+01
-1.251702725378998515e+00 1.210243321510552583e+01
-4.795516212005755285e+00 6.419123980107286798e+00
1.520777717542970642e+00 -1.530365979916563823e+01
4.350257465841890436e+00 -9.289715043291199237e+00
-6.227733674544676745e+00 2.301917558831706856e+01
-3.582819218419104779e+00 9.546498913571763723e+00
-9.535765777481802985e+00 -9.387221551797342300e+00
6.738947311033819387e-01 -9.355514709316574695e+00
7.179532535573771135e+00 -1.233602237654024236e+01
7.345250635914295501e+00 -2.405958782425111853e+00
-1.081670778371846353e+01 -8.931114367521528763e+00
3.667524572433713992e+00 -6.538587079148456382e+00
-1.253362125578064701e+00 6.552634059514369724e+00
4.393733796417917503e+00 8.771744565317066034e+00
-8.486346403953961115e+00 -9.905647448103650277e+00
1.596192096995238785e+00 3.081358827295295200e+00
2.887359524714070425e+00 -1.467911101559010412e+01
-1.363287568041874387e+01 1.989558095155381068e+00
-6.464383331444635061e+00 2.343743273669995020e+01
-8.538152439480450440e+00 2.333655818954968808e+01
-2.723873486431694246e+00 -4.380186905874871250e+00
-9.506905632157556241e+00 -4.822522457649789374e+00
-1.104895567508354937e+00 5.973471989019769168e+00
1.000433563866329062e-01 1.011659071838234958e+01
1.519735888589047956e+00 -9.180726714991978454e+00
-5.780012129422549272e-01 1.485670122819443151e+01
-2.736210823346706622e+00 -4.812467401756738816e+00
1.118448507990368590e+01 -4.732923894429476697e+00
-4.970415101478879549e+00 2.290395930772113431e+01
-1.913178713525542252e+00 2.320794671900096517e+01
2.181063695854655204e+00 -1.376722265021755476e+01
-1.506100516348761609e+01 -1.255696503856401636e+00
-9.909994470097840846e+00 -9.546780966192610407e+00
-1.160262117472375287e+01 -7.356320825138504382e+00
-6.275142364986069587e+00 2.370639859830106388e+01
3.946332138256777977e+00 -1.973144709310830436e+01
-1.257070994648819351e+01 -3.799944250486329445e+00
-7.898628664447666203e+00 5.839281807412468162e+00
-1.161699010524946196e+01 -9.743867293911749883e+00
1.236439670771595889e+00 1.756648845510596857e+01
2.438071172752541482e+00 -1.057168284186120566e+01
1.556218766379815266e+00 -8.637088742544996478e+00
6.591893513224833967e+00 4.849590792849896914e+00
1.297215701091152695e+01 -4.286359820394112674e+00
-1.453447472997146495e+00 -9.289037484001807954e+00
6.283098177441431176e+00 -1.786806410980550197e+01
3.731317148315958399e+00 -1.875991433042127454e+01
-5.913882206438403344e+00 1.343278536782812971e+01
9.336488518009065096e-01 -1.408361215998242777e+01
-1.587877476275084376e+01 -1.359676403656701282e+00
-1.943784370784515658e-01 -1.507011245514325637e+01
-9.844827807463968128e+00 -1.682340752409998785e+01
-1.090777977434500556e+01 -8.726180156969192581e+00
-6.796947000715740650e+00 -2.105792503564811824e+01
-5.577870321473922921e+00 -1.566064981571440917e+01
-2.013752627210332591e+01 -8.419404016950181813e+00
-5.988353947110316433e+00 -1.727642334826345305e+01
2.011299400777308399e+00 1.828640329943637965e+01
6.652241565757874397e+00 1.852271318535451883e+01
-1.387754272724471161e+00 2.205428506866755001e+01
1.263739685014869174e+01 -2.157010267926227520e+00
2.065051567798965149e+00 1.545288882216963877e+01
3.841655376783456255e+00 5.406718788681727617e+00
1.607805240978489092e+00 -1.524402212632585751e+01
-8.923561071292130720e+00 8.294900468405069560e+00
