-8.357222789571648036e+02 -9.329043543575455715e+02
-6.838638481961615412e+01 1.308285900889959237e+02
-8.948632035013461916e+01 -1.561771068569860574e+02
-8.999050986502211913e+01 4.270153194823323872e+01
-1.196000931201515272e+02 -9.691014459262879299e+00
1.302356848231330275e+02 1.708673315025690442e+01
9.616332800145072213e+01 -2.103282426402349969e+01
7.153113727027405666e+00 -3.908359054716095926e+01
3.316896669157927136e+01 -1.106432224363123495e+01
-2.088496718524494966e+01 -1.157656155600016632e+02
7.681702752468322615e+01 -1.170650231624006921e+02
3.435778963115288320e+01 9.713880852535513100e+01
-2.396376394522621567e+01 9.350942365286375946e+01
-8.626577540221194340e+01 -1.072541043115790700e+02
-6.724959664432286388e+01 4.218803411117120206e-01
-3.627120325503668141e+01 -3.850942868914184913e+01
1.445492489931395994e+02 -3.418059525886877026e+01
6.604948004324425881e+01 1.379530764682949062e+01
-1.337285725154754346e+02 -6.733389447475146028e+01
-2.728152492767313220e+02 -6.521571429558446198e+01
4.739986358454229531e+01 5.237988901838657085e+01
-1.345020100572156707e+02 4.222099029899682421e+01
1.078848581886557128e+02 -7.414548593569345769e+01
9.915892738294198239e+01 4.854178641653158621e+01
1.029631900823256707e+01 2.204659009465516561e+01
3.652720675106093751e+01 -8.322368400059970384e+01
2.587466491606908789e+02 -3.450050042950110196e+01
-8.326802405833511500e+01 -4.346683049527999287e+01
-3.043650905528962269e+01 -1.598583071343451252e+02
-1.246425635089247752e+00 1.339026010447349222e+02
5.862967449319255593e+02 -3.640379291905491641e+02
-5.933105579488620940e+00 -7.747746314541498691e+01
8.224390480355275486e+02 1.299308116778134718e+03
2.249858084306028516e+00 6.215934335452001847e+01
-7.342437443345978920e+01 8.508824729931231445e+01
-3.920035600241652674e+01 4.117263661904569005e+01
-2.271145825405421093e+01 -4.170411388959645027e-01
6.096537475024381081e+01 -4.840045702353890533e+01
-1.729391127225259561e+00 1.847725123981493880e+02
-5.426120940478937626e+01 -7.825190544373289470e+01
-5.091369581565257931e+02 3.876956084399728866e+02
2.724146656557181245e+01 -1.365760612771531157e+02
6.227600926013942484e+01 1.375786829277664935e+02
8.546114833555517976e+01 9.007291839780232579e+01
