9.386228171910392604e+00 -4.645811344711592028e+01
-4.202146995506168103e+00 -1.483633128367632459e+01
-1.792115807984657394e+01 -2.261016053826822869e+01
-1.531589280390252128e+01 7.895462017072658156e+00
2.192968054517683640e+01 1.644934157670386199e+00
2.320898160775715091e+00 -3.529721334942730948e+01
-4.665429405739426727e+01 2.026509881956423342e+01
-4.711875267736918005e+00 -1.138239543811594601e+01
3.252859817086062755e+00 -3.687113947573668327e+01
5.714174518297398642e+00 -3.563191998118369952e+01
-2.820892665438467617e+01 2.872671275930675705e+01
-2.444296620815675780e+01 -3.135382086373379806e+01
-1.252193376530259705e+01 -5.405994627639513439e+00
-5.576259619108177468e+00 -9.773365154740758953e+00
-2.750397016508229697e+01 1.046685538385277070e+01
-4.189169800488997453e+01 1.814104717548959300e+01
4.585758136878006930e+00 -1.382149367705382659e+01
-2.883017509443653736e+01 -8.235897827375200819e+00
-3.812705167907366643e+01 3.634942507379206766e+00
-5.740387588302934496e+00 -2.570158665100213469e+01
-2.064027479767592510e+01 -2.705463403118225685e+01
-1.710663352151593131e+01 -2.559536035363646178e+01
7.214796981316804469e+00 -4.280966049941491747e+01
-7.809459928204255164e+00 -3.046392315368177250e+01
4.250591895263452713e+00 -3.976806737569860672e+01
4.527817916993788216e+00 -2.345310948110182636e+01
1.762138894578156822e+01 -2.762819436566048381e+01
-9.078525981423769764e+00 -3.142033717648514113e+01
-8.309172649357467577e+00 -1.037039760688815804e+01
-3.880304110104572857e+01 -8.962668805580582543e-01
1.440412785227704662e+00 -3.255547447953559015e+01
8.312878462325080875e+00 -1.321546393335692349e+00
3.900002366967481038e+00 -2.577068715549150824e+01
-2.176640206544329992e+00 -2.929618456067229815e+01
-2.723309717445487621e+01 2.564393703625630394e+01
-3.909298683485703663e+01 9.986824473555835358e-01
-1.643102072285856963e+01 -3.408505413383718263e+01
1.169298589234500341e+01 -2.879437530666548284e+01
8.462457582183606775e+00 -2.482813772141903996e+01
-1.619484656017696622e+01 -1.510937575999750493e+01
-3.658754356125440665e+01 6.367873938080027330e+00
2.509157404223506305e+01 -3.737599889313062418e-01
-1.088472358212467839e+01 -1.153465439824865513e+01
-4.635247370476054840e+00 -3.868179995812275962e+01
-3.323966561868768821e+01 -2.613814254092760692e+01
8.016547390614571000e+00 -2.697101889226966520e+01
-2.721816312181277198e+01 3.107634585046227116e+01
1.699971698479684434e+00 -3.089819060270125917e+01
8.003798727590236695e+00 -1.654838643801856435e+01
-1.551589926788943075e+01 -4.883153618031542464e+00
-2.848584931280993260e+01 4.003647959701572745e+01
-8.430848362860178469e+00 -2.660841145733105151e+01
-5.545977166662654056e+00 -1.428525923243692652e+01
3.442838857918661954e+00 -3.722468648800789737e+01
9.748429955523013390e+00 -1.386461564718072736e+01
-2.714171924025425042e+01 -2.598118168661514105e+01
-3.403151749158929817e+01 -3.200279942900952079e+00
-4.034662618923320565e+01 4.071580612983092706e+00
-3.188638063512252785e+01 -5.367850691766681948e+00
-1.509706671387041066e+00 -2.026902248879489576e+01
7.859188537636311978e+00 -3.052102473584103137e+01
-4.900958338863134145e+01 9.007032857648351154e+00
-1.425557401872080465e+00 -3.406391992219715803e+01
-1.232427980143951807e+01 -1.075011175365742666e+01
-1.790730104493912123e+01 2.566300501600992945e+01
-2.638467596831894824e+01 3.490034134835138246e+01
2.523899933447987465e+00 -2.738147816533166079e+01
-4.258398722797753777e+01 1.569335037197916449e+01
-3.063354456960652783e+01 7.468460995361716481e-01
-2.461157095587325472e+01 4.877459718633379993e+01
-4.457998176582403715e+01 -3.859266492428443107e-01
-2.983295125024902106e+01 1.543883362707747331e+01
8.838938105661874545e+00 -2.479883523713489168e+01
-3.485313985942705983e+01 2.041145908971944678e+01
-3.517282789194911174e+01 -3.807451890860508570e+01
-4.069408518398589791e+01 -5.854710763901460169e+00
-2.959492649299039257e+01 -3.173578775977905764e+01
-2.773539949862900400e+01 -3.936355339313671209e+01
-2.759119125897957048e+01 1.657627172122115411e+01
-2.757432558643608189e+01 4.127757550697383948e+01
-2.740050486659889728e+01 -3.559815679498973395e+01
-4.148516239991516841e+01 -1.312857060499429807e+01
-1.914085684048557923e+01 -3.950796505239257073e+01
-7.464861211881276937e+00 -8.432121349500798502e+00
-1.249108059064476706e+01 -3.441264660139487574e+01
-1.046927479644789649e+01 -2.525331543695563852e+01
-3.983930646000286657e+01 -1.177528715578263885e+01
-4.216671543624909191e+01 -5.963150790341917862e+00
-1.844465301650968314e+01 1.881761607926556223e+01
-5.888108038928101529e+00 -2.700507016213243716e+01
-2.355590527489571784e+01 3.099304351823249348e+01
-1.713318441113048607e+01 -1.911436702737993798e+01
-1.318822907891419582e+01 -6.784027616321730569e+00
-1.953214249694443438e+01 -5.944407634073019864e+00
-2.677465144561706367e+01 8.064909747585115696e+00
-6.576041303111497704e+00 -3.405262521823254218e+01
-2.326304685251758286e+01 -3.938909322107433297e+01
-2.383781930904555324e+01 2.609275374854092533e+01
7.986610729362509709e+00 -1.200631557345674416e+01
-4.944282232932172150e+01 -9.729422839452267269e+00
-1.821439896701699723e+01 1.417218354174293538e+01
-2.229170720411764961e+01 4.292675121017347806e+01
-8.675032267694833266e+00 -2.810343139936242185e-01
-3.366527694024802031e+01 1.837617323961045557e+01
-2.629927802084771571e+01 -1.050019973209553115e+01
-1.149018531504094298e+01 1.832273972607786572e+00
-2.283875521594427305e-01 -3.717036802849093391e+01
-1.314460703225154425e+01 2.051964891196907814e+01
-2.450874222436258165e+01 3.961271703349062534e+01
-3.072724695295960018e+01 -3.910138857263928625e+00
-1.283894463674365483e+01 -3.290697160487156481e+01
-2.487106657298796009e+01 -1.982081298832645944e+00
-1.275392489010221553e+01 3.490227523167697399e+01
-3.002402917045793629e+01 2.734407788642159787e+01
-3.253561165731763793e+01 1.304731274112382167e+01
1.993216801103249836e+01 -1.064714196444946026e+00
-1.657902779896119938e+01 3.429758113060019298e+01
-1.549805574195803715e+01 -1.120346503237041524e+01
-3.409644275548340175e+01 -2.579521794544106328e+01
9.402074338457651947e+00 -2.948545113971734466e+01
-1.035891488406820926e+01 -5.131246024915054882e+00
-3.402621000160823428e+01 1.513632931899738132e+00
-2.657627318909008807e+01 -3.287715992990085567e+01
-2.167886696089598075e+01 2.949050993145076305e+01
-2.785217030434874985e+01 -1.273839950541565891e+01
1.294899618659609786e+01 -4.893943100402033508e+00
-2.735990293820184860e+01 -9.781115504128576887e+00
-8.239213324847838749e+00 -1.885348533886357814e+01
-9.803164133217662224e-01 -2.318235427503444690e+00
1.833053804239211715e+01 -5.428421076767818931e+00
7.140673596642448828e+00 -3.800244836696317208e+01
-3.906426884335422045e+01 1.723666805173644789e+01
-1.645102612380628671e+01 -3.883755209149709486e+01
-4.139962743807982548e+01 -2.348023975854323098e+01
-3.483543874567337184e+01 -3.335043749443877914e+01
-1.033789064131611291e+01 -1.849742853272648802e+01
-3.681550901582426150e+01 -2.991437132929447884e+01
-2.089400357700439770e+01 -2.830302514458422181e+01
-6.443307131409524047e+00 -2.963171705017255420e+01
-2.774650555225636950e+01 4.761393385476488049e+00
-3.991241315833133285e+01 -1.662416313519675981e+01
-3.495895460880672090e+01 3.125384094832085680e+01
-3.870826074303293751e+01 1.873873775550307030e+01
-1.866183579190266073e+01 -8.988990957597433606e+00
-2.473600547943486383e+00 -3.131838703806417712e+01
-1.755406753799515940e+01 4.714955427558326306e+00
4.654319977068679393e+00 -4.880050277445064921e+00
-2.887386745542302435e+01 2.641395442877592359e+01
-2.178707554162086879e+01 -1.347810491868648697e+01
-1.579567796494742282e+01 1.577174416317929762e+01
-2.712609991291948219e+01 3.805783308780260654e+01
-1.801081839409396679e+01 -1.612524154968546597e+01
-1.794986452094831719e+01 1.284026246056534504e+01
-1.813825198990550547e+01 -3.099576595243770072e+01
-1.268377538656599057e+01 -3.520852026459193240e+01
-1.273806300078818410e+01 3.659706846085482113e+01
-3.374959888975528344e+01 -1.969876507292767442e+01
-2.114353772588140856e+01 -1.494265271922791882e+01
-1.625584607247170865e+01 1.853799863706048967e+01
-2.172649797941376448e+01 -1.196512712957227187e+01
-3.857000253485295360e+01 -1.397306000331913367e+01
-2.247194206143808870e+01 8.437406222770659880e+00
-2.572720017508878598e+01 -1.691916240387455161e+01
-3.313610310709820794e+01 -1.789126742662837799e+01
-2.253399197647253516e+01 6.602778305673727033e+00
-6.993475245960900644e+00 -2.688561368732266743e+01
-1.792491833278809210e+01 -1.242797464460875823e+01
-2.419468758550618404e+01 5.548827528609321824e+00
-4.416693984213273438e+01 -1.246457482903040770e+01
-3.933187466706223745e+01 -2.112246788708072387e+01
-2.061998765932781907e+01 -1.026923826417077734e+01
-1.417344336918769798e+01 -3.779357538840589115e+01
3.667904212420181498e+00 -2.939910345768738509e+01
-2.692819611245908362e+01 2.110365282344213611e+01
-1.990559091362930033e+01 -2.518780446565843079e+01
-2.883655380170974780e+01 -7.824245663764213710e+00
-3.466982222719926199e+01 3.015987234683916163e-01
-8.707626902454054019e+00 -3.523983066762635730e+01
-4.221051251215862976e+01 -2.778691056110037749e+00
-3.404262569659147175e+01 1.262752471034533386e+01
-1.197807840212747266e+01 -1.996978467450963191e+00
-2.933394919229601783e+01 4.491174793460369585e+01
-4.486120865194038743e+00 -4.399186924177429070e+00
-2.152267727346387005e+01 -2.872340675111524888e+01
-1.889430716722996095e+01 2.189621993507520159e+01
-3.070420278032879224e+01 -1.586895356810469693e+01
4.314515494799066708e+00 -4.901901108598909040e+00
-1.832287675904646562e+01 2.573043054185535183e+01
-1.489241228574654485e+01 -1.621462772150757559e+01
-2.703012178630481444e+01 -9.932900608044394897e-01
-2.434430893669451379e+01 -3.450410886801603283e+01
9.125640301152184719e+00 -3.298125916787367373e+01
-3.765396002676913412e+01 -3.281612939444053012e+01
-2.751166188169605320e+01 3.491847927235761517e+01
-3.061631523745848327e+01 8.295447908737827447e+00
-3.007183210051663025e+01 -3.322078502448891157e+01
-3.728257821081764511e+00 -1.970314832537137306e+01
1.000091492320987818e+00 -2.729969951713865939e+01
-3.468532844182004027e+01 3.116364048934176623e+00
-2.745064706318503767e+01 -3.064113382867929225e+00
-2.282045662271049835e+01 -2.022456087951133696e+01
-4.613870359546828581e+01 -6.645279630083766875e-02
-2.720876683203000823e+01 -1.500386295792814728e+01
-1.516547236857077330e+01 6.963650305122754069e+00
-1.069595612968212706e+01 2.359404320233918995e+01
-4.415324238652824107e+01 -3.376926261728637524e+00
-4.250378575353758492e+01 1.054534736203836864e+01
-3.810781406505594049e+01 -2.175114100186634758e+01
2.483901523919112009e+00 -4.433016647361608875e+01
-2.290538644980247440e+01 -2.810326343517731118e+01
-2.774626314328623167e+01 -2.861583233441725937e+01
1.252262879235306059e+01 1.683151470241437186e+00
-1.032917036668147226e+01 -2.809830453420739005e+01
-4.055046734087724047e+01 -2.010757308049490533e+01
-2.828155038501294882e+01 1.027748957076733305e+01
-2.920342385953794206e+01 2.230213923609684734e+00
-2.056272836246557389e+01 -2.248105197993231030e+01
-2.967535601099264397e+01 -1.033640793740458186e+01
-1.008283520294330060e+01 -3.024795777352042236e+01
-2.152862440994500659e+01 -3.674056117954872747e+01
-1.962607207054745473e+01 3.346589783330878731e+01
-1.793232711676889934e+01 3.672800999390891974e+01
-4.468162949209362012e+01 -1.123635680120234781e+01
-1.290979595288664328e+01 -3.067058630159991139e+01
-4.036316663897292045e+00 -2.948980232373043009e+01
-1.286541820282142723e+01 -6.438799993771128882e+00
-2.560248072823018006e+01 -3.137606449363466510e+01
-3.395686134204825635e+01 -1.543896047189573650e+01
-1.102989023999612783e+01 -1.482591125632781548e+01
-3.073348548558058368e+01 -2.351129350998874301e+01
1.731871993105697527e+01 3.201130274519366381e+00
-3.755697294104926698e+01 2.124040387932992324e+00
-4.368222300374377198e+01 -1.388659806685814324e+01
-2.586881869574486004e+01 2.661946256436818814e+01
-3.316580723974667677e+01 -3.274220895191263025e+01
-1.388635439468152022e+01 -2.402473257314471411e+01
-1.636906505449184124e+01 -2.101125734042434079e+00
-2.345849915164849975e+01 3.534108325917517845e+01
-3.537929434248310656e+01 2.193196754331090403e+01
-1.945373391981762623e+01 -2.188368798565778661e+01
1.546011862628372846e+01 -1.107665695745720491e+00
-1.002188362633716423e+01 -3.394161207837747440e+01
1.121070329311187663e+00 -2.314495030829009536e+01
1.833078103672339765e+01 -1.748823884261176520e+00
2.177987612003366635e+01 -3.166878231703824653e+00
-4.726605840743598463e+01 -8.077280679640638894e+00
-2.171942076753020956e+01 2.319591991917689811e+01
-9.860661028614060797e+00 -1.366297442253035044e+01
-1.798704247772313281e+01 3.923649980390140968e+01
-1.075528854927446254e+01 -3.235193488827737696e+01
-5.288885036438120579e+00 -1.744091273581178925e+01
-3.573777629212337814e+01 1.028615410628595761e+01
-2.959831620165055455e+01 4.696829059086122804e+00
-2.644605524066144397e+01 4.399373573193270204e+01
-1.363817077408944733e+01 -3.587596449231757134e+01
-3.087062147170003712e+01 -3.810982297597974799e+00
-2.039821232311332366e+01 2.649310319658762225e+01
1.397903563397526661e+01 -6.208153289702043054e-01
-1.652430030077772827e+01 -3.779570957080665750e+01
-1.139279426135072981e+01 -1.840899195378826736e-01
-1.065477805579815218e+01 -2.688630037718091259e+01
-1.034419218664413442e+01 2.294332085286149692e+01
-3.873055566946139550e+01 4.569722011094734526e+00
-2.832799147794809613e+01 3.456289420526597667e+01
-2.694737921751285725e+01 2.120553134420050512e+01
-1.305249618555107993e+01 1.627964527717728416e+01
-2.047359989295988925e+01 2.030137513079703382e+01
-3.401263506127051528e+01 2.111223561507238244e+01
1.357758541791845630e+01 -2.885357527140650191e+00
-3.376953245335849374e+01 1.025970385162951715e+01
-3.318758625777849858e+01 -1.238332572778536544e+01
-3.184216688521149408e+01 -1.341565346038788320e+01
-4.027356349082867837e+01 -2.524883991597729960e+01
-3.280621722310743138e+01 2.856285679950221379e+01
-2.291765664231844113e+01 1.404257419234348703e+01
-2.011401037203359365e+01 3.908812579229008577e+01
-2.987497342610550533e+01 -1.886828652815499652e+01
3.067990044740709354e+00 -2.957283864226592129e+01
-2.557290156205896281e+01 -4.945195057325459054e+00
-4.389341293215125717e+01 2.075533313393290724e-01
-4.567323107255218950e+00 -2.234090690942640478e+01
-3.638327671867267554e+01 1.009073205467397472e+01
-4.309916283349668475e+01 1.778190429664834227e+01
-4.496629362240774697e+01 5.856328934003681042e+00
-3.883955186697974682e+01 1.447670690527393234e+01
-2.370881488977313012e+01 2.408316682824054311e+01
5.149021889655739592e+00 -1.073094618114995313e+01
8.753875468398769399e+00 -6.233095975161786484e+00
-1.408555956985614266e+01 -2.508965333025909672e+01
8.345180613013077675e+00 -3.410000619354769213e+01
9.942313882419552939e+00 -1.775711193026245027e+01
-1.136237782719268630e+01 -1.626832924639109734e+01
-3.028914806772452195e+01 3.030080218844198825e+01
4.259145126959870353e+00 -2.160480917980941129e+01
-3.882829155815372957e+01 -9.582120895196441168e+00
-1.007423623646372768e+01 -6.354228992011397459e+00
8.127832733829968959e+00 -1.659433121699990110e+01
-4.169881239167032305e+01 2.378512580570051327e+00
-3.996584340326648999e+01 6.601364520731338281e+00
-2.924595145470762603e+01 2.058620078738062631e+01
-3.168062998281284237e+00 -1.587264334139424449e+01
-1.187500648841628070e+01 -2.857412573363618336e+01
-2.346319208726120920e+01 -1.881731594941816077e+00
1.390655837291694397e+00 -2.012061173304950756e+01
-1.962054722553641284e+01 -1.661100635425495398e+01
-3.320219226961998515e+01 -1.444718474203150471e+00
-2.711902449903046630e+01 1.477597984182669855e+01
-2.206626324944460649e+01 1.765933090948853845e+01
-4.024664218117673187e+01 -2.477619238642818900e+01
-4.417736938189586482e+01 -5.013609689674656700e+00
-3.608990858714532379e+01 1.749212384190506953e+01
-2.807459637210004466e+00 -1.758275560157571249e+01
-1.764084927326921104e+01 -1.012529195495207013e+01
-3.168260401409765947e+01 1.666418800078935547e+01
-2.193104753117592054e+01 2.306638782677790545e+01
-3.012447208264683240e+01 4.326828673587410634e+00
-2.157447921999086660e+01 1.497962249816113633e+01
-4.601700914061898118e+01 -7.128449132825132040e+00
-3.327927695527026941e+01 3.241043670547782085e+01
-3.452600832477610027e+01 -2.460106202659801156e+01
-1.947128081331412375e+01 -1.352235646784396828e+01
-2.824521019049486981e+01 -1.733042011961570594e+01
-3.535183177272752886e+01 -8.414893043167417375e+00
-3.075863062223417099e+00 -2.293167990268161915e+01
-1.839913523980647980e+01 -3.339463480693906661e+01
-1.370013317746369985e+01 -1.566525137961963487e+01
-2.868490894154810533e+01 -5.383694335653513185e+00
-3.061372498404537978e+01 3.540790441375200004e+01
-3.395503289446727280e+01 2.531467706974661880e+01
1.574256209953531105e+01 -5.391068959093512802e+00
2.897429578627318314e+00 -2.559134052156734285e+01
-2.556325731080430330e+01 -2.548668454745214618e+01
-4.038262557217183257e+01 -2.727931632599670309e+01
-4.774767912852686180e+01 1.475255451703806564e+01
-1.090753117391884963e+01 -3.593947333836268143e+01
7.034651560036824236e+00 -7.283940147923360975e+00
-3.105802207215074873e+01 -2.034177783273813134e+01
-7.627427783248645454e+00 -1.798702981927200639e+01
-3.095275340827198818e+01 3.054546181797468662e+01
4.081728891039482221e+00 -1.160114605734572635e+01
-1.768405377027768566e+01 3.712604072832276358e+01
-3.750855480805388709e+01 1.641914400746254721e+00
-9.706468885615707975e+00 -2.118917506002225437e+01
-4.309924112275228936e+01 -8.637135959186853285e+00
-1.971373749431554856e+01 -1.215453839142534598e+01
-3.255022217675543317e+01 2.375114020402599380e+01
2.141720138261050899e+00 -1.411763525753294957e+01
9.144512834920327293e+00 -3.180054181296368299e+01
-2.447390679690054327e+01 3.716899112976431496e+01
-4.455739275118056497e+01 1.591078740797336799e+01
4.546845587107108067e+00 -1.292563967927271307e+01
-4.566268764789884749e+00 -3.378775731583235142e+01
-2.634030776800450724e+01 9.946167282481473748e+00
1.380365894420214845e+00 -1.242569750851928845e+01
-4.628081373578029911e+01 -6.874093775554236174e+00
-1.739557160956630355e+01 3.829308025938347981e+01
-2.122412710371936484e+01 3.426351912962706336e+01
-4.597896746647027300e+01 -1.586127020437689161e+01
-3.559138967996128144e+01 -3.026514810702034808e+01
-1.547609457679013012e+01 3.298333881014877011e+00
1.606504518694185535e+01 -1.820585649256764027e+00
-1.829659733141318867e+01 4.642628928663322085e+01
-2.507456780912752237e+01 2.336135333686602777e+01
-3.352251775524228350e+01 2.738305974060804715e+01
