-2.127502598654578136e+01 1.639027092077704850e+01
3.648966869710240868e+00 -1.970474008050565473e+01
-4.837160816311505407e+00 -9.610760003656855233e+00
-1.077311081426445405e+01 -1.361716328082643912e+01
-8.960560017150593026e+00 -1.483395032147735648e+01
-1.381264258712549342e+01 1.065347987456667589e+00
9.174572703381361549e+00 -7.340914993793162813e-01
1.182128737879158287e+00 -1.905415952486987763e+01
-2.145921875608492613e+01 7.662526627087166808e+00
-1.920119083285020123e+00 -9.959396197802703909e+00
2.841563566866176505e+00 -1.752173266345106484e+01
-2.423773520328279307e+00 -1.206279129514015303e+01
2.623075100998785825e+00 -1.943882448585756606e+01
-2.218100970915951820e+01 1.370014729401582088e+01
-1.002577069197461235e+01 -1.679489783733759722e+01
-8.047081875428649056e+00 -7.905544494737337224e+00
-1.775220280603343248e+00 -9.432428305948926450e+00
-1.928505184638530423e+01 6.195184697231534088e+00
-2.360669795434620966e+01 6.062552935471272164e+00
-1.826489048622319800e+01 -9.634607202273128834e+00
1.322831417097080520e+00 -9.630749018207383827e+00
-1.705801967889446757e+01 -7.601387844426277240e+00
-2.223842506858053980e+01 -2.540497974956722471e-01
-2.972209740137812251e+00 -1.344217165335069453e+01
-9.924894469785529694e+00 -1.741753997728315184e+01
-9.648804002298795979e+00 -1.941954238416643719e+01
3.908999108798330013e+00 -1.957468449161558155e+01
-3.908090840890633633e+00 -1.827105256999122318e+01
3.523580834877703349e+00 -1.851447267252418527e+01
1.187879376873984150e+00 -1.503873275390002995e+01
2.074177562696180477e+00 -1.861594302738638973e+01
-4.785263420230743137e+00 -1.909713720335597031e+01
-6.775235622595555895e+00 -1.170388110211001731e+01
-3.100700695457687228e+00 -8.958205273216456987e+00
-2.031754598842362114e+01 6.623560948616600275e-01
1.037066714622677299e+00 -1.851708837343490188e+01
-5.428872599346393990e+00 -1.082521231099264902e+01
8.720477676924042854e+00 -1.627008465560176642e+00
1.327274183951566933e+00 -1.491058326540710688e+01
-8.933727060778621221e-01 -1.720840683671422511e+01
-2.113405525633059057e+01 1.205096433934021150e+01
-2.214139246867113542e+01 -3.817158443570465742e+00
-7.723757512678814052e+00 -1.928639070182804360e+01
-2.012804067521941320e+01 -6.924671294541591138e-01
3.203103903857871693e+00 -1.792309010158589189e+01
-3.038007214176225101e+00 -1.217463457221219869e+01
2.394082471825817127e+00 -1.510382670964038532e+01
-2.110829286225904600e+00 -1.855935054366401360e+01
-3.797052270845560962e+00 -1.145846506275169929e+01
-9.561520575693064572e+00 -1.070151175303364077e+01
-2.607454389276246332e+01 2.023192985308801539e+01
-5.108396772174385703e+00 -1.100071184556251325e+01
-1.808621579319198958e+01 1.093914109833935555e+00
8.839525352850865048e+00 -1.744969952322489304e+00
-8.165244572449040561e+00 -9.297748331190323512e+00
2.999096247907548474e+00 -1.919939197547685694e+01
-1.734396472467265227e+01 -4.667140670904949218e+00
-1.345454062575632470e+01 -1.765124114093813290e+01
2.923005806669148665e+00 -1.687586579228272043e+01
-1.714072183112764236e+01 6.212555968687812680e+00
-2.297365733821247957e+01 1.190154671137493381e+01
-4.574195181663697207e-01 -1.442588371813013914e+01
1.855315224469116897e+00 -1.112627368683556561e+01
-1.422066506324870083e+01 -1.164329972303228544e+01
-2.517500115568207875e+01 1.682462348211090486e+01
-3.816622369302043349e+00 -1.598766567748953804e+01
-3.032377249212580228e+00 -1.074627073450407089e+01
-2.304903556253218611e+01 1.474457764641949353e+01
-2.599697220779643825e+00 -9.651294648156115485e+00
-2.526718834997398488e+01 2.084493369625928239e+01
1.586338336278948935e+00 -1.921219459111704353e+01
3.207168224392130451e+00 -9.921426995659398784e+00
-1.456331121530175388e+01 -1.520211139003606782e+01
-2.006198062840192620e+01 -1.445129238593496179e+00
-2.160972647939039604e+01 -2.386800880398304958e+00
-1.822788511033959935e+01 -8.414994100912528197e+00
-9.653257743633920640e-01 -1.257263511918807986e+01
3.484380769430693636e+00 -1.728480468004144299e+01
-2.340457167516187909e+01 6.400118782211305479e+00
-1.993994617864169783e+01 1.665632358499317434e+01
1.109904972416559665e-01 -1.877471075097887976e+01
-1.325198412890629918e+01 -1.099275388357859207e+01
-1.018691687059680362e+01 -1.039195695598243319e+01
-8.623616828290431968e+00 -8.785732907562319838e+00
-1.786796208871413327e+01 1.269759461743955775e+01
-2.417185349262157956e+01 1.531767931644597169e+01
9.960292319037986619e-01 -1.588167016727187075e+01
-2.306372547573860032e+01 5.354977295299514495e+00
4.750031543535332967e-01 -1.348943161006998892e+01
-2.066572757624854262e+01 7.501458376615892654e-01
-1.084915534330900044e+01 -1.132769389955193695e+01
-2.475584448704889340e+01 2.083947093955936225e+01
-2.359378390571663431e+01 -3.044067040303963356e+00
-1.434761924166519265e+01 -9.899130272748688952e+00
-1.916118596492940895e+01 7.521607236549272990e+00
-2.422402759559986762e+01 1.749638546233734004e+01
-2.124186160846858940e+01 1.873723821503973141e+01
-2.032603321921377315e+01 1.307536375182066735e+01
-1.830307539373568915e+01 1.229251236895579069e+01
7.930988503430231873e-01 -9.485642387488674387e+00
-2.329263695858037053e+01 5.296609737370532756e+00
-1.308719030435314501e+01 -1.853773202892027072e+01
-2.153305699725474653e+01 -4.488617987426325229e+00
-1.498508330095486407e+01 -1.722501289794647761e+01
-1.340461639838908070e+01 -1.894884793581915616e+01
-1.943141955048760394e+01 7.633962816930724316e+00
-2.458158102301136694e+01 1.714551688446980293e+01
-1.385158027143675064e+01 -1.848295869526820567e+01
-2.116847485838910714e+01 -7.757431260651011407e+00
-9.248443977746571676e+00 -2.038168340554754465e+01
-2.776490854746869186e+00 -9.092174788773478511e+00
-6.368503739546183873e+00 -1.997423653748744243e+01
-2.013702200290818212e+01 1.674461156712193954e+01
-6.419068985888337409e+00 -1.515036527442254766e+01
-1.787055596035997240e+01 -8.347826492771750040e+00
-1.678645330534772739e+01 -7.633214208573689596e+00
-2.166419080722848634e+01 -4.530130732610558653e+00
-1.889629571345852455e+01 1.103502997902994487e+01
-1.988001147725691453e+01 1.135752226862812009e+01
-3.018767818562532401e+00 -1.651122877071389539e+01
-2.277866985311486658e+01 1.438172603139728167e+01
-9.660861834044638385e+00 -1.343116649183336264e+01
-7.996692290537483316e+00 -7.536542090636682900e+00
-1.271180983831986033e+01 -7.385300303496375562e+00
-1.705210056500538585e+01 -6.501616887658066446e+00
-1.829362497774964069e+01 2.536172436048461876e+00
-3.269673669577957575e+00 -2.020121992029361380e+01
-1.175798343187492456e+01 -1.809462373290577375e+01
-2.132784806104696429e+01 1.585518735534095214e+01
1.976032231462870437e+00 -7.952386639039747074e+00
-2.294257650086540323e+01 -6.645517616865265431e+00
-1.657688147468284612e+01 -6.033801361167593136e+00
-1.700845683505757222e+01 9.655240356399986013e+00
-2.548068726623597513e+01 1.968228212500498842e+01
-1.179872195753515918e+01 -1.327877394966400715e+01
-2.237369035148091001e+01 -2.267007111563030808e+00
-7.954253615165941760e+00 -5.952271763617827283e+00
-2.128081028388333706e+01 6.097418377311976556e+00
-1.619929868580814869e+01 -1.226137275774765101e+01
-5.335497055482497863e+00 -1.193717748583886973e+01
-8.687654846490033833e+00 -6.090972694425357048e+00
-2.113301694053355817e+01 5.327884788676212402e+00
-2.207404033095414775e+00 -1.251497487963414379e+01
2.188794412748500839e+00 -1.896689266561659437e+01
2.523091026809147319e+00 -1.208802763671394764e+01
-1.168280064556916287e+01 -1.186574502021925959e+01
-1.567445880562781824e+01 1.206468089442735092e+01
-2.321606088892917796e+01 1.699163193712861997e+01
-1.758735736918804093e+01 -5.168857650408381410e+00
-6.049645845150974033e+00 -1.971111066964388669e+01
-1.666806806406416896e+01 -3.929892731988751109e+00
-2.370364569827025747e+01 1.797192300112360641e+01
-2.262378187848532107e+01 1.252875853081678059e+01
-2.059991111564316668e+01 8.386717852134459861e+00
9.698401703621309267e+00 -1.388380656807889579e+00
-2.447050269818779356e+01 1.903457620362162217e+01
4.786780844875489827e+00 -1.172564617104336726e+01
-7.230059030795755959e+00 -9.389911583424369823e+00
4.519620416641127569e+00 -1.171968549477309551e+01
-1.353633623550278209e+01 -1.683558492027615117e+01
2.691785348268178168e+00 -1.616335157884135754e+01
-6.667657616909711038e+00 -7.464721265384509863e+00
-1.684855819650996978e+01 -1.135098789199217917e+00
-1.250760320010288140e+01 -1.882579389692972072e+01
-2.067831549356866816e+01 1.250275488946413915e+01
-1.525317995426861373e+01 -1.195387295815926620e+01
2.370466753963908602e+00 -8.956636192479704661e+00
-1.475006405633116202e+01 -8.232150857136842248e+00
-2.361242452408587766e+00 -1.379370215248335541e+01
-6.254787210755025306e+00 -1.407221771016537382e+01
9.409973420216383388e+00 -1.802435429705004699e+00
-1.064297979437430763e+00 -1.386311889460914948e+01
2.640671890342598083e+00 -2.013935431414216026e+01
-2.223147414033150326e+01 6.227554470205820536e+00
-8.926076573686922089e+00 -2.052306828006519623e+01
-1.554298363618283396e+01 -1.718348538564057293e+01
-1.508823227242784526e+01 -1.438605932062080406e+01
-7.845812714177167635e+00 -1.391451735488111652e+01
-1.412625526463942194e+01 -1.663322294439416993e+01
-6.269896763740533174e+00 -1.213280745307271857e+01
-1.006493248589342393e+01 -1.643966074431772739e+01
-3.057378971389037581e+00 -1.788454944908830768e+01
-1.860686021005574275e+01 1.882751353005272188e+00
-1.682797180901736667e+01 -1.605663491174539814e+01
-2.434567336384881031e+01 1.296670342927851038e+01
-2.219685358530386310e+01 5.713851879872589912e+00
-1.225346058997105025e+01 -7.907459340299853423e+00
-1.250400974933067566e+01 -1.063270224975949318e+01
-1.101443084337580647e+00 -1.057161913742885417e+01
-9.599592194651307420e-01 -1.800667880354809824e+01
-1.369472063346274027e+01 -1.009839811291615597e+00
2.042446411998434908e+00 -8.889723902163797931e+00
-2.232579438634945745e+01 1.174419392844822774e+01
-1.331563416411513145e+01 -1.017450271048259935e+01
-1.693255865408678318e+01 9.308124329410894404e+00
-2.399844887417384243e+01 1.645848163637281658e+01
-1.033287171433460827e+01 -1.165088903447933433e+01
-1.669586975329776735e+01 6.946353041769312675e+00
-2.152041568559445395e+01 1.348963982964484032e+01
-8.279311007557302204e+00 -1.888529981687989334e+01
-7.634923315889177609e+00 -2.026587550485039557e+01
-2.336242342064522859e+01 1.836604034898990534e+01
-1.174593713595033506e+01 -1.212701695644749655e+01
-1.822270243790741162e+01 -8.586398911355228591e+00
-1.437675372990675626e+01 -1.091152268185932606e+01
-1.753138427127427690e+01 9.110749887694680638e+00
-1.696100493137419107e+01 -8.413638857970669349e+00
-1.938775436439221878e+01 -8.622972588184643072e+00
-1.754527038310099840e+01 3.471646746959839547e+00
-1.584108597687271214e+01 -1.282484357736846903e+01
3.304937397855029158e+00 -1.190539292708031205e+01
-1.453522254034841232e+01 -1.390954102782622037e+01
-1.694002236204542555e+01 3.311616003419723508e+00
-3.089813620336497646e+00 -1.691442947655259132e+01
2.070766761996048366e+00 -1.275478948133419088e+01
-1.118395219191284795e+01 -9.247547040458362844e+00
-1.745515194854059970e+01 1.605247803589041400e+00
-2.168258567343973553e+01 -7.450554214528829711e+00
-1.708064748435345592e+01 -8.176976591569898645e+00
-1.276144888413630341e+01 -8.373843654708416295e+00
-9.982028808791849173e+00 -1.225005597747401431e+01
-7.310372089892613445e+00 -2.072710503024361017e+01
1.232242004711828542e+00 -1.658344425809579192e+01
-1.992266628217628721e+01 1.054788810710159375e+01
-7.883178527799953983e+00 -1.591472805093974685e+01
-1.823351691996278845e+01 -6.609589871830560348e+00
-5.326423189776766876e+00 -1.696256069045631776e+01
-1.963151454481432978e+01 -1.829696788957117404e+00
-5.090074635868142572e+00 -2.061885612675063939e+01
-2.240905392586160971e+01 -3.897664192576177022e+00
-1.987633672812662766e+01 6.751384603388315142e+00
-7.102918073315180436e+00 -6.323535701466026282e+00
-2.160674071298177168e+01 1.731917321816474598e+01
-6.332131706403638205e+00 -5.832589096963721964e+00
-1.012636555669687333e+01 -1.671532731576908759e+01
1.721294605578011394e+00 -1.200581029865186800e+01
-1.773270934128391829e+01 1.098319627805992127e+01
-1.866488664014751819e+01 -2.630832596149753844e+00
-1.728589239607002881e+01 -8.611298472507316504e+00
1.720346094723278263e+00 -7.926329580056078683e+00
-1.763610013087790662e+01 8.718582378617812267e+00
-5.890816458952269130e+00 -1.334647663480835789e+01
-1.688746512121085885e+01 -3.805150509205810661e+00
-1.076720976351316672e+01 -1.924249035833986099e+01
2.762079052280716152e+00 -1.803201050252642190e+01
-8.448006733150270620e-01 -1.602105444659073896e+01
-1.453976175064156884e+01 -1.826162762331199119e+01
-2.331160041111924031e+01 1.609846387387470301e+01
-1.851762590372331374e+01 -3.508677750347888313e-02
-1.371267075343424757e+01 -1.818918477496875141e+01
-2.562090543662576536e+01 2.032001818499735890e+01
-3.146997203804390075e+00 -1.255031642456605567e+01
3.000025515217751071e+00 -1.464746061883105455e+01
-1.769928876806009654e+01 1.606679352510078651e-01
-1.722545448773450261e+01 -5.442583455609018017e+00
-1.444040815966351765e+01 -1.050360513932065665e+01
-2.379788244823801335e+01 -2.122637632397640139e+00
-1.554738186733782790e+01 -1.276536942014169185e+01
-1.375589823602248352e+01 5.834494215690231300e-01
2.010365573454305999e+00 -1.156192826526049799e+01
-1.545944383588065563e+01 1.139899910812846429e+01
-2.282268163812934603e+01 -4.492752782539653822e+00
-8.406840493680407533e-01 -1.361273690014967919e+01
-1.680322607756163222e+01 -5.532997651089032187e-01
-1.573541184780524560e+01 -1.555863804414184948e+01
-8.184657914639252851e+00 -1.086860491720275945e+01
1.294386798483566858e+00 -2.008463332576545568e+01
-1.020993220818032299e+01 -1.684157000843685026e+01
-8.158207657243218947e+00 -1.132614303856202653e+01
-1.170323351032282666e+01 -1.542650231581393250e+01
9.012606580686368218e+00 -1.843807461730529784e+00
-4.553119517518857684e+00 -1.756372935583478423e+01
-1.637693140846305440e+01 -1.685146276790759146e+01
-2.171237402794837834e+01 -1.750795578296840516e+00
-1.990782004354625556e+01 2.097239403290314108e+00
-1.671957432781621478e+01 1.170621152359570205e+00
-8.501407184307488762e+00 -1.502766441774083539e+01
-2.499093200625090816e+01 2.008459477648924718e+01
-1.514263915417273587e+01 -8.635574662821278835e+00
-4.231676916882364914e+00 -1.818396421650082218e+01
-9.774746373846451064e+00 -1.983007598718953801e+01
-2.146038049864425901e+01 1.677534083918971675e+01
-2.444474140184822986e+01 1.820532434637728159e+01
-2.238612901592068738e+01 -4.124338001997053915e+00
-2.193788115061756727e+01 1.851896369722364000e+01
-1.251485563766289921e+01 -1.149525434385736844e+01
-2.047687092450365753e+01 -3.895826317342821365e+00
-5.733227661174323586e+00 -1.870160446250087105e+01
-1.726032086384346798e+00 -1.685130688787519304e+01
-8.167518882544650083e+00 -6.781979544559403550e+00
-1.103376222310577326e+01 -1.843570206969658543e+01
-1.526472669135123006e+01 -1.614933445608958706e+01
-1.456878017419334093e+01 -1.443412016012886312e+01
-4.977332885530014295e+00 -1.394510152156642668e+01
-2.532465404304038969e+01 2.022104664470639790e+01
-1.323434010559852148e+01 -1.639241024827637361e+01
-2.496630409355327629e+01 1.983289491554900508e+01
8.896257563424377679e+00 -7.786902283611216724e-01
-1.987131313035306590e+01 3.668788870389814161e-01
-2.184669417772021305e+01 -7.185934432347504064e+00
-2.228511805412565039e+01 1.315516423187911599e+01
-1.468411826860565661e+01 -1.566479110652525719e+01
-1.647736396034667905e+01 5.462468271145230148e+00
-5.704009158845103400e+00 -1.454738119062406909e+01
-7.387367077614995559e+00 -6.095975536994090227e+00
-2.285608659969981815e+01 1.894956574706602481e+01
-2.065334100112284244e+00 -1.238239086764047414e+01
-4.620037493177252763e+00 -1.377622420246236601e+01
-2.280958820133276888e+01 8.327215714923884349e+00
-9.292056830358665920e+00 -1.478669053039612180e+01
9.650698265143370591e+00 -1.471357826718397543e+00
-5.214940507812827697e+00 -2.005394637864267082e+01
1.736510210628923467e-02 -1.622488966235975383e+01
8.544384924266516634e+00 -1.314374670842150428e+00
-2.096959108475791478e+00 -1.176204936544737123e+01
9.676703179961400281e+00 -1.071215265339377609e+00
-2.308949466143216611e+01 -6.245407605056355393e+00
-1.800375731326326800e+01 1.199613395081138734e+01
-6.007006599088355436e+00 -1.079821263206786242e+01
-1.435779529004396160e+01 -1.171849998875673649e+01
-1.982209467924034030e+01 1.686599433899895573e+01
-6.287722240001803797e+00 -1.927484390357865962e+01
-3.618053815059827816e+00 -1.224927648624459309e+01
-2.157439480260477183e+01 5.263770766537761325e+00
-1.845405349285655916e+01 1.434763522339870478e+00
-6.884465536572620614e+00 -1.194636623795895680e+01
-2.582508858466043833e+01 1.943125812165279598e+01
-7.854998033955218339e+00 -1.137711686003087586e+01
-7.306976623584994890e+00 -2.044999574498964279e+01
-1.621311816723904542e+01 -5.280189540368882994e+00
-1.969480522926096810e+01 1.254059010852634337e+01
9.438022615246350000e+00 -8.297300145684576300e-01
-2.933542772177784919e+00 -1.339043686476772699e+01
-8.237176599312885372e+00 -1.184893779696581539e+01
-8.402550014675320256e+00 -2.044190275516573152e+01
-7.679239661634096770e+00 -6.396162061448286806e+00
-5.395390019733241616e+00 -1.499996998779402801e+01
-2.258310790681280267e+01 1.763396970710549283e+01
-2.092968379850312388e+01 1.508616559867695095e+01
-2.042118609694680487e+01 -4.847645205588165140e+00
-1.710558970978101101e+01 1.426370869391684337e+01
-2.101114257548211128e+01 -1.113168407995837939e+00
-2.414942114700849629e+01 1.480396866767676656e+01
-2.041735650985823725e+01 9.121908711545481552e+00
-1.077843090454707031e+01 -1.427673994182678285e+01
2.146254028120172741e+00 -1.173163425424310802e+01
-1.739093568758021391e+01 8.871911568872366871e+00
-1.816303195672513837e+01 8.067480007453266211e+00
-2.256807289101337233e+01 8.445981521123769653e+00
9.385730366116954215e+00 -1.810879946688582542e+00
-2.186427617342022245e+01 4.441037365052992847e+00
-3.069638837055789438e+00 -1.276241230767093349e+01
-1.406848687496767170e+01 -1.073789889619765603e+01
-1.335302616527112107e+01 -1.256591598850662095e+01
-2.395025074746167348e+01 2.035467483401125577e+01
-1.566428216337178192e+01 -1.671909274464680450e+01
-2.370646120043107175e+01 1.762975976625862984e+01
-2.307440385232891344e+01 1.194326273601995680e+01
-1.736745950850264819e+01 6.356633431245717780e+00
-2.493698025261593543e+01 1.805827293269229017e+01
-1.951658020384347481e+01 8.238802798069743361e+00
-8.469867371955246416e-01 -1.491820158366322779e+01
-1.317119465789999211e+01 -1.584140301363665948e+01
4.733895739517188228e-01 -1.669291695521385677e+01
-1.587208584285047586e+01 -8.686642381854969841e+00
-2.249205573826215954e+01 -4.651492724894488173e-01
-2.376493108833698464e+00 -1.517596843982851951e+01
-2.135636996162404699e+01 1.361109150772926268e+00
-2.288889349207225621e+01 5.813312364139971322e+00
-2.167104315487654986e+01 2.641178189467631165e-01
-2.230789626152672511e+01 4.787394825081817018e+00
-1.921920178352954878e+01 1.130931659292442504e+01
1.845538593672311434e+00 -9.748203051188864876e+00
-1.517788197908257430e+01 -1.519216068658403529e+01
9.298510939474489589e+00 -9.495872421171321909e-01
-2.593429328581360593e+01 2.033540054858369572e+01
-5.758016623174153636e+00 -1.575729458927298055e+01
2.386914035880769891e+00 -1.911067717291935608e+01
3.717136936438041772e+00 -8.669334527308464544e+00
-6.858726212270503275e+00 -1.140397094636748498e+01
-2.402523861919229731e+01 1.243389300900354932e+01
4.110733693034905878e-01 -1.167964500232236347e+01
-1.958653040758883179e+01 -8.484114383423369432e+00
-1.917192569507069777e+01 -1.596737040914064432e+00
-1.008221328917491943e+00 -1.562891285222545967e+01
-6.713662907522188306e+00 -7.972820705470331504e+00
3.692793598334203509e+00 -8.705668127301429138e+00
-2.097245278921053924e+01 5.511726688736373614e-02
-1.966993762291949110e+00 -1.323446207312838752e+01
-2.059619134430974441e+01 9.339814314480893387e+00
-2.150310047809767866e+01 -5.080124278866622323e-01
-1.869599418646998856e+01 6.387332361927464675e+00
-2.477483190969535087e+01 9.905317969200353456e-01
-2.432857568128263992e+01 1.964077006310837703e+01
-4.485825956906841050e+00 -9.759922702366795377e+00
-4.956607399469755926e+00 -1.809841463824908558e+01
-1.684055517789449041e+01 -3.320325306350600858e+00
1.056525880886842739e+00 -1.232003002949882386e+01
-1.133705757770122879e+01 -1.136143973444330335e+01
-1.911730399007246106e+01 -1.403791715356058845e+00
-1.928012260094918062e+01 4.216997308978380765e+00
-1.990366378794824342e+01 9.856253331146561436e+00
-1.473960653670389043e+01 -1.738345212998228817e+01
-2.270617823331309282e+01 -4.097911273446866787e+00
-1.540124653704861579e+01 -1.433610815589297438e+01
-1.884780848151710231e+01 -7.325537757551549012e-01
-2.227380409695936336e+01 6.667102429593904311e+00
1.059341855314510195e+00 -9.258711542381739434e+00
-1.171115622185540772e+01 -8.332902579054323411e+00
-8.588125246745542896e+00 -1.925026987102701526e+01
-2.020238335016996345e+01 8.073348270499550949e+00
-1.965226520217247597e+01 1.022564069565236444e+01
-1.829028692379860388e+01 2.207412372643284382e+00
-1.743351592664631156e+01 7.647193123393175362e+00
-2.297936424494788810e+01 -6.547354857354677371e+00
-2.360821223352335352e+01 1.518257672771203914e+01
-1.876712933004012740e+01 1.280398538252500451e+01
-1.439700926119606628e+01 -1.589380463717490244e+01
-1.148051260307068766e+01 -9.763849178444013788e+00
-1.403480770804863376e+01 -1.440780170149917438e+01
-1.850641506859485119e+01 -7.714833149998516326e+00
-2.016614531365851448e+00 -1.455008877233787956e+01
-9.125771142311830175e+00 -1.842814251685888038e+01
-8.142013564920285162e+00 -1.100194076464860871e+01
-1.742387896881801268e+01 -6.317523670994558138e+00
-2.335653248607499677e+01 1.408719944751074493e+01
-2.284550320079211971e+01 9.787589971749115492e+00
-2.529866403231392979e+01 2.059064478189350567e+01
-8.620763535102735631e+00 -1.759623285013279315e+01
-1.919634857854629928e+01 -1.030403026949735290e+00
8.554054082682341686e+00 -1.207848538156002238e+00
9.765835710367687383e-01 -1.582117856211834628e+01
-1.357217734021081945e+01 -1.559022299373543241e+01
-1.271159436448234459e+01 -1.741907991105978937e+01
-2.255757252028363524e+01 4.982154686476512495e+00
-5.831307900481551343e+00 -2.055511236822292531e+01
1.129747719668241279e+00 -8.959816358289968363e+00
-1.835773242829840157e+01 1.102515081483453763e+01
-1.736500187782710825e+01 -9.670457299725960354e+00
-1.037625632123525676e+01 -1.887220323451715487e+01
-1.958569939712547736e+01 7.541117103267752420e+00
-8.757046048047644859e+00 -1.059613620968868020e+01
-3.566985611664596156e+00 -1.411381030095933298e+01
-2.256360633764706236e+01 1.172599439624032414e+01
3.877215943568752099e+00 -1.140083270680856486e+01
-2.291615308039201437e+01 1.791018080030848125e+01
-1.927989871074502659e+01 -1.259484356552650119e+00
-4.735824950585455717e+00 -1.662544553929775404e+01
-2.210425817322441944e+01 -4.541242433534524281e+00
-1.258003104841668041e+01 -8.247316099783777332e+00
-2.185893770051565355e+01 9.253328976402574568e+00
1.487740723134391096e+00 -1.075375257225300807e+01
2.234613587581099292e+00 -1.792552399071233182e+01
-2.290076494381778360e+01 1.780129347766227355e+01
-2.273431743773175739e+01 4.442154348207673742e+00
4.432741161837848942e+00 -1.156930061835280554e+01
-1.793511121329466995e+00 -1.910684065440494095e+01
-1.861640385961161570e+01 5.184925340873687283e+00
2.628242759496851821e+00 -1.040356098051326939e+01
-2.243071568859355480e+01 -2.470515315011876822e+00
-2.151000323649663315e+01 -4.414530718354281902e+00
-2.283084270432404494e+01 1.829405318494598731e+01
-1.975700482788629486e+01 -4.179122692062346545e+00
-2.262203042556864574e+01 1.620348015055861168e+01
-2.349605523682461339e+01 -6.232142707267049886e+00
-1.394483417587239238e+01 -1.749314858341658407e+01
-1.398893499003172280e+01 -4.263757828770329716e+00
8.685362099349262621e+00 -9.044012652932200691e-01
-2.454247247011749167e+01 1.720572463502310612e+01
-1.957406298973586090e+01 7.961609447234644144e+00
-2.301906530712038546e+01 1.220492923328172452e+01
-1.764726609115417943e+01 6.457945887792565287e+00
-2.466015797908521989e+01 1.562470293086826523e+01
