2.100610763382052817e-04 -2.596998852441437418e-03
1.218505710897379310e-03 -1.351403838401715827e-03
-8.315467505909067674e-04 2.026982696196220120e-03
-2.018206928472863137e-04 -2.479733705350662884e-03
-1.909421640879844324e-03 5.272153686213551602e-04
-2.910974278648359497e-05 2.667524579058521729e-03
9.562586818301650055e-04 1.856202453013287195e-03
8.009373024009435252e-04 -1.941207357269999958e-03
-5.260273718829323094e-04 -1.851045296283384493e-03
1.791573587347714274e-04 -2.620395200333205075e-03
3.495093877024783423e-03 1.183525010340547072e-04
-1.054877049172523330e-03 1.851741027469770446e-03
2.671062862091287985e-04 2.673118968114935809e-03
6.576614503336702337e-04 2.575054596901214018e-03
-2.031804306041763881e-03 2.978093893698673702e-05
-4.820406984581376668e-04 -1.984357824571596294e-03
