1.759104273139229762e-04 3.992812033986804950e-05
9.759416861834931903e-05 2.228965839167954921e-04
1.859215042209094075e-04 -9.702803988087161540e-05
9.479654175561734160e-05 -1.496357196201663394e-05
-9.982823901497435068e-06 4.098358446179160348e-05
1.469896313771123303e-05 1.448963849750159124e-04
7.592899285993482002e-05 1.222400974310203831e-05
4.437584134025920142e-05 3.335462459406228150e-05
1.489452011455680205e-04 -2.035799213457249369e-05
3.131810810861811406e-05 -8.502581030829106732e-05
-2.528562728905575153e-04 6.497006359338795747e-05
8.623989278538049432e-05 -7.381646561249895471e-05
2.257836564506245612e-04 -1.444338421521535051e-04
4.771413987279432555e-06 -1.858366488967172980e-05
1.528020462105456761e-04 1.464445279759360246e-04
1.576927958824957319e-05 3.783921417672211500e-05
