-9.188133329809275551e+00 -8.321282744789805008e+00
8.927995664467058834e-01 -1.024999896042024616e+01
1.020290617258710242e+01 -6.194762013802937339e+00
7.546923837135913748e-01 -3.288287190047888831e-01
-1.530249034319821355e+01 -4.610260833046868179e+00
5.486541903121055164e+00 -1.588595055723663885e+00
-5.799249527457353892e+00 -4.013835867359085569e-02
-1.017099881457851573e+01 -2.137903527113249602e+00
4.569093959479830325e+00 -1.559010015521105785e+01
1.604415419834506906e+01 -4.892430247438659840e+00
-2.624660041400996846e+00 -2.985418833614151835e-01
-4.527899161129326222e-01 9.819767794709982622e-01
1.415451671337455153e+01 -1.569000174786332380e+01
1.061435709958542972e+01 -3.761162577568658794e+00
1.689192917143761719e+01 -8.053713678711806878e+00
3.622319836007902083e+00 -1.562270585005179946e+01
-1.362687964746089886e+00 -6.799563057928538434e+00
-9.005129822585660193e+00 -1.469051345455122082e+01
-2.506822119489995515e+01 8.080377425667929714e+00
-1.659788219161434242e+01 -7.527706056032830162e+00
1.292505414140717335e+01 -1.113719219645250114e+00
-2.198713988255281393e+01 -1.356214288414328673e+00
5.949165009318349018e-01 -1.225251950456901540e+01
-7.606928412513720872e+00 -1.507447449107637105e+01
-9.737114483023777467e+00 -7.036022609494184898e+00
-1.337150802694921303e+01 -9.539506347444378420e+00
-2.027037072507646087e+01 -1.769917417804736937e-01
-1.496806865995022662e+01 -7.902309826592227360e+00
-2.053000840102480140e+01 2.986240744356176258e+00
-1.290249264147722030e+01 3.867433745290540514e-01
-6.347118865358254425e+00 -1.242098752120283223e+01
-2.264819088902320920e-01 -1.405501771642818198e+01
1.181111225403251019e+01 -5.459968654508839947e-02
-2.370217114896597010e+01 -2.349943203421413163e+00
6.822458060188212325e-01 -1.120867926758239363e+01
1.108807307771802897e+01 -4.023601108318448638e+00
-7.490201254758496852e+00 4.320851142059455974e+00
7.382774802762225974e+00 -1.219752907068085968e+01
1.477860281207195037e+01 -6.631494092039846855e+00
-2.179428815780907414e+01 1.924208741928077115e+00
-6.483363511472934881e-01 -7.939059034858026997e+00
-2.730637094733016745e+00 -9.946180409894747498e+00
-1.627914498552957667e+01 2.289462676969428845e+00
4.417842009844346052e-01 -8.478839646313460321e+00
-2.407142948052953102e+01 8.002867458925981836e+00
-1.819133558711088483e+01 -1.025962373372485104e+01
1.180614150525506645e+01 2.036624652457472262e+00
4.970431097247953289e+00 -9.555785518102871023e+00
-1.767409984591878214e+01 -2.800818800742468806e+00
1.082114728934556425e+01 -1.500758708909039507e+00
3.414314153904884463e+00 -9.330045093842171511e+00
-3.820147943175931982e+00 -1.572868294844835368e+01
-2.520224431197105375e+01 1.011413451045291900e+01
-1.841629931476706616e+01 -3.558017588498490369e+00
-6.195036228950199231e+00 -1.122355455695863924e+01
5.152746914213771845e+00 -1.301545565289696249e+01
1.218043003234525834e+01 -4.429731939038238586e+00
1.532832482548365149e+01 -4.297033024793513789e+00
8.025717042262058953e+00 -8.628246923697910020e+00
-2.378666835933260160e+01 3.391140730074262422e+00
1.556654309930875613e+01 -3.102988557741273912e+00
-3.920102388617428879e+00 -1.191227927241353157e+01
-2.041123873897886654e+01 -7.031339300045994278e+00
-5.850737031996533055e+00 -1.224589572816164385e+01
-1.333470801053695531e+01 -3.635474955401797548e+00
-7.785014536815944020e+00 -9.595698207763401655e+00
-1.489177271278975745e+01 -3.139122604996627874e+00
1.339877266638509390e+01 -6.045906874019548738e+00
-5.598677582330271463e+00 -7.390025425792038583e+00
-1.615777101262197846e+01 7.807934719611810515e+00
-2.276004116860299220e+01 4.386378966564989490e+00
-1.701732995674241522e+01 -8.258404243339432682e+00
-1.301253697977638524e+01 -1.024782641008089179e+01
-9.253867978363226499e+00 -9.014969282781502002e+00
-9.745452774346569313e+00 -1.453178869954209951e+01
-1.052381091383990785e+01 -1.935416239300457697e+00
-2.162103341956473201e+01 3.402070365300872368e+00
-3.548609667846027715e+00 -1.522024904080326735e+01
-3.379113774199124176e+00 -1.436481373428879849e+01
-2.303284225739603386e+01 -7.378393931580167209e-01
-2.414218143522699123e+01 1.034655996969663150e+01
-2.478013878842659068e+01 1.359982137204048769e+01
-2.494464995855704359e+01 8.093774129359507796e+00
1.506023703891846210e+01 -3.886025836527238209e+00
-3.153435142211035380e+00 -9.339059337885871059e+00
3.746498477388102710e+00 -1.665384077733243373e+00
1.295848006122803708e+00 -9.398271499297047527e+00
6.755458419569189132e+00 -4.354446902763907445e+00
3.594878360800037864e+00 -1.582539007297262046e+00
-2.066960204470106888e+01 -5.293030215637469782e-01
-1.750177025761434280e+01 -6.188733861141829662e-01
6.691984516156201934e+00 -5.804781812074367053e+00
4.420885424065527758e+00 -1.551414859445206629e+00
1.174624482240417578e+01 -5.548566371486869819e+00
9.234531537973696302e+00 -4.712432757072665401e-01
4.781770279257912648e+00 -1.547173553705900595e+01
1.295797062560456148e+01 -1.934095088832120113e-01
4.518497172224636316e+00 4.974130858327064503e-02
-2.340654461776897222e+01 -3.731238797736458501e+00
-7.345591184228907056e-02 -6.987065845853908996e+00
-2.083351257319042205e+01 -2.417847877783502852e+00
-7.809749514795607084e+00 -7.591459038662254244e+00
-1.777704355021687377e+01 -1.490674763378230461e+00
-1.240543248101940144e+01 -6.587576718682943699e+00
-1.381681136974064472e+01 -1.281886640895083396e+01
-2.242062980834981545e+01 -8.364604835835719454e-01
-1.772066298159796460e+01 5.129914965770517865e-01
-1.050759492322180044e+01 -9.641687876483340247e+00
1.232305937435270948e+01 -1.030477458901235366e+01
1.316964694058958507e+01 -1.202870770262705236e+01
-8.540010067670817051e+00 -5.697091710638283679e+00
-1.534655320635779319e+01 -8.872069923345923925e+00
1.356694375206824077e+01 -1.473217774101834543e+01
1.198927577188307936e+01 -9.029086259427991479e+00
-1.838787311679400016e+00 -4.345887420358143238e+00
1.565002829660399719e+01 -3.078894802706197531e+00
3.735805650064788708e+00 -1.581656375987318786e+00
1.202612992610721676e+01 -5.330703383870452505e+00
-2.478023051125402532e+01 1.356363501901056345e+01
-2.423257269567061556e+01 1.238227556188824252e+01
-1.275983751369279240e+01 -3.503615504205876530e+00
7.841693766777757091e+00 -5.642000729653916302e+00
1.221611308314140842e+01 -1.479400866802365577e+01
1.351091360647342121e+01 -2.894779213353386726e+00
8.614483675386020778e+00 -1.509350782654747292e+01
-7.018316758234826480e+00 -9.640014811868557132e+00
-2.463285750342786073e+01 1.251321664927760402e+01
1.451971485329301181e+01 -6.004178366964317171e+00
-1.504080478079449001e+01 -3.842651933704152256e+00
-6.222395932339024327e+00 -9.079120869897074897e+00
1.213070348738590809e+01 -4.337083883974298004e+00
-1.573428444874842924e+01 -1.651507446979934679e+00
-1.640369550995580639e+01 -6.129172593186797968e+00
-1.688312101247548824e+01 4.252167473037278711e+00
-2.173773775881611670e+01 -6.014915528823311597e+00
1.338506333670555115e+01 -3.723138987854147430e+00
-1.416638047127613431e+00 -3.763019728239860751e+00
-2.606141744454212983e+00 -2.295277046676817090e+00
-1.669969513778647041e+01 -6.406152524537592541e+00
-2.355897468113214543e+00 -1.647292615840192098e-01
1.290824677996614867e+01 -5.410455068054726091e+00
-1.972854703995015768e+01 -6.648984150504258395e+00
7.671073952145841091e+00 -5.652513612083593486e+00
2.396602922651807965e+00 -7.520522544976071089e+00
-5.327507119201089658e+00 -1.039585119609779262e+01
-1.422282490364641916e+01 -1.448876921474459012e+00
-9.886188032879131171e+00 -1.461862439462366581e+01
-1.426741727203294374e+01 -1.257058347137597210e+01
1.428230317315446563e+01 -4.385814843261957030e+00
6.420227686013761925e+00 -1.134617838706464177e+01
-1.696656056485044672e+01 1.894959990830804575e+00
-4.309534447632071164e+00 -8.150508786549720552e-01
1.298957954541475601e+01 8.230026208903455043e+00
1.483009668875500608e+01 -5.295624261948200129e+00
-2.225629991348883152e+01 9.652049519939819078e+00
-1.984873541245104178e+01 -7.785344097422680854e+00
-7.406235510176060188e-01 -6.650062415838081442e+00
2.767871884387584913e+00 4.016608096036768494e+00
-1.939836180691953871e+01 -7.674346675737215406e+00
-2.329327127736445391e+01 4.362281153755479757e+00
7.332833462319670037e-01 -9.864917484824217153e-01
-2.037975063415777299e+01 6.222194293646793994e+00
-2.438852438554468982e+00 -1.005048963857118771e+01
-2.277853096833943169e+01 3.992063635830988666e+00
1.354859674519753021e+01 -1.238706998899314193e+01
-3.691145551594510188e-01 -8.728068567801205546e+00
2.387022591065846855e-01 -1.440447814356904033e+01
1.073835541420067941e+01 -3.849394362234648259e+00
-7.523919725596172725e+00 2.725550407484214066e+00
1.401457926067463333e+01 -1.021650676095445753e+01
-8.759128586954147977e+00 -1.234319897862556203e+01
-1.930401689544905253e+01 -3.062139478959088557e+00
3.642333306039238661e+00 -1.026038917920814697e+01
4.578968594024706573e-01 -8.125660829770897209e+00
1.422099553293848651e+01 2.383079454435667710e+00
-2.261209166216361410e+01 4.482091673871763327e+00
1.479653256388860072e+01 -3.847137104572050159e+00
8.987304199590434806e+00 -3.878312607020434344e-01
-1.830607903461674013e+01 -7.234886459505438516e-01
1.322247024571585960e+01 -6.241334649811452806e+00
1.282550070703172551e+01 8.948610436632510101e+00
1.158993484359726622e+01 -1.584568982850476648e-01
1.112410368424232843e+01 -5.426429088296800707e+00
1.039475813445336883e+01 -1.566154540456203614e+00
3.166972374533657764e+00 2.292697236441450237e-01
-1.954696340463019766e+01 -2.843134140085712858e+00
3.257217161908970926e+00 -7.442868686308020010e+00
-7.295594278254470488e+00 -3.531472617046765627e+00
2.589410626901332169e+00 3.533180401982201069e+00
-6.202075172456379626e+00 -2.599530566891342431e+00
1.394250424926327803e+01 -1.121368989006430006e+01
-4.223348530257482913e+00 -1.563702720890701059e+01
1.309373894436230223e+01 -2.084410447118133725e+00
6.613707477933158607e+00 -1.417980070589017494e+01
-4.571294530337937090e+00 -9.148197756900903199e-01
1.679401429470703144e+00 -6.718251290823497257e+00
4.334261828808932293e+00 -6.804258689942464855e+00
-1.769356478971867119e+01 -3.095276247955871529e+00
-4.087847323602745719e-01 -8.399637190956912747e+00
-1.045386685601692234e+00 -4.082477593034040453e+00
3.360480945252917184e+00 6.636002275200900136e-02
1.489313759480103982e+01 -9.052003733733190449e-01
-6.216368691284293924e+00 -6.227682639162275713e+00
1.197247112009161896e+01 -8.077402454200219850e+00
1.281679736095037647e+01 8.991628235987574769e+00
-1.484012878106245381e+01 -5.807465009108550902e+00
1.359484800855110542e+01 -4.352344167129984065e+00
-1.796002910345395165e+01 -9.398978188272627321e+00
-2.169099009346903628e+01 -6.025699366901625886e+00
2.762520255313047457e+00 -9.990339544763475743e+00
-4.143437771234038003e+00 -4.240139794519296679e+00
-1.380633970962530732e+01 -6.554127771421853765e+00
-2.342456197932956385e+01 1.023054485569668692e+01
-9.730638766925052252e+00 -6.249433581645289948e+00
1.432660584229689604e+01 -1.535139361523820867e+01
-1.100075744187867066e+01 -9.755895059861963148e-01
7.435226164205497312e+00 -1.030273009512081650e+01
4.232199511065612541e+00 -1.605982459676474461e+00
7.520193022517056569e+00 -1.476611014546585565e+01
-1.247081352024705225e+01 -1.200077672510878557e+01
-5.183127055745694101e+00 -6.636458594824143908e+00
-6.232051952389810801e+00 -1.125980515141652205e+01
3.856959905044416104e+00 -9.803449668342924639e+00
-2.092775279863073479e+01 -3.037358699212430846e+00
1.982678914328671826e+00 -6.308626843629255632e+00
5.657938113534428659e+00 -1.515366906718852746e+01
-2.354702153772027273e+01 -3.345725594585947427e+00
1.570060179948457879e+01 -2.970244443243093002e+00
1.101493608903139609e+01 -5.672179009349902046e+00
-8.926419114996910764e+00 1.255730128043610838e+00
-9.062874046760880375e+00 -8.031065980231705481e+00
-1.292020763643726688e+01 -9.411337028010462902e+00
-1.405257585577073698e+01 -4.367395940645451446e+00
-2.528070494723622996e+00 3.261660221961712458e-01
4.822973726138988226e+00 -1.027485857889944754e+01
-1.160383139622831195e+01 -1.251706918392310186e+01
1.439132429504670974e+01 -4.892961414262773978e+00
-2.290856335568270907e+01 4.225048938409601273e-01
1.297127024911502780e+01 -1.199314759819578580e+00
7.536400867129299463e+00 -9.294066444802254523e+00
7.699670775485761176e+00 -9.298331470325772230e+00
1.042938925283704776e+01 -1.594259422508500501e+00
-6.503996004618750604e+00 -1.114640460102822495e+01
-2.378903177954580883e+01 8.050148390309077584e+00
-1.220021967174649902e+01 -1.370914800187711435e+01
-2.195282973117834047e+01 1.652795619200897237e+00
-1.919346265666709428e+01 -7.312142032232909372e+00
1.440248852858155537e+01 -1.525049978320349453e+01
-1.393660891801333346e+00 -3.902762806559260333e+00
-2.488799780883972090e+01 1.179143902858346848e+01
-2.368009567068963861e+01 3.577211179368817717e+00
-6.091831195937635002e+00 -1.082087029927262023e+01
-2.417459105170994249e+01 8.559283586026269930e+00
-1.274185651572329014e+01 -1.323986979396039843e+01
-1.322274553523368468e+01 -1.299647347463561609e+01
3.763362251604678854e-01 -1.293050260069296087e+01
-2.053086041091611591e+01 6.561689052437877478e+00
-4.455271809252072224e+00 -9.710122700489725034e+00
-1.918180565197154053e+01 1.214046029552151573e+00
1.263768920921030592e+01 -1.420553071040929183e+01
-2.391956479486433906e+01 1.885317985831128640e+00
-4.840462813594717417e+00 -6.937738567325134831e+00
-1.092449486030470673e+01 -6.742577797763210867e+00
-2.781429670933357468e+00 -1.416733699916242983e+00
-8.927971904257065106e+00 -1.459041736033609560e+01
-1.808533360868764817e+01 -9.367185508642560388e-01
8.240790025209161485e+00 -6.148979139257028770e+00
-8.208346488105064509e+00 -1.480591983670237610e+01
1.847035326521051246e+01 -7.688461319711028530e+00
-1.466076967682496957e+01 7.749531083931207931e+00
-1.749787514181430836e+01 -4.707501034269882645e+00
1.165829268964202825e+01 -1.536483582670833670e+01
2.031925240060092452e+00 8.859019581174805147e-01
1.102670868206463339e+01 -1.453401307389830599e+01
-1.705414831564087308e+01 9.299837444277381238e+00
-2.350906015468427412e+01 1.249697011430029470e+01
1.095106137025388549e+01 -1.234774734100050075e+01
1.804428930024202771e+01 -7.078537294553814974e+00
5.113179097664589889e+00 -1.595915771790818560e+00
-5.463110876951992267e+00 -1.097886993093004371e+01
-8.450902509654010686e+00 -2.438674595538866452e+00
-2.263125632856296221e+01 -2.017156473657140681e-01
5.258296366913719488e+00 -3.976216164349939408e+00
-5.210896624922524367e+00 -6.536898105517932933e+00
-1.152673782094005395e+00 -8.469420154299546866e+00
-4.497947277279583211e+00 -9.727458623921444669e+00
-2.479307088068082976e+01 5.578886842589043660e+00
-2.452637785332411013e+01 5.234891490427274086e+00
3.872596387843069365e+00 -1.245872607826681566e+01
-2.405288712574188281e+01 1.524233671532586598e-01
4.953629796491060944e+00 -7.714083882790985669e+00
1.319122438308281886e+01 -1.658497276592319380e+01
1.403872896756996091e+01 -1.562375356636253265e+01
-1.727687023708473646e+01 -9.510122167574580843e+00
6.623954599184531666e+00 -3.834979054305449608e+00
5.532339192764804459e+00 -1.229132458253460136e+01
4.787542266725249185e+00 -1.455038655438837658e+01
1.078497318955035134e+01 -1.493388061740677664e+01
9.349936583100362242e-01 -4.423549136619238986e+00
-8.495577768000394769e+00 -7.285633449319879329e-01
-2.641743874228976163e-01 -3.661712901109868579e+00
2.964158230195749866e+00 -9.313076242996784160e+00
-2.406314314877408478e+01 1.134062894231451679e+01
-6.333601204767227877e+00 5.694165629752233393e+00
-5.010529220688260565e+00 -6.027355577316879653e+00
-1.042329962327514536e+01 -1.452705139768478482e+00
-1.505733921686857002e+01 -3.436376512550626039e+00
7.172052517796026372e+00 -1.069656353841744156e+01
-1.879756071857099542e+01 2.592599756783075526e-01
-6.447163947413070417e+00 -4.836073298618823735e+00
-2.471511014937874862e+01 1.199802729145268465e+01
-1.478989018797713939e+01 -8.215882586683060040e+00
-1.581248554351512681e+01 -8.936888595000787028e-01
5.980027688891946802e+00 -1.651232832730414302e+01
1.284385001497934375e+01 -1.205161214123051039e+01
1.190652846414367971e+01 -8.876176378129027711e+00
-1.708664403351523120e+01 9.292269652984746386e+00
-1.781530590108495460e+01 4.453041531893526361e+00
5.410313188646566296e+00 -1.709368299057824103e+01
1.287632942437210559e+01 8.773165896495386917e+00
1.368224719161109171e+01 -4.359175775440370160e+00
-2.362881843484188593e+01 7.574520694994531844e+00
-6.663915308412148519e+00 -1.625758778896661738e+01
7.036956666715384223e+00 -1.381333769743915596e+01
3.146036471896630271e+00 -6.001632393910838026e+00
-1.583021333258778807e+00 -1.008482236686391698e+00
-5.780007806227065448e-01 -2.729190962453925007e+00
1.475179462601540692e+01 -2.437936553830406528e-01
-3.158589988633241141e+00 -1.530823037561491695e+01
-1.877487832623065600e+01 -5.481628658043137037e+00
-2.212447416373161602e+01 3.829321567645715074e+00
-8.329411699712125028e+00 -4.656610311754009857e+00
-4.540929829859098987e+00 -9.025354403705678763e+00
-6.248051231776086567e+00 -1.535534672592646110e+01
1.380807300925991754e+01 -1.045973508948529052e+01
-2.425912843064259761e+01 7.367267028615843039e+00
1.284570360126527788e+01 8.885599387877888944e+00
-2.476392530563062166e+01 1.110397672372541322e+01
-2.168204998842811193e+01 9.508681784870240961e+00
-8.044967789052522633e+00 5.979948954550363460e+00
-9.524714164932461813e-01 -6.863268874081013493e+00
-1.635799620854540848e+01 4.217068415248292901e+00
5.778526367932213859e+00 -4.049763366660292796e+00
-1.270372564011085359e+01 -8.150678862395444924e+00
-3.689459317087140366e+00 -1.003223809523415611e+00
-2.112021560060848913e+01 4.113384606779527886e+00
-2.453017766601282190e+01 8.218801978712139800e+00
-2.500306342267380799e+01 6.604114092105666245e+00
-8.001160801142079393e+00 -1.530006801111828629e+00
-3.178389275819829773e+00 -1.654521943502194503e+01
1.409634150137550357e+01 -1.571466353375324942e+01
8.968647463091871330e+00 -6.621358972916824293e+00
-2.346675275958556384e+01 1.290122603225299081e+01
2.402000682002329413e+00 3.359629510776770633e+00
-2.394150372960249484e+01 1.039838236128010074e+01
-1.774280196667722720e+01 -1.043894466428298173e+01
-1.571868584366773547e+01 2.877743953213970585e+00
4.922438039702066170e+00 -4.187312285054099803e+00
8.428978609574594216e+00 -5.333303995943919240e+00
1.724642889545468094e+01 -6.799147175353960293e+00
-8.647938412946752251e+00 -5.806232950852137087e+00
3.622145198454360671e-01 -3.255773597822326337e+00
-2.306188691377609512e+00 -1.076075057058039341e+01
-2.306093786306690063e+01 7.624023425257564490e+00
-2.423473337066529609e+01 1.151578139951772251e+01
5.455555396824844472e+00 -1.012190287551043966e+01
1.310742913004809829e+01 -1.007955656153015767e+01
-2.375898641151065860e+01 3.695117070455489761e-01
-8.803182171715057791e+00 -9.982250517422619041e+00
-1.760391571470539063e+01 9.187095036310511276e+00
2.757861036052521087e+00 -8.723542025928864518e+00
3.404491395486973548e+00 4.627237942889963485e+00
-7.556058080938520938e+00 -1.114264730019581862e+01
-1.925222846741120009e+01 -7.388128620246750877e+00
-1.337091324363181499e+01 -7.200732700645676942e+00
7.349601823050263327e+00 -3.480570377737770116e+00
2.874747920554768132e+00 -1.268388253324891046e+01
1.240468785031205812e+01 -1.024220610600772474e+01
-5.801573422987288176e+00 -7.078080157845199949e+00
-8.154695977722226985e+00 -2.142117630929550653e+00
-1.274823435145692407e+01 -3.453988509117180694e+00
8.089173431302121742e+00 -7.074646159922515665e+00
-8.068641607100988100e-01 -1.482402131652898980e+01
1.065470942535818821e+01 -1.527216467195361282e+01
-4.815252584607024322e-01 -3.822051002849073953e+00
3.545245714859985853e+00 4.693974652927096258e+00
-2.501100924540757386e+00 -1.216796196121164186e+01
-7.518772940370647362e+00 4.870461157411220654e+00
-2.211683836776853340e+01 6.580334597652891304e+00
5.249141793246736576e+00 -4.166803610338943642e+00
-1.651429174817653234e+01 8.628746614135827997e+00
-2.172657519628308975e+01 -1.306810461172809301e+00
-8.858650196043619474e+00 -1.427198482090902765e+01
-1.559246498167248340e+01 -1.786511021327364501e+00
-1.004512729065600318e+01 -6.364260220468436202e+00
2.043075698197009127e-01 -1.306405414379171148e+01
1.218621845209790955e+01 -5.057584000090360743e-02
1.749172345406446993e+01 -7.639484511904801600e+00
1.259295499583381162e+00 1.680829157055165224e+00
3.609995182214289500e+00 -1.657695848595738042e+01
2.589989646884474528e+00 -7.561867075867758636e+00
5.021540600173826085e+00 -1.570536492006547924e+01
1.896226031271130985e+00 3.426627828437146306e+00
-1.741642399097012683e+00 -1.570691689261836466e+01
-5.654516087973739502e+00 -1.568766005364512672e+01
-2.240642064374549847e+01 3.699587382105930633e+00
-2.094756169059347428e+01 -2.158310877221242929e+00
-1.892691035105189812e+01 8.275212623592747008e-01
-3.917784797522402940e+00 -2.238244798836798832e+00
1.308876211447527460e+01 -4.677461851838888407e+00
-1.468343495217631967e+00 -4.334393433346267699e+00
-8.299241631541462993e+00 -2.369988311616309518e-01
1.765713836801526782e+01 -7.063678165915136198e+00
6.429579278502027151e+00 -9.247259439113527435e+00
2.633712821634660362e+00 -1.228061308459552059e+01
-6.857314927369207780e+00 5.672620606587189585e+00
-1.460193859928203786e+01 7.705039093306015552e+00
-1.201690487203511815e+01 5.689745104792376384e-01
-1.878813289528579178e+00 -2.159229203703673328e+00
-2.452645513797305199e+01 1.037753806596201223e+01
1.251097538546562049e+01 -8.844480828080294899e+00
6.362011506454543941e+00 -3.927321851717693324e+00
-1.082375300351309200e+01 -7.058405577471065229e+00
1.338033973708717994e+01 -1.495532714778204664e+01
9.727674023036021467e+00 -1.322667083544227751e+01
1.396673162815503488e+01 -1.575287738979502983e+01
1.251449966444441131e+01 -1.629186195452299657e+01
-1.312145494233793563e+01 -8.539451992081243503e+00
-2.320149734187340052e+00 -1.180920842190283970e+01
7.830874073461362883e+00 -1.050173597914199064e+01
8.299169029519696039e+00 -7.245322791185105693e+00
-6.970283063357515019e+00 -1.503245494193153320e+01
9.915264515881169416e+00 -5.669711277506088720e+00
-6.062226232034565676e+00 -5.903768052071295402e-01
-1.701976900477496102e+01 4.397418852720116789e+00
-1.013972809240093298e+01 -7.021001334378276226e+00
-1.595647752549969267e+00 -3.033321940290252705e+00
1.524208188329590641e+01 -8.581516057121516994e+00
-1.449918454272487800e+01 -3.578700792147010201e+00
8.554034619513607440e-01 -1.697920263004244479e+00
3.417645333630383031e-01 -1.494708125498591933e+01
-1.352341889850719703e+01 -5.272880252077884577e+00
9.043950266641893609e-01 -7.484153306575401565e+00
-2.225353844946526038e+01 -1.017634464797188443e+00
-7.809669231223502983e+00 -1.398159400316248302e+01
-1.960343098491252789e+01 -4.695178565173137919e+00
-8.322055123799801279e+00 -5.488096139415180374e+00
-1.552112582310109090e+01 3.325588596130344854e+00
1.563337846994020452e+00 -2.285756863662466998e+00
-1.671048326105384518e+01 2.164593723172562267e+00
1.281639962065875871e+01 8.992885732148501177e+00
-1.197130902926731366e+01 4.857061054033044445e-01
-2.112341885060205726e+01 1.693972385550355675e+00
-4.429402252966537112e+00 -7.149632510240771843e+00
-8.297963016645949708e+00 -1.520655290530696746e+01
-1.787273234445304126e+01 -6.518401711768277984e-01
-8.518358884669910980e-01 -3.689302451400697791e+00
1.768617115730310729e+01 -6.856923617065935339e+00
-1.276032759400804828e+01 -1.059021982124095729e+01
1.448452648600202508e+01 -5.200553286755301485e+00
-1.062311830562995141e+01 -1.386369919887586022e+01
-2.425295647227673257e+01 1.126126379238793795e+01
-2.267074402327207139e+01 1.751021743571776312e+00
-7.848680633912084481e+00 -1.527300465933301865e+01
-8.620325714721118970e+00 -1.022211934582028370e+01
7.279078853873865107e+00 -1.495704265203685779e+01
-2.289984848234616877e+01 -6.852168390094979245e-01
2.260082405030518604e+00 -1.029201609566742093e+01
-1.511541769839982896e+00 -3.003304376034518164e+00
-1.718612347824999986e+01 -9.918390805082850648e+00
-2.336682466282030290e+01 -1.574878664708043718e+00
-2.097820936500218991e+01 4.948381778023044575e+00
-2.459171418376138618e+01 1.226601926223203343e+01
-1.202251011489611265e+01 4.170661954204220034e-01
4.946876487518335530e+00 -1.666015741692863728e+01
1.374382405959523545e+01 -1.247138323671332039e+01
-7.048015549942618918e+00 -2.354183017101480146e+00
-7.018570738022865463e+00 -9.206678248842985468e+00
-2.186434311828788069e+01 9.674480012517605587e-01
4.120131645433093404e+00 -1.240304776516534879e+01
-4.376676417950801756e+00 -2.588954139487646966e+00
-1.676339213582621923e+01 -6.203203323642811906e-01
-2.009362075578670925e+01 -7.421994672829140605e+00
2.594695206232459306e+00 -1.706037507951751309e+01
9.623775975854353959e+00 -6.282600658969005103e+00
5.393612698041555298e+00 -1.696085090547514795e+01
-2.266619024045198660e+00 -4.203964301922143321e+00
-5.622247511051040370e+00 -1.369735043846002931e+01
-1.578431277598815896e+01 -1.041805138204690007e+00
1.281385669533302973e+01 9.000935679514036281e+00
4.675492617274191076e+00 -1.049450505466992567e+01
-2.295101561000558732e+01 -1.094143758340030859e+00
-1.302221124275184927e+01 -8.655438200858456277e-01
6.347699375391271381e+00 -3.773236916042442601e+00
3.461161264200388388e+00 -1.664640782005747965e+01
-2.152156998788745668e+01 -6.411570669030433045e+00
-2.348848899393273371e+01 8.219473876799730405e+00
-1.545894020686137260e+01 -2.921209234299882329e+00
-7.415965380999865353e+00 4.918585258009176009e+00
1.331536419100640067e+01 -1.015911426566460918e+01
-8.575988376183275363e+00 -7.867929375933717662e-01
-2.203025950755355922e+01 5.928876509428070207e+00
-2.149252906461518364e+01 1.273333497030398664e+00
1.142242910002950751e+01 -6.185078592029531031e+00
-2.123715372923033229e+01 9.525959354301992477e+00
-1.776125865593787978e+01 -9.819290946041924428e+00
1.302671084597698759e+01 -3.996579653062237725e-02
1.040862689379081552e+01 -1.008927991168559934e+01
-1.244783984136771338e+01 -6.541282500395582566e+00
-6.084634640871409594e+00 -2.650989234540572337e+00
1.232871870713321938e+00 1.410346589722936139e+00
-2.478231766488418941e+01 1.360177771884415421e+01
-8.066816192160354504e+00 -2.225031077919124467e+00
1.408278147737629382e+01 1.849004849116424376e+00
-2.254690798575969879e+01 6.866852511231140710e+00
1.389805897393562795e+01 4.486594729162149964e-01
-8.009092657450985087e+00 -2.126791552088254988e+00
-6.164005868651805109e+00 -5.119581972462637687e+00
-1.549061683193017025e+01 -1.509640267417415194e+00
-2.456398986848063259e+01 -1.367863524969419597e-01
1.814286968663100907e+01 -7.420844721352293227e+00
-4.977651105636447859e+00 -1.366373460358772896e+01
-2.275126254955448246e+01 1.204984717093407198e+01
-1.632178270518760499e+01 7.874082550332836661e+00
-8.101751625898714337e+00 1.303825607263354058e+00
-5.606139010769335407e+00 -5.570920330820226418e+00
-1.300334465140629270e+01 -1.157535267510544585e+01
-2.488068517695417370e+01 7.064042932596020563e+00
-8.357552511449602761e+00 -4.075487489897156479e+00
-3.519768578402846071e+00 -2.598493202915360012e+00
1.271170962390010573e+01 -3.383233751240127596e+00
-2.117525959461736917e+01 5.329002104215978086e+00
-2.000110349347729155e+01 -8.174170997935085836e+00
-4.074062777011695502e+00 -3.004616403831758653e+00
-2.343140284875558521e+01 -1.162039064237631258e+00
1.903089831071398841e+00 -8.700153332322955180e+00
2.862511540487057804e+00 -1.242382125089184797e+01
-2.430096709027629487e+01 6.548111638720488514e-01
2.151950701628945417e+00 -1.122882252045949691e+01
-7.881632823779715302e+00 -1.526251446198275730e+01
-5.097429452068354294e+00 1.953614232115476579e+00
-6.660963674808657586e+00 -1.042205208176791764e+01
-4.252397506433314156e+00 -1.100845577184565194e+01
-8.361649979331377269e-02 -1.419178980670270107e+01
-3.333320564038752210e+00 -1.179575880479462491e+01
5.647398966996306946e+00 -1.378115276179974913e+01
-2.539039247651872344e+01 8.036373782465821236e+00
-1.137674586803413668e+01 -2.403386386552590626e+00
-1.504482378502171791e+01 -9.891719671406404402e+00
-1.280906024932707865e+01 -1.327845904838465962e+01
1.318029913990095814e+01 8.852865728478124252e-01
-1.349088003117753587e+01 -8.843932598954635793e+00
1.205536973727458872e+01 -1.335766610250541397e+01
-1.555475115590316015e+01 -3.657233543126661601e+00
-6.928150419889740341e+00 6.652431856495958362e-01
-5.048554025892396879e+00 -1.396387731292581513e+01
2.138122816193039455e+00 -7.970690687542242969e+00
-1.974102132905800744e+01 -2.801020841592014587e+00
-2.113364623527601438e+01 -5.835478631552581952e+00
-2.325999253715452753e+01 1.031123145403113739e+01
-2.350956125073366465e+01 -2.589812027648975334e+00
1.426476554149321707e+01 -1.580386772437090315e+01
-1.993117209795360267e+01 -7.757009906494807261e+00
-2.406393206490102443e+01 -9.407279880508454539e-01
-7.673787496287205023e+00 -4.890477522876015115e+00
-2.110438145940313603e+01 9.465030971665029824e+00
1.072807005526200541e+01 -1.604047017413050469e+01
-2.266260038316790215e+01 1.023077693289756773e+01
-4.217131484213663128e+00 -1.209310072681248549e+01
-1.614942235219434963e+01 3.968018398018320791e+00
1.196346638396738804e+01 1.903202689188878471e+00
-9.944372457096383400e+00 -1.170436259271297574e+00
-3.844098764932243562e+00 -1.528228885297651729e+01
-6.504271608381397840e+00 -1.537501119558823426e+01
-1.739039765338313837e+00 -4.458990670812140955e+00
-1.337428183234880841e+01 -1.082712236417068397e+01
-1.632109694690329604e+01 4.076608580125324011e+00
-1.849299214960720406e+01 -7.098719406411677646e+00
-1.946267822035092010e+01 -6.854505550913608580e+00
8.459323197984867093e+00 -1.657876227611050624e+01
-1.367773624191790383e+01 -6.686540743708176748e+00
3.375100063545758644e+00 -2.469964190265715231e+00
-1.555945794215329592e+01 2.974881422794899866e+00
-1.737431183396840240e+01 9.059086090892829901e+00
1.953330837716552582e-01 -4.343168619580268341e+00
-1.633665050250948525e+01 2.157123504033501060e+00
-7.224673853775694710e+00 5.531695530829798813e+00
2.199828391857304055e+00 -9.777406567431274453e+00
1.571677471007934734e+01 -8.224667375891595356e+00
7.410335130982679708e+00 -1.071548827958321404e+01
-2.223413369961871666e+01 6.710763075305663961e+00
1.039412488963348924e+00 2.136780530124914534e+00
7.409261342872143885e+00 -1.488226972560983796e+01
-8.076955891987125824e+00 -2.012593865899985790e+00
5.113681591132139381e+00 -1.227496670184611283e+01
-5.827512602101629469e+00 -1.506432583914809697e+01
-3.490232091881901422e+00 -1.397897826620232564e+01
9.173276898675513991e+00 -1.514335945831261832e+01
1.096963498613154542e+01 -7.287544283167616044e+00
-1.473065289969103553e+01 -9.984936216632918971e+00
-1.581739495125364314e+01 -8.375225912581377941e+00
-6.954603995463731536e+00 5.623730301435669432e+00
-1.406737187652091947e+01 -3.900271108955251975e+00
-1.665210578867024083e+01 -8.453212502818045593e+00
1.837667338008736806e+01 -7.646935820911852311e+00
-1.179720843308956191e+01 -1.391748894165169759e+01
1.319511160930014348e+01 -4.394683625240399572e+00
-1.959986370363622044e+01 -8.049841485083224057e+00
1.281632621596844146e+01 8.993141284623597187e+00
3.868474546798234659e+00 -1.559515128116443350e+01
-1.743610541387405632e+01 -1.080172424634872463e+01
-5.992141033165780506e+00 -1.533992541599234016e+01
-7.946192403804056781e+00 -1.170816894671966324e+01
8.277723504431808266e+00 -1.645162416508797421e+01
-2.506839997986083546e+01 5.708605546598136016e+00
-2.469394930435537816e+01 1.336967942730185932e+01
-1.911912890739675319e+01 -4.601052445499361099e+00
-2.448294748334311421e+01 1.322188325235540240e+01
1.276977936334466079e+01 -1.011561792092314960e+01
1.269390201957055986e+01 -9.099789751648577507e+00
-1.945961454480268671e+01 -5.008030935274686790e+00
-4.378393387501423872e-02 -1.456185626113843412e+01
1.281413106504969868e+01 9.000065288248599416e+00
1.347392287864188454e+01 -6.871811242058039504e+00
-1.358182408966960253e+01 -2.441618818606688723e+00
1.798602235551673312e+00 1.379331678896795310e+00
-1.127864751494686502e+01 -6.697647558391748746e+00
-1.182248128431831091e+01 -1.395893471090433557e+01
1.285197970815380941e+01 8.869351915021956856e+00
-2.048301435821797867e+01 6.433506571691692599e+00
-9.644754111134208330e+00 -1.044443785417593640e+00
-2.265407252792480453e+00 -6.646544797950364014e+00
-5.038036260913730580e+00 2.091430096984754794e+00
1.069824463647119916e+00 1.078081011331199823e+00
-2.446501813527839531e+01 1.205432233925749408e+01
-2.386844257732352759e+01 1.202471262797757845e+01
1.419365454493625656e+01 -1.637172229859993422e+01
3.592670397042054820e+00 -6.150103972616266290e+00
5.805773572886731237e+00 -5.410682117988710793e+00
-3.843125752984436261e+00 -1.426289242755254705e+00
-2.361936111305559649e+01 -2.838846339321039025e+00
9.316386210672487067e+00 -7.239205581482778484e+00
-1.572682827951167006e+01 2.283094464924764644e+00
-1.051864240272241346e+01 -1.907694686444806775e+00
5.450486012650828549e+00 -1.345733503076394300e+01
1.681998346642959064e+01 -6.773616374840448096e+00
-4.662451945401308251e+00 -4.477670907753583229e+00
-2.109913890731310815e+01 9.249171428677890106e+00
1.120377599943110036e+00 -1.411350180382416575e+01
-2.253946890350779242e+01 7.983193191873113825e+00
-6.326545021241541278e+00 -4.794336003062972473e+00
-6.963668235243301474e+00 5.640509695591368278e+00
-6.819338010635062730e+00 -2.281599481947532926e+00
-2.302513011113582309e+01 1.984316674075250475e+00
-1.635280621920542643e+01 8.210000362784088068e+00
1.776700437724730364e+01 -7.870028102238510570e+00
5.966992170847235322e+00 -1.576895082019632177e+01
1.393279948551798775e+01 -1.582698954062967012e+01
-8.550430651102386648e+00 6.264672784251069437e+00
-1.708002887241308798e+01 8.923706223249403990e+00
-1.170902556081199863e+00 -1.018138295646109803e+01
-1.702853431153269881e+01 9.239161989869316471e+00
-6.769827314314170508e+00 -9.133225147902852115e+00
-6.352407174964878500e+00 1.075245753786824743e+00
1.104112415011559456e+01 -1.560027852182295582e+01
7.372845278197548424e+00 -9.486955335700137937e+00
-2.469857379330492009e+01 1.195327157089071335e+01
-2.105534605501545897e+01 3.249933208036190901e+00
-1.993148168757486616e+01 3.976837349881126471e+00
-2.207815632231180913e+01 1.182812582403165536e+01
3.199608622322594798e+00 4.384937216452295949e+00
1.816010690032959474e+01 -7.170141142208623641e+00
-9.761021607843765047e-01 -1.334991727090380387e+01
-1.828762617805413981e+01 -8.974936794169654064e+00
-1.874562780357537406e+01 -8.611721826207073605e+00
-1.474874688552171520e+01 7.810746467050423192e+00
-1.352182279698440048e+01 -1.247995520710616901e+01
-1.781393724522717292e+01 -9.964230333974921194e+00
-1.542216176438399344e+01 -7.887153676407089087e+00
-1.584210538538746427e+01 -6.961621529965715816e-01
5.310068382282709720e+00 -1.401725807113735378e+01
4.700169283703925061e+00 -9.614296804066363222e+00
1.052639274833096295e+01 -1.355708797767968754e+01
-2.347433092467404592e+01 3.958283679508000752e+00
2.705640126889856223e+00 4.051652105985701802e+00
1.285929337013572038e+01 8.845589016377697789e+00
-1.582891384613155594e+01 2.302361103661617836e+00
-2.199085092877287906e+01 6.750390181038222082e+00
-8.592745573678080007e+00 -1.022471382610373603e+01
-1.295452124423690421e+01 8.645649543797007119e-02
-1.256949724710365501e+01 -4.865590726077294370e+00
-8.654275054046324911e+00 -4.813802730201668822e+00
-2.131943191414659111e+01 9.580258885892671827e+00
3.111818806831057049e+00 -9.425238525071932827e+00
-1.264778967980246094e+01 -9.756053745544717160e+00
1.766256365398929873e+01 -6.672470547910633876e+00
3.172008807575942058e+00 -1.666981848961293977e+01
-2.193489402523192666e+01 6.572338041397160602e+00
-6.641406909001665859e-01 -1.137822314330307755e-02
1.224762010589040884e+00 1.903411557983301527e+00
2.551570151860525382e+00 -2.257561887980717330e+00
-1.226607239493655044e+01 -6.939462003609112806e+00
-1.781768898639251475e+01 -8.711575650169312013e+00
-2.386701416833814804e+01 4.231160284526496618e+00
-2.040419315155496705e+01 -2.644457553102099734e+00
-1.637853261100260838e+01 7.463071602531878845e+00
-9.794831056977598704e-01 -8.323792447503098657e+00
-5.850196252841007194e+00 -1.598167942936062502e+01
1.775804767227894043e+00 -1.330652946774944168e+00
1.281578329738628774e+01 8.994816726081984015e+00
-2.227125595882740683e+01 6.498057351637425150e+00
1.508912317328785768e+01 -9.398983679503800204e+00
1.387624606363928237e+01 -1.110897620582511713e+01
-7.358746536445219810e+00 1.124030980106444533e+00
-3.618299352361143306e+00 -1.602553470496495081e+01
-1.271699116041449784e+01 5.168287444104563422e-01
-8.984929691936613949e+00 -7.196156043424393189e+00
-2.478151051427123264e+01 6.976672818653910646e+00
1.277075832318857174e+01 -1.327267945470637756e+01
-1.543400709101093327e+01 -8.201925464221492490e+00
2.818731134021590368e+00 3.287741288721400590e+00
-1.417262862888900266e+01 -3.944815397754712016e+00
-3.139939733072978800e+00 -1.490913261553962421e+01
2.261433438415503705e+00 -1.711986822661210894e+01
-9.586693709073143665e+00 -7.200214209168509960e+00
3.402913021690296524e+00 4.464103783274596005e+00
-1.220111212682986590e+01 -7.117837455709389971e+00
1.160136168512993038e+01 -2.092532846322599227e-01
-2.287051688471885669e+01 9.057224722986298104e+00
6.844036524034156521e+00 -1.343258833373982597e+01
-1.193584838881602295e+01 -9.061339053785271602e+00
-1.553436497918192494e+01 2.824835924829772082e+00
3.766243552504535241e+00 4.895130672054257559e+00
-2.291167280061121758e+01 3.050251914451019175e+00
1.282717745730699299e+01 8.958369301516478700e+00
1.196244419206646725e+01 -1.413098965800889673e+01
-2.098060970711891216e+01 8.829269756317578710e-02
-2.239186852894842872e+01 -3.589632113649904310e-01
-7.139321783693931778e+00 -1.089432970146110868e+01
1.710025510542337557e+01 -7.126519533376184157e+00
-3.026994956185960817e+00 -1.535596619173352551e+01
-1.799508505118180324e+01 -9.255796131186874831e+00
1.124538590595399734e+00 -1.112652075567181598e+01
-7.208313255278632425e+00 -1.627236768866154870e+00
-1.499637269177785726e+01 -9.587005597802169987e+00
-1.322354353609895661e+01 -1.270726183352673466e+01
-6.321574266316851265e+00 -8.225511486293207497e+00
-6.615214123930559964e+00 -8.425011703661480666e+00
1.158900135892259797e+01 -1.422550272795296245e+01
1.032713762853935791e+01 -1.471520422615249402e+00
7.200531776298535469e+00 -3.669333783065932053e+00
1.290586806388258090e+01 -1.132667867873992984e+00
-2.183924145797684346e+00 -1.059214987545650466e+01
-2.033306817576944781e+01 4.569834313761571565e+00
-9.489767669358800006e+00 -1.404374376039690908e+01
8.713496041638801870e+00 -6.728874117024434831e+00
1.370876916451635807e+01 -7.625266321232938793e+00
-4.780969868146626167e-01 -1.433515510160083473e+01
9.553542002395928989e+00 -1.474871298056780766e+01
-1.417609760497968718e+00 -4.010823778223641334e+00
1.294091563269206802e+01 -1.614399158759592012e+01
-1.138192376869204203e+01 -6.580266413314704854e-01
-1.616714389900834803e+01 -4.357451137284016340e+00
-2.127979300517735695e+01 5.074821187996065852e+00
-2.872748362412657741e+00 -1.530339380104535607e+01
1.522987254610663221e+01 -6.911961783858771469e+00
-1.953685201224082491e+01 2.765365869067122340e-01
1.362224854636001048e+01 -1.158048044444706548e+01
1.225795890147570510e+01 -8.590520654726647720e+00
-1.525575223010673298e+01 2.068219761836090242e+00
1.210810804103414107e+01 -6.585204849614826550e+00
-1.209324259623140030e+01 -1.017897932752516788e+01
7.692424553160498446e-01 -1.434046523787622007e+01
1.684103908558702400e+01 -8.136374486233821202e+00
-1.093028575315718953e+00 -3.045944483307545525e+00
2.867979620632638227e+00 -2.391626979481040749e+00
-7.111036872498756267e+00 -8.800599761181546299e+00
-3.841003035319974668e+00 -1.009704590747940028e-01
7.099119143503825669e+00 -5.723327943586510536e+00
-4.187780214830331360e+00 -1.010776549557924930e+01
-5.996861272494961703e+00 -1.263515583501493467e+01
-2.523504138871368241e+01 6.701235298794149919e+00
1.128884704054896915e+01 -8.720564034657229513e+00
9.386965611108774032e-01 -1.831478967067446062e+00
-5.326249798997304552e+00 -1.077749665244386179e+01
-1.734478713345551171e+01 -2.722384991203628424e+00
-2.062893292418391056e+01 6.036929664733661660e+00
1.597017504950440037e+00 -4.865823497420446841e+00
-5.647902402573328651e+00 5.552507262220126583e-01
-9.232845142881263456e+00 -1.416601196100126003e+01
-2.068332684974918934e+01 1.612533889621567296e+00
-1.948778878777487122e+01 -2.205205219900910674e+00
4.138322931990722431e+00 -8.937643100013129782e+00
-2.509280087765237965e+01 6.306946445450260619e+00
-5.683832466722337884e+00 -1.631518458229502500e+01
-1.691649259981456055e+01 4.355223243592191373e+00
-1.882100431067107138e+01 -2.546186107804748744e+00
8.820483627136766813e+00 -7.106252965424793899e+00
6.559824102869717954e+00 -3.643206945269441555e+00
-9.377361590499171839e+00 -1.944496584878397272e+00
8.416809078905420627e-01 -4.398621629113165454e+00
4.655961481284847991e+00 -1.223589379771148167e+01
6.679995172469079812e+00 -1.503578142222788117e+01
-1.346669756706885757e+01 -4.979660849626657004e+00
-2.398641357875348135e+01 7.504671549515300022e+00
1.197970755165808043e+01 -7.962094188046838994e+00
-1.077750526998378433e+01 -9.018330362701643121e-01
-7.310416751846267935e+00 1.351783891879792199e+00
-8.552553195937518282e+00 -1.355838323135931134e+01
-1.862571937093492380e+01 -2.884037910753670886e+00
-4.791675495513743499e+00 -1.152741984162456745e+01
3.074114065255626027e+00 -1.687193683628510854e+01
-1.584168625410778475e+01 -1.841358707004707052e+00
1.275605137367082520e+01 -1.470403455005131121e+01
-7.487901027465332149e+00 2.590085696826266215e+00
1.515279609053986620e-01 8.390677296909898608e-01
1.069510508813306870e+01 -8.827012097488492470e-01
-3.413466497810330846e+00 -1.555328016635164801e+01
-6.139398307458804105e+00 -8.529141603093862045e+00
1.341039401993632119e+01 -7.286104529516604700e+00
-1.574295209176044352e+01 -8.042309008799630732e+00
5.897359327561945364e+00 4.296608663094618197e-01
-8.260714948331276730e+00 -7.488975876930289211e+00
-1.708289358712760730e+01 -4.728612767435263819e+00
1.338045125551372649e+01 -1.250252354595226434e+00
-7.851825833562183554e+00 6.630477644404506599e-01
2.192626712847943082e+00 3.896357821744745209e+00
-1.950711598320242857e+01 -7.384007771068259451e+00
-1.371398550700139829e+01 -1.263605586429500782e+01
-2.112465307597907938e+01 8.114322263448556782e-01
-3.831481601873396592e+00 -4.306932990110015957e+00
-1.791268674949830242e+01 -9.105919266267477497e+00
-6.071466443876611052e+00 -9.025187176586820570e+00
-7.537654231389353754e+00 3.328669618850782719e+00
9.953794887886879827e-01 -1.172497197366512722e+01
1.395990349242223516e+01 -1.673926400852411689e+01
4.292867123494748860e+00 -1.618637291848961368e+01
-9.051879647936910800e+00 -8.026715874081298274e-01
-1.336462912525592373e+01 -5.803388695295479849e+00
1.072319157203113882e+01 -7.725546801878954817e+00
-7.291192956270097447e+00 1.418857648891262535e+00
4.572001740338656361e+00 -9.357362806279082790e+00
1.281715852756480878e+01 8.990498327594210082e+00
-1.550565500397547147e+01 2.828324317723505565e+00
-4.645802114432072472e+00 -4.529522952501022215e-01
-1.542119937658242534e+01 -8.409502326127404004e+00
-1.683858866070322202e+00 -4.442606203117827057e+00
-2.421285636654983264e+01 -2.109677474434088484e+00
-2.356640349536149870e+01 1.093930423196812818e+01
-1.821028437663688493e+01 -9.737074214984117404e+00
3.700458249595725668e+00 -1.674229906894453634e+01
1.280253935972668344e+01 -1.579321336234733408e+01
3.863001280401687776e+00 -9.864407198893982098e+00
4.162176403903066202e+00 -1.684793968743910142e+01
-1.959506484783398506e+01 -4.972416536412025856e+00
1.018492338608911929e+01 -9.398939579260961352e+00
1.007242557769506064e+01 -1.597799123697088852e+01
-2.545336180327589659e+01 7.649683384705283196e+00
-5.180586085632516102e+00 -7.245202540759877685e+00
-1.770665864760179531e+01 -3.334740950257628622e+00
-1.359903649032295547e+01 -8.161244245337705649e+00
5.251099928322424226e+00 -1.081189748246112892e+01
1.410351674736403993e+01 -7.119391498829938492e+00
-2.383212380899739102e+01 1.163321376792971762e+01
-1.613882478235568030e+01 -6.204906169886323930e+00
1.170759256111992208e+01 -1.450878320368905250e+01
1.164233775161456563e+01 -6.850035740506466020e+00
5.506001870508674401e+00 4.204632473683502791e-01
-2.018786643448189810e+00 -1.753078172766826315e+00
1.114571248052080676e+01 -1.565712303907430858e+01
1.201270803595037862e+01 -4.081625090223274910e+00
-1.284052210594042087e+01 -4.598756580168587682e+00
-1.277020786668306584e+01 6.902177047733436543e-01
1.242497746325465968e+01 -1.347140268335255797e+01
-7.067539019827301594e+00 1.050465127432416823e+00
5.220482849285835947e+00 -8.778479291617800939e+00
-6.196254081623721710e+00 -1.500815079486606152e+01
-2.429144012199441605e+01 1.179366355914243591e+01
-2.480884523698330923e+01 1.367775048818650774e+01
1.395626287756145700e+01 -2.198111587308836934e-01
5.974684873958629794e+00 -1.381445906293089898e+01
-1.266966272185863751e+01 -4.735674508658188842e+00
-1.567489895280758105e+01 -2.433255214304147707e+00
1.164818566928934729e+01 -6.261845282925960099e+00
-2.042854738184969321e+01 -2.330140773018322342e+00
1.394200755564013861e+01 -2.283557890930838774e-01
6.786289819571325488e+00 -5.921671242734758422e+00
-2.377896510239518335e+01 1.033913815633183297e+01
-2.396059431726004618e+01 7.785509557521494983e+00
6.358089242882709158e+00 -9.255388308550628551e+00
-1.628240092169009667e+00 -1.556644331432851480e+01
1.184875262774943039e+01 -1.483585256304918332e+01
9.102483925816773791e+00 -1.625781371776317386e+01
-2.480228411969847002e+01 1.153693175352741918e+01
-1.518537109674203411e-01 -8.938732396368092026e+00
4.020165226868322783e+00 -1.640261144557612027e+01
-1.284808579264554140e+01 -1.112261957058798600e+01
1.215794851343142824e+01 -1.632664315376968389e+01
-2.003987562588093496e+01 2.600616150818654049e+00
9.974793622419042549e+00 -6.950734210205990138e+00
1.197184169120284025e+01 -5.752174258767410286e+00
-8.391633913252482202e+00 -2.157394237280652494e+00
7.151904439371989497e+00 -4.360464513764902073e+00
1.172023562460316981e+01 -8.400585577729012599e+00
2.127907830999014926e+00 -6.267766190579424190e+00
8.078928521434807219e-01 -8.886363342110000119e+00
-2.081318248471492183e+01 -7.048624905209627478e+00
6.451783940994130440e+00 -1.075284301264491127e+01
-1.554842662468568060e+00 -1.481045839487843629e+01
5.440832108091003150e+00 -1.223470977100534540e+01
-5.497646240764451520e+00 -1.293882451704019765e+01
1.091881757972696221e+01 -1.573186051865112844e+01
-2.540312314029087748e+00 -9.651800767759684874e+00
-7.866945212040098667e+00 -9.465314378635799386e+00
1.281574719119321770e+01 8.994953904255297061e+00
-6.512702544407256156e+00 -8.746379133062321287e+00
-2.120674086150854976e+01 2.448683517543889909e+00
-2.332438350454349418e+01 -2.358227812733155293e+00
-2.465348421088484443e+01 6.425136378938270276e+00
4.805757438196681441e+00 -4.272465658232953878e+00
-1.936418071566419030e+01 1.130807737812920877e+00
-1.022363780297365921e+01 -1.247985552915260143e+00
4.948798667478666147e+00 -1.007738362923860187e+01
-1.469710150889735090e+01 -1.235632463597499964e+01
