-1.377918010498994761e+01 -1.997424508819976197e+01
3.948851752159889261e-01 -2.284562671715581672e+01
5.549710446469878988e+00 4.297493267151125451e+01
-2.270254064414757522e+01 4.278427096121421869e+01
3.169244801824598667e+01 -4.593071092863748817e+00
-7.174177874375183173e+00 3.968914829819508938e+00
-1.141804559364555338e+01 3.086231602641583649e+01
-1.630587979231792417e+01 4.491107175784775052e+01
-2.504016467467797469e+01 3.834138701353308676e+01
2.998791435988059817e+01 1.778595284583182501e+00
-2.061648814534778396e+01 -6.036572425356292015e+00
3.609469600057905581e+01 1.209235994809491510e+00
-2.670713434851165857e+01 9.502963240313560433e+00
-2.156919970381103724e+01 3.552937252374596255e+01
-6.701013359645247469e+00 8.420024377602056020e+00
2.272785622581820597e+00 6.692238547478048361e+00
5.164506398846385338e+01 -1.713611196722754304e+00
7.762903709858187895e+00 -7.925601678318321852e+00
-5.592167709509936913e+00 -1.861595451406646617e+01
-3.025899005782304751e+00 1.163258203093437793e+01
3.649693779210452504e+01 -5.162698408845787235e+00
1.167745230149609270e+01 8.903926078124857924e+00
5.682817096059596906e+01 1.165561121957066781e+01
9.850574848241781467e+01 1.962519754586297793e+01
-1.366061986788447946e+01 4.292875745207288674e+01
-1.353478091560307739e+01 3.487299663718531662e+01
-2.358005808653859248e+01 -1.698430805106856667e+01
-2.383052174758224595e+01 4.087046580209422331e+01
-1.432732316385956572e+01 -3.460400016027101344e+01
3.785063808539225505e+01 -4.368933267568010592e+00
-9.212989381624252516e+00 -1.391010920738117029e+01
1.094539641754523807e+01 -1.895747720641886147e+01
4.432587450293226539e+01 2.637288848650491513e+00
4.139905300839191682e+01 2.640571517421872905e+00
-2.919925149634279293e+01 2.852175409656843641e+01
-1.639989271099540513e+00 4.084722267015332875e+01
3.264868870230407083e+01 -6.671776732875412286e+00
4.172542940662600230e+00 4.612328091952427656e+01
3.700274866484759428e+01 2.712106671934669144e+00
-2.219978827174673874e+00 -2.803100501806413547e+01
-2.554861190186604958e+01 -3.382733950756584562e+01
6.975924809161566031e+01 6.117757242706403531e+00
2.507488676100527414e+01 1.905252637573622820e+01
2.618781414981123490e+01 -2.000714693383601883e+01
-1.755230895660459867e+00 4.271895755137153827e+01
-1.810338119306414129e+01 4.106051040225310800e+01
-2.724344359175026398e+01 -1.030834080075684867e+01
2.593460853924587894e+01 -9.499891634149065567e+00
7.207571466366694324e+01 1.143990431411902042e+00
3.597076329761091529e+01 -8.163570776439419419e+00
7.357473047179030345e+01 7.083499083509768868e-01
-2.308623614582623773e+01 3.225703332500066978e+01
-2.022134140916217859e+01 -3.394612230508481332e+01
5.103345406081297853e+01 -1.081922823749245532e+00
4.799390166051363593e+01 9.215990438463262935e-01
5.391472438246441179e+00 3.833579593365011817e+01
3.819945330641004944e+01 2.404589253993616005e+00
1.759083845501298171e+01 -1.732119522682927482e+01
-6.268601622583088506e+00 -4.133307160895298438e+01
-1.663824868378523902e+01 -1.492572999240868370e+01
-1.582494905189087220e+01 9.930817397885171038e-01
1.087908440087334760e+01 1.490358833288258689e+00
4.275270779492819173e+01 -4.120051939240983785e+00
1.460705822039054524e+01 1.727802693775201703e+01
2.021381670610042480e+00 9.909011061865221848e+00
3.463562745409772248e+01 -6.494766924284280485e+00
2.862594811481707779e+01 -8.974312702749532633e+00
-1.435162745182805466e+01 2.234457591728331494e+01
-2.162597830666348919e+00 -2.386331072142204590e+01
-2.792253832721750939e+01 -2.366102383099672579e+01
-2.178534414192868596e+01 3.746664414885606931e+01
-1.170773541405069373e+01 -2.412763320385975074e+00
1.892090716976226616e+01 8.775604620368280706e+00
-2.496053244085337752e+01 -3.561461160707297324e+01
3.055381854710718059e+01 -3.119381710115931128e+00
2.426699783663228871e+01 7.695607819785209358e+00
-9.308058430274513739e+00 4.281066684619484874e+01
1.434826917022157211e+01 -3.649651283933025070e+01
3.891627053557316174e+01 7.750806216194207288e+00
-1.075926297839196444e+01 -3.036490119890154205e+01
-1.859060408119825780e+01 1.059548943625062378e+01
-1.221681800306736315e-02 3.945705841587346896e+01
-1.869094486607717442e+01 3.816715969652440066e+01
3.168351620483662145e+00 3.799289481221486398e+01
4.762182853501217750e+01 -1.073048683493287925e+01
3.358439343078349282e+01 2.721556407869277106e+00
7.600808651412511274e+00 3.535795049958326075e+01
6.541080502228993510e+00 -1.951856453308597139e+01
-1.531577014644029333e+01 3.904719545193882624e+01
1.095043390321396970e+01 -4.133639085809182490e+00
-2.651877887293345637e+01 3.428342878808913952e+01
-6.470637339969807833e+00 1.197770425412302497e+00
5.703532536093590677e-01 -2.794186413226151089e+01
2.309479588358433144e+00 -2.092162762331972559e+01
-2.561180362195175420e+01 4.317304287698051013e+01
-3.438408443364335199e+01 3.973460412418144472e+01
2.202623987052568566e+01 -2.136403270407914690e+01
-2.133006745816085825e+01 7.082571081695180126e+00
-4.391460596376936643e+00 -2.964469058964982295e+01
1.128853906126717455e+01 5.853466372682247787e+00
1.952876496155556652e+01 -2.463226383757100635e+01
3.264199474162833781e+01 9.637832849167500271e+00
-1.922948715267254727e+01 2.625859084453923487e+01
3.129356041296497537e+01 -6.278724484574050635e+00
2.978662520560683191e+01 -3.739257342330927214e-01
-1.038222990998180784e+01 -7.130772912440241029e+00
5.077794391018374043e+00 -1.089262500980240134e+00
-7.470723568762180022e+00 -4.109061557547624588e+00
4.319294057221389593e+00 -1.076192365262931183e+01
-1.899352514367151556e+01 1.988855992208201684e+01
-4.136607217484970178e+00 -4.795121265107388453e+00
2.105383471382584304e+00 -2.488544301177312690e+01
-1.106402552114699134e+01 -4.471119378285695234e+01
-1.009349441921267498e+01 3.749482193495142468e+01
2.868678760715171805e+00 -3.648804535020234852e+01
-1.346772762982184091e+01 3.743137827703272080e+01
9.094489800399134793e+00 -3.929542244856843070e+01
2.963668432119037277e+01 -9.159723583493784460e+00
-2.222733663009623584e+01 -3.042731581938166485e+01
4.025632777640704063e+01 -6.014614935246388683e+00
-9.923473944136368630e+00 4.630491247400423305e+01
-2.168867590052848371e+01 3.326795430188485625e+01
2.363933959463242751e-01 5.928163729267110327e+00
-3.157791683409490702e+01 -5.083797181243717489e+00
-1.355846963985675835e+00 2.385410581721392731e+01
1.851475993602789671e+01 -1.948630662632428212e+01
4.471720420807161389e+01 -4.701620117384355702e+00
2.036709088598523820e+01 4.498602330284716011e+00
3.454024220895018260e+01 1.040611049815202138e-01
3.366314590954660346e+00 -3.171031939057343862e+01
1.760843418852678610e+01 1.524826860197955902e+01
9.892364389973945293e+00 -2.958805828170502750e+01
6.021593512447738661e+00 -2.611522758915419473e+01
-2.455185857138086347e-01 4.807321344382423689e+01
-2.846635786428302950e+01 -2.156083851762682002e+01
-1.785236325332303409e+01 3.096792175759189192e+01
-1.111578462222108321e+01 3.466791549284351959e+00
-3.347659514977045347e+01 2.397719682829928800e+01
2.931549943974237493e+01 9.318201198328234014e+00
2.466623113241922238e-01 1.289148006306306726e+01
3.232937213930796361e+01 3.151136865429963407e+00
-1.300656930169910908e+01 2.964862655304471772e+01
-4.579452738756402574e+00 -3.592128951517956637e+01
6.423381646689425395e+01 3.513719131164525500e+00
-2.939290179690503990e+01 -1.551014065864674940e+01
1.258501477783456757e+01 4.309479245052265384e+01
4.716105129738470936e+01 3.159179031663537529e+00
-3.223983038313564009e+01 2.517730717019021469e+01
-5.930700285086965451e+00 -3.185614682593929459e+01
-3.478313810210865142e+01 2.685737381021075620e+01
-2.178275079206921205e+00 -5.227963575715569577e-01
4.251553066460000707e+01 -2.262006492884747644e+00
-3.701303427388135248e+01 2.952963570075096555e+01
-1.379766203045461559e+01 -1.579726345543843813e+01
5.734835259240275462e+01 2.428854042056302287e+00
9.576117453890611309e-01 -1.395681268695821942e+01
2.856267262654041517e+01 -1.965879382874421211e+01
-6.018390649713446727e+00 7.659281477796676008e+00
-1.183691924234440762e+01 3.208019312812558610e+01
-1.789064312082648200e+01 -2.301175823604100046e+01
-5.859639635686900938e+00 -3.430644977211120050e+01
-1.040473677901831984e+01 -2.147688856415673797e+01
3.616223259753270014e+01 -3.061701519005404215e+00
3.684485787172130600e+00 1.175683291965722077e+01
-2.222287208964617378e+01 4.593320767701266050e+01
-3.598648118264129891e+01 2.699543689221194498e+01
3.318947504336160392e+01 -1.102990950479309795e+01
1.149622416033223793e+01 -1.696365527530291928e+01
1.534955810208957949e+01 -1.021482663938563640e+01
5.423229732400744574e+00 5.548138187233146112e+00
-2.084637764139475280e+01 -3.633756230122399700e+01
-2.281636963672946550e+01 3.371181073873982825e+01
7.945321508150938739e-01 -3.400133893502373184e+01
1.360452802010722606e-01 -4.193970059200747613e+00
-2.265258254008167071e+01 -3.828527623839054428e+01
-1.260603304259774582e+01 -4.004766393068249641e+01
1.607149081559897663e+00 -7.682370551669938895e-03
-3.560981773862226163e+01 -1.310650989267115207e+01
6.993841296567362420e+00 -1.401975164733814161e+01
-8.500838141637412804e+00 -3.699558586464587506e+01
-1.448943180618832205e+00 -1.167513127209410140e+00
6.449712734430730343e+00 -2.774542787318129911e+01
-5.918497013661844441e+00 2.092913961015456437e+01
4.324964809619512351e+01 9.385431877220343111e+00
2.758102643206998295e+01 1.684593027007450505e+00
-5.808073232824331633e+00 1.176968907743136405e+01
-2.146784679376537497e+01 2.070653237943714586e+01
-1.984881311493362688e+01 4.110522639825196478e+01
-2.855847409642015222e+01 -7.007946668164255932e+00
-3.671539249107546965e+01 3.252874036035149174e+01
-3.905190096186096582e+01 3.081859633919718178e+01
3.230359990359950029e+00 -3.410581126565013932e+01
3.258793233488621865e+01 1.862304331236027721e+01
1.194938604028020457e+01 -2.165692523019844984e+01
5.306229446162794972e+01 3.859801898663751452e+00
-9.985104659912883207e+00 2.925124061286688715e+01
1.353820703459052766e+01 -1.756232845715361890e+01
-3.248751238616117476e+00 4.478310627005796363e+01
-2.513538938302380643e+01 2.240317576618347672e+01
-6.063115445470971920e+00 -1.440148092586011863e+01
-1.693621219511795317e+01 -3.078814926145475184e+01
3.690044530347275042e+01 -1.105806781659118521e+01
-2.302449852698106625e+01 -2.392982535894931573e+01
-3.731402361454376404e+01 -9.914517204510087112e+00
-4.087211715029755332e+00 3.409386309483662814e+01
3.075280159623146048e+00 2.662048339620055515e+01
-1.036826971297933220e+00 -5.820804186688527615e+00
-2.668801398228981547e+00 2.410070341830369145e+01
-2.476098864172597658e+01 -9.040222501863381055e+00
3.646981264836907854e+01 -1.174223739167385183e+01
3.729734383734694347e+01 -1.221757800752444822e+01
1.743159716491801348e+01 -2.218335148955620184e+01
7.616338251376006063e+00 3.600670199396557791e+01
1.518113176841901080e+01 -3.377951594141679692e+01
2.980330927443010935e+01 -1.954188777245888531e+01
3.564468940465035729e+01 -5.167508779412480990e+00
-1.083723153342222822e+01 4.493132179307458784e+00
4.164572994155837926e-01 -2.287631985155013936e+01
2.319212951464750816e+01 5.974688901493411031e+00
-2.656311282145274788e+01 3.992236341477297401e+01
-4.915090755738947159e+00 3.571662741016329079e+01
-6.743626866868116743e+00 3.743487367874493543e+01
7.395767526961782323e+01 3.669357623602527152e+00
-2.577819444733453480e+01 3.204679448290464450e+01
-3.127057336615123262e+01 -2.652470334623884440e+01
3.406278737727690409e+00 1.442538963096130367e+01
-4.070606316539952196e+00 4.575625106821163968e+00
-3.625096322032762330e+00 -9.184654008978833772e+00
-1.775141584348061485e+01 4.392442947110455265e+01
-8.212951237703794760e+00 -4.308958656719942582e+01
-1.865912301331006518e+01 3.463262301077517691e+01
-1.644092378086132555e+01 8.260836352881785416e+00
3.696794964134351602e+01 -2.559751372288002980e+00
-9.590489169457535823e+00 3.513889724274227433e+01
1.593148635494627108e+01 1.002568128651265589e+01
6.071902320982542278e+01 6.989159796510426403e+00
-2.448592192108427668e+01 3.621892838522242641e+01
-2.642038810965471995e+01 -2.068548897686675403e+01
-3.344824440537033894e+01 2.743492493917606367e+01
-1.825285946155494088e+01 -3.158668315596881015e+01
2.600947909751770126e+01 -1.279630567095399130e+00
4.759620939011371377e+01 7.386244693375419779e+00
-1.961171009145148147e+01 -4.350047025494335173e+01
-1.182300857055856014e+01 -2.817739954411664982e+01
1.524922633616286660e+01 -2.222735004079426346e+01
7.996952251019391333e+00 -2.537921700356768895e+01
-2.939258313266946487e+01 3.514878958736505865e+01
6.354886128490325525e+00 -1.321475959500782515e+01
2.596199272115051926e+01 -4.505223739253892745e+00
2.290958624517225672e+01 1.359565153463118214e+01
-2.913994638851042041e+01 3.182160974034491474e+01
-1.874737710498943244e+01 -4.732948033281471290e+00
6.353436920319539993e+00 -5.801392141472708985e+00
-7.454313796730071218e+00 1.043445948324488626e+01
-5.049650262813641710e+00 3.242779237832770178e+01
-4.097786208208409775e+00 6.582480804671101637e+00
-2.621743087863210064e+01 -2.279600808405431422e+01
3.827543437653725533e+01 -1.292231571563275949e+00
-8.611202200462559020e+00 6.686260722871459450e+00
-3.378257976625270942e+01 -2.489751498007660757e+01
-2.449477185580637340e+01 -2.160272611144503330e+01
-1.441355809519390796e+01 1.666332840463884679e+01
-2.686479669302577378e+01 -3.980886654334175745e+01
-5.477396312835990599e+00 4.118514126540514297e+01
-3.310516622128312036e+01 3.674592314827508943e+01
-2.251723500864744665e+01 8.448596813142826178e+00
-2.170628907785321715e+01 -2.207466600231478182e+01
1.329670360584295663e+00 2.955898845729031610e+00
3.851040478268674150e+01 -8.043506207559953936e+00
3.695106338367467202e+01 8.403717827342390478e+00
-1.569596388226633010e+01 -1.662850277103548891e+01
-1.786616310574652289e+01 1.140019254368398183e-01
2.792136140039097114e+01 6.952231109930401054e+00
-3.183509501418750176e+01 1.417624579491993586e+01
-9.859908614661152981e+00 9.936828939881110045e+00
-6.751578112823449773e-01 -2.587238697961526412e+01
-3.079886981008840063e+00 3.590724866743815369e+01
1.476556903765181872e+01 -2.030882274225895756e+01
-3.517635831961746362e+01 -1.697973963773682149e+00
1.236188560979574902e+01 8.824376192245241057e+00
2.270221772078378564e+01 6.775923142458672999e+00
-4.313544292492736076e+00 1.795797349164967827e+01
5.876120460659352673e+00 3.619220908557317262e+00
-5.770857280871492634e+00 -3.391611045792463131e+01
-2.115253102942123764e+00 3.779765726248519542e+01
9.650040922416267541e-01 -2.648005444810258524e+01
6.137129631115241679e+00 5.405670348727467101e-01
-8.262868895916316347e+00 2.243119921812193773e+00
-3.200220493397932842e+01 2.210611791363625045e+01
-1.736029523298331156e+01 -4.312476380100666695e+00
2.059082668980621733e+01 -1.485994279830183018e+01
3.150408723226964014e+01 5.448583429261841360e+00
-1.771355622315425649e+01 -2.343552102059738473e+01
-7.539807867279773035e+00 4.182112537491167359e+01
-1.934778552504315385e+01 9.282673014995681982e+00
4.409974732194113045e+01 5.006692564980131932e-01
7.666292914485737242e+00 -3.149521939350765720e+01
-1.595395203786568850e+01 -3.275880244061207236e+01
-8.180707315449536665e+00 -2.254727340944576142e+01
3.245308856384409069e+01 -1.491909018264481368e+01
-3.727906331243261917e+01 -9.292250375321447819e+00
4.319370613112664614e+01 -2.341739680816711022e+00
-2.531360107426989359e+00 -2.722705837598360645e+01
-3.061391414774182707e+01 -3.143878198877722241e+01
4.012816886378578829e+01 -1.440257450165827890e+01
4.233711276578124938e+01 -5.616932180576376332e+00
2.351599198216635500e+01 -2.422857222287849055e+01
3.370075495475428085e+01 1.153006974416143926e+01
2.082456559975139143e+01 -7.653208717100378422e+00
3.021827273147777859e+01 -2.163607041504847572e+01
-6.291231059089512634e+00 -4.129256083545671174e+01
1.627457931604779873e+01 3.391920927254853169e+00
-2.770803058019206588e+01 -3.411021176033835900e+01
-7.306191008241575524e+00 3.014469269567593201e+01
9.528385390519641618e+00 -7.486157103174711835e+00
-4.366923922698787663e+01 -1.218496984969569219e+01
8.260006431333296817e+00 3.098826948042910367e-01
-9.504622815546152736e+00 1.456181831057318377e+01
5.765364576744479663e+00 -3.853286091732004337e+01
-2.684578239126106070e+01 3.277925157445854865e+01
-2.009590107291448646e+01 -2.763375989640398345e+01
3.747923174284409242e+01 3.834609137569274573e+00
3.414462006377696923e+01 -9.087991362348274649e+00
2.203944154762866603e+01 -2.056526042831325185e+01
1.588807117320815721e+01 -1.641818247686830645e+01
6.809992787873137665e+00 2.078727969646873674e+00
-2.765848647982262776e+01 -1.819231367133269472e+01
2.822322775488783719e+01 -4.652471561488050966e+00
1.226418516879298437e+01 -2.283055642852810152e+01
-1.574643133135077377e+01 -3.660256911323266138e+01
4.445017539680146967e+01 -7.794149800286444219e+00
-2.737020153492048991e+01 -8.916137565085259453e+00
2.496203017860182882e+01 6.617581730385378336e+00
4.135057433693301476e+01 -1.097160297951312202e+01
-1.499104509626998549e+01 2.658571004781825664e+01
1.406588656905961621e+01 -1.479586297232443748e+01
-3.694643407411104086e+00 -3.950178435950915201e+01
1.803718675360374002e+00 3.575313691918911729e+01
-1.524901795060328169e+01 -1.505860550918735008e+01
-2.313462055918785065e+00 -2.513410298512815189e+01
-1.117784949670916106e+01 4.832986273932181120e+01
-3.524356051093963060e+01 3.051014308576238321e+01
-3.112932836393214586e+01 3.629671768735628490e+01
-3.110577090781384157e+01 -4.735674067735062387e+00
-2.273621155305095787e+00 -2.283429207742384293e+01
4.227967174595642064e+01 2.395111787452659513e+01
-3.868326297411209591e+00 3.956766143928145141e+01
-1.201883145529773245e+01 -2.706488946947856533e+01
1.464291971730383146e+01 7.261140623033859320e+00
-1.058797312807839397e+01 -2.466049832509709816e+01
-1.621054564559143785e+01 -3.127093342639606988e+01
-5.100260482350903457e-01 -3.534719862882744223e+01
-3.667265534755612322e+01 -1.743000041361696972e+01
1.380478859199337904e+01 2.165382713345243293e-01
-3.983563608487743579e+01 -5.372104140528416671e+00
-3.344874143250968324e+00 -3.394296377440130641e+01
1.492541694836164945e+00 9.814499607075275023e+00
-2.763670927823209666e+01 3.014995531284300867e+01
-1.955783200571560698e+01 -3.069680329143966446e+01
-3.209464467922369835e+01 -2.983318738016501825e+01
1.952084953668772371e+01 1.591464572676727052e+01
-1.050098100147643265e+01 2.491170829022163469e-01
3.446509080175284367e+01 -1.290972323702220947e+01
-3.308610689814626227e+01 -1.261161311835420662e+01
-1.093315148284456129e+01 2.760909437653998566e+01
2.251509859613556586e+01 -1.496374583400454306e+01
-1.436210725007822120e+01 -3.157775294586869208e+01
-3.094281011230346223e+01 2.650563780379361134e+01
-8.558536707527396814e+00 1.412587360530421066e+01
5.792112852775053966e+01 1.269910269711413875e+01
-2.007971293262697898e+01 1.647570035241432862e+01
1.315765233732792439e+01 2.162334041098341686e+01
-1.934339445461182549e+01 -1.337212083825220610e+01
-1.779776684211766735e+01 -2.662816506212684331e+01
1.903257667330307967e+01 1.922443939140437763e+01
-1.173531286297343001e+01 -2.675802982526811391e+01
1.224093915563810953e+01 -3.216690602257535403e+01
-1.114545461726547160e+01 4.335772696347046207e+01
-1.933000983384080129e+01 -1.552509843693760949e+01
2.815593207615259530e+01 -1.277906402271529451e+01
-1.021122116948948744e+01 2.931694117392767396e+01
-3.016625767764009325e+01 -9.785283404741672575e-01
-9.256615784849641315e+00 -6.620026410844854325e+00
6.190875539946788564e+01 8.523416795058430750e+00
-3.479581159999799667e+01 -2.608798752930443499e+01
-9.002478736535211468e+00 -2.628879819327850953e+01
-1.276496651447166819e+01 8.358771355609247777e+00
-1.283567336782416524e+00 -2.488320666275257054e+00
-1.457935554295429093e+01 3.080068396063965608e+01
-3.016170558888257602e+01 -2.890492020269007867e+01
6.290898469384133662e+00 -2.798264505165319704e+01
1.262255303702013087e+01 3.659653289877561377e+01
-3.086677401401162513e+01 -1.144442033423597493e+01
-6.630339217280830866e+00 -1.457808897478355625e+01
-3.281190340908572978e+01 -8.989146887707933686e+00
-3.392048707907558747e+00 -2.501972294069996749e+01
-1.458668693298873542e+01 -3.531343987066185264e+01
6.034350718970808103e+00 -1.983814049222744202e+01
1.323680306487176139e+01 4.376532763897902356e+01
-3.359923404299256333e+01 2.536077446456566165e+01
8.099922657871790221e+00 -4.303903464103604470e+00
4.809221951336065892e+00 -1.702723168535420228e+01
3.995904091951881298e+01 7.760790646411305893e+00
7.364993889547540107e+01 2.315983278238242793e+00
-3.211537390451704965e+01 3.064826077950318961e+01
-2.962209241745543675e+00 1.962330364550080697e+00
5.318177050743739187e+01 7.105354091783049331e-01
2.208464458399719632e+01 -2.569580321198494133e+01
-1.441513531369528778e+01 1.126611680922080438e+01
-1.551978365916332159e+01 3.705837557750034250e+01
6.696951416086136533e+01 8.009691061265812095e+00
-3.277963559474398636e+01 1.113833122886463300e+01
-3.248394015163265180e+01 3.440816902495762974e+01
1.496445433354263876e+01 -8.498238603344471898e+00
-2.139489460614911920e+01 -2.736735222484650620e+01
4.515344557409655124e+00 3.970968018786871667e+00
-2.307894750837597542e+00 1.398204063039159983e+01
-6.791431954199271814e+00 -2.292442535173201179e+01
-1.176420681949445957e+01 3.499950675780002740e+01
-2.718244465615154315e+00 1.946748498325109722e+01
3.727419164615808000e+01 1.601520052922485116e+00
-2.026027642932040518e+00 -1.969596317125114737e+01
4.207099966482906739e-01 -3.619667830157000310e+01
1.822535700998588482e+01 -1.254943940884066400e+01
1.140348530512658520e+01 1.373762028473080044e+01
-1.611204544268134597e+01 1.295195480764818718e+00
-9.184815165778131174e+00 1.830776473906116530e+00
-2.675835025931985456e+01 4.455904672829353430e+00
3.088972428124420744e-01 -1.699998459810081286e+01
-4.264968345445561937e+01 -1.430602304962901350e+01
4.009947377951485947e+01 -5.285921118747640257e+00
-2.094251085727242057e+01 -1.217801060207830588e+01
-1.598301343165073440e+01 2.726513499040051158e+01
-1.465187530324953791e+01 4.503635850038605071e+01
1.825626998429961745e+01 5.678087069949323329e+00
-2.943916740440016611e+00 3.465171260823468913e+01
-4.029807010065218265e+01 3.369480624283543779e+00
-1.182808174465589168e+01 -1.189973298898789444e+01
-2.651295174931149745e+01 4.044621762749353877e+01
-6.571320669617995769e+00 -2.619622770084170327e+00
-2.218202992624759062e+01 -1.877028593639538911e+01
8.612271388809825678e-01 1.967831191838249083e+01
7.802561980994111579e+00 4.220641646342217967e+01
-1.238929853522966695e+01 1.091030590208775797e+00
-1.050773768482240555e+01 -3.980362599015276714e+01
-1.742552558147558983e+01 -4.347934207253721262e+00
7.186421724951808976e+00 -2.023415257683377888e+01
4.909342168495939990e-02 -2.972748149592563394e+01
1.597703803017054192e+01 -4.509592107735401534e+00
-1.630104238025130314e+01 2.331818255552136421e+01
1.374664056737764462e+01 3.908899120486309897e+01
-2.287432628392256007e+01 -2.644278385395323028e+01
-1.466429425368723294e+01 3.431170518921047119e+01
-3.017770759151441951e+01 2.484083297664461298e+01
-8.303233938226979305e+00 -3.425123335493508847e+01
-1.999379439391902835e+01 -3.908631238892159132e+01
-1.806624146169101053e+01 1.331323415933342247e+01
-6.635492540198025146e+00 -3.573055462144989747e+01
9.805698691712676052e+00 -1.997794015147531610e+01
2.360837731196334133e+01 -6.564697240759366892e+00
-1.141256680357757958e+01 3.874907871984316898e+01
-2.358306946475389410e+01 -3.089018726049904018e+01
-3.092954686385363416e+01 -2.025969439969861696e+01
-4.169589116733291689e+01 -1.339873173518982341e+01
1.991118057286774823e+00 -3.886550274366344127e+01
-6.288452492237579072e+00 -5.956591880689981799e+00
3.279977936439708230e+01 1.844381933791167683e+01
9.603391615399795356e+00 -1.292043150347489622e+01
6.322916597212034873e+01 -1.242548244938750379e+01
-2.505646434599479022e+01 -3.332156305600592816e+01
7.526639466308171045e+00 -8.343419463630553423e+00
3.439241435574115968e+01 -1.626289822321703937e+01
-1.703009072697463466e+01 4.032162201098281429e+01
-4.031485230570352130e+00 4.900998208092861574e+01
1.773248767456949793e+01 -1.369002417477485700e+01
-2.878883317135826303e+01 -2.146119801246622671e+01
2.924459956649641867e+01 1.924862235258201792e+01
2.528089634574149969e+01 -1.299104895903115775e+01
-1.575017807241839307e+01 -2.588817130927128218e+01
6.829882705902240225e+00 -1.695718994269020286e+01
-1.469783919012892426e+01 8.228990953531864605e+00
-2.636643098846155553e+01 2.526470820454721533e+01
-3.698806230350280888e+00 -9.167326311316887910e+00
-7.423049411524480945e+00 -1.658918577128969618e+00
5.354197991443239601e+00 8.296877679870036104e+00
-2.642085639324793789e+01 -1.598270177252972601e+01
-2.470930771765493716e+01 -2.636178138035401020e+01
3.056502491825189338e+01 -1.550336564440132037e+01
5.731524039636565249e+01 2.710594542265149176e+00
2.247264891050383895e+01 1.362286850094744750e+01
-7.317651140123132336e+00 4.400254218663543071e+01
1.377180035297447347e+01 3.934271628605775106e+01
-2.960749917895104488e+01 2.644134913290480071e+01
-3.514713773696311705e+01 2.352981388787727113e+01
2.459767654164451756e+00 3.938977370166976755e+01
-1.120452017958869639e+01 -1.744892513964260772e+01
3.352159672537561619e+01 6.609222549928197132e+00
-2.585208930418545847e+01 3.341998981216369202e+01
-1.354847846746482531e+01 -1.295918400335032494e+01
-1.822224796253759038e+01 2.068633218653109651e+01
-3.837524597597619191e+01 -2.539572995273617551e+01
7.331335489201515010e+00 -3.043531324062593857e+00
3.426201021005224501e+00 -2.555852732149001127e+01
2.196283848064976674e+00 -1.165352616477341741e+01
3.242615655187876200e+01 -7.333718908332331754e-01
-2.283764860866277147e+01 3.689286566947593116e+01
-7.655432886866236686e+00 -3.174114965000285693e+01
-3.945569463597854210e+00 -3.860038029550960204e+01
-2.173571714748347716e+01 9.982244661748034265e-01
4.403764255829931251e+00 -3.739832513410185300e+01
-2.998858130276135014e+01 -2.210510005109591347e+01
-2.603585895565510100e+01 3.166800199191740006e+01
-8.689517031490916921e+00 1.725615996556044252e+01
-2.042383346139907729e+01 3.869660639846345163e+01
3.727252761880505005e+01 5.159889142614536794e+00
-7.252120154452879497e+00 -1.663045594908556302e+00
1.783777430700793643e+00 4.093950494616523628e+01
3.946582915366493527e+00 -1.469553568332173477e+01
-2.433538095881015906e+01 -2.828821023266531043e+01
-2.259537915600957447e+01 3.524882748874644989e+01
-2.578503835068053363e+00 -1.286561233643328173e+01
1.178804790845786776e+01 -1.831262664405676688e+01
3.112255623633548041e+01 -1.022442960637502551e+01
-2.514298320460751412e+01 -2.910740750658568032e+01
-5.651124887829283239e+00 -8.269243164522828593e+00
9.813684538848157501e+00 -2.381040838446363139e+01
-2.317419560305781090e+01 -1.507166655208083128e+01
-9.711845846873144339e+00 -6.817465695362080247e+00
-1.555691303388024060e+01 5.837036543286204804e+00
4.981832664154128310e+01 -8.419937514559519443e+00
7.871181100382108609e-01 -2.561156081723457234e+01
-2.713059005664945289e+01 1.159416425606120704e+01
3.143405678484623422e+01 -1.963866464692799951e+01
3.211863477075874584e+01 7.977962964873611007e+00
-3.780679065370217984e+01 2.640254692423170724e+01
-1.008303282358918551e+01 9.988789878090948093e+00
3.923844500107185951e+01 -2.824727413771367601e+00
4.609180264722208875e+01 1.272990301331233143e+00
1.516282012783303479e+01 -2.486060975958246999e+01
-2.343669932586236015e+01 -7.107031786549034891e+00
-1.322980256426684598e+01 2.618836636000339269e+01
-7.813147188302949964e+00 -2.542231681251603348e+01
-1.768049197119098892e+01 -2.418562962875923006e+01
-4.639707915655952419e+00 -2.150147737179843688e+01
-2.641238544947000477e+01 -3.393497925036619733e+01
-2.937493600265145055e+00 3.367990896830465886e+01
4.390175199639688230e+01 7.188549552346136018e+00
-3.467756685879702161e+01 -2.844486829848317200e+01
-6.607989672103850687e+00 -1.605488187322745475e+01
2.889060100769957984e+01 1.999079109884622696e+01
-3.402958061547116841e+01 2.557266750902726571e+01
1.729969328729038835e+01 3.594734357646046874e+00
-7.912157973541193101e+00 3.031541494871630960e+01
2.022911452035825519e+01 -7.215931323871850545e+00
-9.769109128987780721e+00 5.803288204180270249e+00
-3.101238116365583508e+01 -2.396738378948839454e+01
3.016411023622081089e+01 3.889457132935953521e+00
3.626056677201820566e+00 -2.697705520444598903e+01
-1.058328630234966639e+01 -1.039615508091558915e+01
-5.946531307815173584e+00 -1.169227335676476542e+01
-8.668352481701957046e+00 -1.861791285528467554e+01
-2.675238485311029990e+01 3.033973322720383692e+01
-2.096194663729763263e+01 -1.939347066113275631e+01
2.961499889231527760e+01 -2.289779496826121985e+01
1.098586976954094219e+01 4.057028562303171526e+01
1.452908943769997663e+01 -2.890266250763277966e+01
5.383739198021707750e+01 2.396297053103789043e+00
-4.719478229163600602e+00 -3.473261187517782678e-01
3.701295551809488771e+00 -2.901065325467856582e+01
-2.450571625038821111e+01 6.770175510351273296e+00
2.388287115354231460e+01 1.312562966738503700e+00
-7.260507954784589657e+00 3.518008605869300709e+01
-2.142593532256377742e+01 -2.013136128639130717e+01
-1.364075373291254856e+01 -2.766283036851308808e+01
3.751578053640938037e+01 -1.627419369482972300e+01
-9.665086873043520654e+00 -3.780112112081521047e+01
8.428768260688102032e+00 3.910391716985286337e+01
2.336563113698969296e+00 2.711572338382335445e+01
-4.408613642258201182e+00 -1.095364239275470775e+00
1.205324039051612672e+01 -9.573644253771014689e+00
-1.647279002428559025e+01 3.576900130085766705e+01
-2.060860834047799184e+00 -5.542741312252703167e+00
-9.773469954830723561e-01 -3.917553037629568990e+01
5.886525402257332473e+01 1.034345362735646745e+01
-3.545458202160306715e+00 2.725627446592422132e+01
5.654012351442833761e+01 3.915116910720906507e+00
-1.653070065069313799e+01 -1.281697290535462308e+01
1.960212687195607373e+01 -3.221418905544073397e+01
2.614549299494122181e+01 1.349176975456505190e+01
3.167697728188451478e+01 -2.280220432201990022e+01
3.672234850347292578e+00 -1.847540781906573670e+01
-2.950338682708017046e+01 3.004593163592475236e+01
1.710866138389375379e+01 2.345729110783021376e+00
1.348435772260858911e+01 -3.590266462784206247e+00
-3.062511989810341717e+01 3.125957769654587182e+01
-1.500351559389571854e+01 -1.404396228411391867e+01
2.745602716628243911e+01 -2.370880165820112140e+01
3.916018250186075988e+01 -1.193410808270757428e+01
-1.029676240001056442e+01 -3.850329962277068319e+01
-3.032790199785278062e+01 -9.642428052593317034e+00
4.064281173644447165e+01 1.762495407601032182e+00
-5.498382559911184408e+00 -4.306591023621498593e+00
-8.279906054366865220e+00 -2.282522027484863614e+01
5.707282630678353286e+01 7.444616811926445976e+00
6.731866741258833109e+00 3.684796442683991557e+01
5.876347816842661942e-01 3.363968448064415639e+01
1.936409147715780321e+01 6.674355406802126467e+00
3.155140986953657389e+01 -9.318072862831190406e+00
-2.687885869301769048e+01 -3.985427139741928215e+01
-3.319348587324325806e+00 1.222790246889555288e+00
-3.155768015265412885e+01 3.279714830088871480e+01
-1.791676922998422583e+01 -4.142047147440901966e+01
2.745477294329513995e+01 -2.588486523234826198e+00
-2.490222033474673680e+01 -1.419486622506430606e+01
2.226686160949768478e+01 -1.169918046504331954e+01
-3.085324868626599581e+01 -1.701719098919832263e+01
-1.004088996328831662e+01 -1.010446835314901826e+01
3.469011537157705050e+01 5.122987942264886740e+00
-1.450860136372831377e+01 -4.770380673136367378e+00
-3.505416874260944127e+01 2.592361703044403143e+01
2.439003260522247629e+01 -9.692894789809361811e+00
-2.027244128199323825e+01 -2.465252776934529422e+01
3.925613576514709990e+01 1.474178143787802853e+01
4.627360849507861085e-01 -4.320978616139944961e+01
-1.264832703460049856e+01 -4.266901066938184606e+00
-4.053901370174509111e+01 5.132763007628565965e+00
-3.891613220320816247e+00 8.094195438998822212e+00
-3.067912412439183356e+01 4.209237589288131964e+00
-4.182443303152332703e+01 1.362828474138511936e+01
-2.439098161571839540e+01 -1.176092347031590890e+01
-3.679609030050282570e+01 -9.098292720704767689e+00
1.901642554389185946e+01 3.764637381475319788e+00
2.895708322729737105e+01 9.540278239588507958e+00
-2.107514158719172315e+01 -1.708728134061923365e+00
-5.275270750512396356e-01 3.751868293001277976e+01
-1.443439151552895083e+01 3.520930620924836063e+01
5.001218399649118140e+01 1.606601816685535589e-01
-2.234070385904202283e+01 -1.349153627955756463e+01
-2.892643040042969815e+01 -1.821518348753716543e+00
-6.246502139103699003e-01 3.926257248354804830e+01
9.569083414770288343e+00 -8.538702444576776074e+00
5.660033436459366385e+01 -6.700495365183789520e-01
-1.116832181782724831e+01 -3.453099135465525649e+01
2.416439308331841218e+01 -2.366002685342618506e+01
-1.770383845549432067e+01 -5.520310320306357627e-02
1.731173894542955694e+01 7.188717799549817933e+00
4.116801678074495818e+00 -2.246758831520350697e+01
-4.000594733082433407e+01 -2.035704699559347475e+01
6.689199017701354499e+00 -4.971071710452539705e+00
2.829524300011015470e+01 -2.726478635865720079e+01
-1.426881897740028826e+01 -1.919445458206514843e+01
-1.174558298385139743e+01 3.678123052143833860e+01
4.014672632154318421e+01 5.230253707056113477e+00
6.958293588290806042e+01 5.992859563167781012e+00
1.861071312338393113e+01 -2.687630449409801159e+01
2.625309903520508925e+01 -1.265965437681639161e+00
-1.106101519715986292e+01 2.473271803959772086e+01
-7.386495017596480750e+00 5.146821696880008901e+00
-1.719530664472296166e+01 -3.480355057404592856e+01
3.470079777180224312e+01 8.586889870743535269e+00
1.969101600021626375e+00 -8.196016643718294858e+00
-1.466020928585709981e+01 4.245321879284417577e+01
-2.154485040736504331e+01 4.068757019092003446e+01
1.115422689674753620e+01 -3.205058540230358233e+01
-1.328742922650128655e+01 3.939981250699487703e+01
-9.158733615563095398e+00 -2.816556999489332469e+01
-1.657121176483618896e+01 3.340822125586497293e+01
4.110064791037661536e+01 -7.839478017086150885e+00
-4.480212595805575404e+00 -2.188285268306583653e+00
4.681022224230733286e+01 -1.014500482248988966e+01
-4.048667367045699450e+01 4.807977100635940637e+00
-4.159138003591589694e+00 3.152340983882005787e+01
2.622646295324260990e+01 1.091719737185528594e+01
4.651166886463004602e+01 -1.040687660275412085e+01
-2.375542994459713952e+01 -1.121707905855368992e+01
1.298544635131684366e+01 -2.913289794085500262e+01
2.013715784621243898e+01 6.079365283676760434e+00
-9.216311323448114212e-01 2.533141992577946056e+01
-2.268977816589873342e+01 2.600104168315896302e+01
5.398518542550457155e+00 -6.415703005842650519e+00
-2.060147315706567284e+01 2.763304303775804627e+01
6.567831486846611710e+01 2.365579870405101648e+00
-1.546174457164883442e+01 4.324948288349720116e+01
-6.342298469246554049e+00 1.662710184722386231e+01
-1.929816093099798380e+01 -2.039918702981652032e+01
-4.373211552887590159e+01 -5.936054776058073301e+00
-2.664640525361848233e+01 2.856912780656899287e+01
-9.219837051910525716e+00 -3.307880295118255276e+01
-3.287405842149824764e+01 2.777110489902984369e+01
1.475933312686352572e+01 -2.021558862374785548e+01
2.959603168470097856e+01 4.771033783694173636e+00
9.302808124303832926e+01 3.424377999667463257e+01
-1.174473810458973944e+01 4.071536435675878352e+01
-2.451164653824970685e+01 3.085290834651827296e+01
-2.641459087651451210e+00 -6.726083301172304019e+00
1.805720391793452606e+01 2.095808170141417737e+00
1.293153915778808738e+01 -2.417376039475040983e+01
-3.739084586652434705e+00 2.999623494446346683e+01
4.637262874910390309e+01 -1.527914961790913040e+01
-1.571738821995288582e+01 5.681320711232400456e+00
1.143901971291042763e+01 -1.045966642532056312e+01
-1.808329338809170039e+01 -1.662756895059146345e+01
-3.539102580230220951e+01 -2.323209100807976313e+01
3.409272171147460995e+01 -3.582080917225308525e+00
1.816516871840609326e+01 -2.413290868443556647e+01
1.127657389997557225e+01 -6.702079648100052189e+00
1.272787553198485000e+01 -1.297313861314247951e+01
-2.035792886020867343e+01 -2.625815985821482812e+01
-9.287452092366478951e+00 -4.137831738090853406e+01
2.786157936893004727e+00 -1.871488771174869825e+01
3.995016500721595065e+01 -4.155857552951086054e-01
-1.661432251694132844e+01 -4.185957767170810939e+01
-8.808818085183338198e+00 1.688685395686606938e+01
1.113593893591281914e+00 -6.321610073890481019e+00
-1.904141642323333272e+01 4.362133330967659361e+01
-1.800794902788632967e+01 3.983535117152165839e+01
-3.089045079221184409e+01 3.835484865225889450e+01
6.468477285567440838e+00 1.768389378125116451e+01
3.695620211419333145e+01 7.668285913081948735e+00
-2.717892878750952090e-01 -1.040976538597926115e+01
-5.136730458246765885e+00 1.517243542643073440e+01
-3.202201083380369795e+01 2.859349764116617365e+01
-2.843078426052928265e+01 -1.350963898101758254e+01
-2.594720613882699922e+01 -6.183095129652374844e+00
-1.506951830541510162e+01 -2.358251320027748221e+01
-3.346726103616399683e+01 -1.649295401495110980e+01
-1.616617753825499904e+01 3.034410381351079167e+01
-1.322223082781209591e+01 1.306549565271347468e+01
-3.208673381255588453e+01 -3.186316755040448001e+01
7.148198504007143583e+01 1.096255806466269744e+00
5.170026181930894360e+00 2.008202602306517903e+01
4.393708421904362638e+01 -7.375684094984859662e+00
1.106104354503601606e+01 -1.797103197155020382e+01
2.960607118422513651e+01 2.314955524775075713e+00
-1.683119497034017087e+01 -3.665508252170291748e+00
3.114858961725985864e+00 3.712610068644085715e+01
9.848853335077723870e+00 -1.662901401056633333e+01
-1.388606675887129072e+01 3.614497130605310815e+01
2.980806575722738572e+01 -2.040684734824592894e+01
4.908065788539021668e+01 -4.604408302145369447e+00
-2.274386929049695638e+01 -4.086548390961580424e+01
3.184769575815370857e+01 -1.953791790311709775e+01
-1.807550391978878679e+01 2.433111592418091718e+01
3.134614451529560952e+01 -2.130198444166622629e+00
-1.571246198079855105e+01 -3.628954366691780109e+01
-5.167379916578316745e+00 3.026067296674375129e+00
-3.308619609642732229e+01 1.451924305044791019e+01
1.765637102768957689e+01 9.515897470511227141e+00
2.697909954907620644e+01 -2.096655165429493195e+01
-7.593871371925845715e+00 2.781181431672243676e+01
-2.953754818950092798e+01 9.236034057003678299e+00
-3.502860288370122532e+01 2.796589215506842763e+01
3.404263358718270638e+01 4.556062092116419215e+00
-1.100849182055245912e+01 3.323859503818630401e+01
-2.315733207407488337e+01 2.829396530839653678e+01
3.829689260429222486e+01 -4.079517867878524662e+00
-2.083482771215584251e+01 -4.645597302181889177e+01
1.794874906275806836e+01 8.468172834484120060e+00
-2.182611863411658604e+01 -2.539234182237697368e+01
-1.423155353260774625e+01 2.757886231691045609e+01
-2.661177888329472907e+01 -2.731308766929707232e+01
-2.254927700505831822e+01 -2.457938903645755246e+01
-4.436297373346798523e+00 -2.997556815535110175e+01
-1.012289490995391539e+01 -3.638055242891006458e+01
-1.000437004044831468e+01 3.779410731641168297e+01
-1.279090541842433559e+01 -3.371979532933996637e+01
-1.271624613712161356e+01 -2.231267259871449227e+01
-2.213964429062143680e+01 3.640204916296844573e+01
1.709828470709105730e+01 -2.423379058795877583e+01
2.887174512034442309e+00 -4.468233488529364195e+00
-1.425707294906578548e+00 4.033557002693752835e+00
-1.588165905419555601e+00 3.507683712918156971e+01
-2.462702701124335292e+01 3.328583933779649584e+01
-1.279404317899246557e+01 1.338260257161596556e+01
-7.232960674365342513e+00 4.518870869810524132e-02
-2.904403085114276806e+00 9.578344997679488770e+00
-9.307611451884959308e+00 -3.185741134167992072e+01
2.443297901758659307e+01 -2.699450667519129254e+01
-2.805210191915121598e+01 2.458155765963584471e+01
-1.395807720556575937e+01 2.441633511824054636e+01
-5.365311998987156272e+00 -1.907514195459026141e+01
-2.567079229631057835e+00 3.003842509931951454e+01
-1.266836638866418241e+01 3.322530419452362338e+01
6.074241034955108809e+00 -2.135430738004328077e+01
9.352969458500153621e+01 3.429213737787634386e+01
-2.797095252916858499e+01 -2.000578662121046136e+01
1.561601353426427430e+01 3.984711598560378487e+00
2.835188834958437809e+01 -8.903562543413901409e+00
2.697140957169828379e+00 -7.883614622521813331e+00
-1.856420895367702428e+01 -1.380603973123579920e+01
-2.555264991036400701e+01 -3.805460541816160891e+00
-2.371502265143582699e-01 4.025536145272791799e+01
6.384973453116646169e+01 4.787872515696072639e+00
-2.425357901265381955e+01 1.095157490129013311e+01
-2.230364060611526611e+01 -4.672015253099068843e+00
6.207379847697714581e+01 2.612860264556767564e+00
3.336828797721224049e+01 -1.237119927969796507e+01
-8.843188674373193559e-01 6.294431549118683300e+00
1.041767754959858294e+01 1.758522450573622464e+01
-2.378516760341265357e+00 -2.960246005693986149e+01
-2.474174502258119901e+01 2.825329604745628842e+01
-5.698336271321347013e+00 -2.576639812373135996e+01
4.176651388904440765e+00 9.224213786748910460e-01
1.415212443590182723e+01 -2.895715653675296508e+01
8.057556182135769518e+00 1.369794896583992738e+01
-7.783261947111738799e+00 -2.240348631504048882e+01
-2.001422621276991620e+01 -2.239246849633319059e+01
2.228562983724463820e+01 7.838267858044581260e+00
3.254220751892757590e+01 1.495096100048460608e+00
-5.852505794692361540e+00 -1.076398941419607569e+00
-1.095507215280243329e+01 -4.231870384556338394e+01
1.765516783556957181e+00 1.397057065144427668e+01
-9.044666077775524116e+00 2.153554689489795493e+01
-1.879683903437350478e+00 -1.960934454993115139e+01
-3.376702579466491727e+01 5.367174344579034084e+00
-1.781229060405064857e+01 -7.075077703173090704e+00
-4.760855214635525634e+00 4.485178604604519670e+00
1.495478238053942643e+00 1.628307211578481883e+01
-5.766492122736554649e+00 2.680015946738843624e+01
-2.457341178313355101e+01 2.171437582349232898e+01
2.331181065450764578e+01 -4.038636175971055842e+00
-9.647137823276947799e+00 2.672294929948706610e+01
-2.063860987193847762e+01 -1.538134043313629284e+01
1.880571581479300702e+00 8.961857288275883349e+00
5.422687708777721127e+01 -1.374927440835228509e+01
-2.398145647812959069e+01 2.983467890559667879e+01
3.060541421740144763e+00 3.270434900068330819e+01
6.502225986700966587e+01 4.496039948030173150e+00
2.063257618841400998e+01 -8.204293706792212149e+00
6.912695504489141385e+00 -2.989634754714077758e+01
-6.734923006915037647e+00 -2.864742459451740331e+01
-1.174993099863274892e+01 1.792932913687025831e+01
-3.671575299277932025e+00 4.061696656948603845e+01
7.672100388212871991e+00 3.736954664272888493e+01
-2.349877649529155565e+00 -3.690406837674446194e+01
-2.881774923682921852e+01 2.669463748291786231e+01
7.864711135293238620e+00 1.357792261151908875e+01
-1.681883691760241462e+01 1.348402509386050419e+01
-3.212205376127420209e+01 -3.189829260848895132e+01
2.743544666737548710e+01 -1.093758738048589407e+01
-1.461351494024835240e+01 -1.746547033016848971e+01
4.484932135438619838e+01 1.108900617421813273e+01
-1.668264461374417351e+01 3.831687132541739516e+01
2.312958410602092485e+01 -1.540202593317172797e+00
4.620641380409684640e-02 -1.232561167433196481e+01
7.158949140125322463e-01 9.854990846758191481e+00
-1.732982561741365757e+01 4.618637037222983110e+01
-2.406550949199683131e+01 3.438455100894147876e+01
1.788051499405425204e+01 1.173380283360741405e+00
1.112790518803869055e+01 3.681830973985051436e+00
-1.617511792353440114e+01 2.519149636898715272e+01
1.852827681878492427e+01 -2.194534581557040909e+01
1.318465461773778280e+01 -5.535670156280351861e+00
8.597103337412022483e+00 -1.078023187277830885e+01
-6.569073692313459389e+00 -2.998889369645261738e+01
7.333174456543773090e+01 2.636014400137172586e+00
-1.797211862156373385e+01 -1.937701055874555323e+01
-2.936277586871792522e+01 -2.324794084580505782e+01
-1.324012449977490213e+01 3.236298437063607025e+01
-7.789468877973811933e-01 1.447447483174049143e+00
6.166765803158195069e+01 1.161022215148709336e+01
-1.837153121550411683e+01 4.468098538910627582e+01
-1.582301185389442288e+01 2.002629578659017540e+01
6.015998528638654363e+00 -8.493347974179261684e+00
-9.901997593751126203e+00 5.066876543063846583e+01
-4.554859356405103199e+00 -3.630058711860890241e+01
-6.146990025644368139e+00 3.303059949933963679e+01
4.612175230468888110e+00 1.198227806499868464e+01
-2.909723522016794206e+01 -2.576254241803472311e+01
-1.178293493308350826e+01 -3.157911075617873209e+01
-2.005627955292715825e+01 3.435117338566794842e+01
-1.735628048965656944e+01 3.185784164465732360e+01
3.445128570281104086e-01 -1.703747112961977805e+01
1.426765204641656304e+01 -9.575053589645367680e+00
2.469654574765230759e+00 -1.544074647846924719e+01
4.324568677055436439e+01 1.637508204321881156e+00
6.227950954853525900e+01 9.461218633077800533e+00
1.309853746226014692e+01 7.695623422674793268e+00
7.272283225741865920e+00 -2.368010418296707797e+01
-1.755974058234973967e+01 2.593177726151746132e+00
-5.111260993876909353e+00 3.255721311857896438e+01
-4.023683211576367214e+00 7.120699022005761769e+00
-1.322169604323809544e+01 3.952590925880652151e+01
7.876811045689647628e+00 4.412315424913680317e+01
-9.183346882230825514e+00 -2.735918263566326303e+01
-1.662397070567371671e+01 3.439368953661780637e+01
-3.441800185825665181e+01 2.876399386685891457e+01
-7.906899835262631626e+00 4.975318954427265794e+01
-1.925710319814028404e+00 -1.669598861167454373e+01
-2.353929396784053196e+01 5.831353372381371081e+00
-2.438248937977790831e+01 3.236065205411710366e+01
-2.274799005901416393e+01 -1.729592997231410223e+01
-2.268643112152706109e+01 3.136761585815035858e+01
-1.317165664778915612e+01 2.839189395907812496e+01
4.764414017777618859e+00 -2.988928840364516226e+00
-1.388955518776820597e+01 3.505452408279326360e+00
-6.815352392183083197e+00 4.279151284871871574e+00
2.604314014099564201e+00 -2.241902495762238434e+00
-1.716906406019067077e+01 -9.314934665349884568e+00
4.121934365482059803e+01 -1.119172839474855685e+01
2.497702495042410931e+01 -2.122965915938622317e+01
-3.162591669939588623e+00 4.481405246060752035e+01
-3.917691070824687927e+00 7.254642087961179486e-01
-8.975884930246866844e+00 -3.046873506628658390e+01
-9.649358995118022975e+00 1.734907499600129022e+00
-2.660089226946131813e+00 -1.860106641265971916e+00
5.185613837486808819e+00 3.285573149886768629e+00
5.738588636617868133e+01 3.232836556310339393e+00
-3.159147657451838498e+01 -2.114443329144443950e+01
8.253109231368290111e+00 1.397935615708096435e+01
9.853072976550768303e+00 -3.474571247696780318e+01
5.836075695888752080e+01 1.059707949042450181e+01
2.656802142245159004e+01 -1.049874769909775551e+01
3.348416727427832029e+00 2.028396200632661905e+00
-2.533365692743351616e+01 -1.831486329054781237e+01
-1.813032478844123929e+01 2.840346428535046996e+01
-2.875035884330068825e+01 4.105547554303605295e+01
4.155976309436096017e+01 2.255801476785271875e-01
-2.323585010739944323e+01 3.923002113852338368e+01
3.559047945242885813e+00 3.465756024335178864e+01
6.240195577139582639e+01 5.903188048216298611e+00
-1.384187436728478637e+01 -1.012895011595698769e+01
-7.573459282373637080e+00 3.904233200657997571e+01
-3.778937425165942443e+00 -1.623839656941133569e+01
-1.734023445259280649e+01 -1.199164424781293370e+01
3.896607326821228412e+01 6.322927022187172952e+00
6.628360860658354170e+01 -8.014373741908347171e+00
-3.757975257600794539e+00 3.837121471504791970e+01
-1.064500772757187574e-01 -4.285431612208530083e+01
3.213826887873067051e+01 -1.325108285492577309e+01
-1.958285751376699579e+01 3.603569963527173314e+01
-2.990217679544997154e+01 -2.095101442929505708e+01
-2.923989660865306917e+01 3.977953887217361739e+01
3.586333075939518977e+01 -1.379782899680872177e+01
-1.874192407529957549e+01 1.019466686863161975e+01
-2.709978055804173280e+00 -1.128027829267528759e+01
3.343142146490892230e+01 -2.003613029957387326e+00
4.480001118576342378e+01 5.359166644324421469e+00
-2.249823380753491620e+01 7.035073093530674893e-01
-2.870933146725570495e+01 -1.739286288358917076e+01
-1.753263892571311544e+01 -3.721678004604881096e+01
3.402141489510484007e+01 -1.926188930333425198e+00
3.759642080323891467e+00 1.950254005442158434e+00
-1.468420387295351404e+01 9.001696245639836391e+00
1.805059327126149782e+01 -2.457360581907496844e+00
6.372939102635244879e+00 -3.633552457066923580e+01
-1.785625765702740608e+01 3.546932220751133258e+01
1.201278939199649232e+00 -4.082075304036023056e+01
-6.137535394905643926e+00 1.311429853972299497e+01
-1.641980241298247734e+01 3.640755485988341178e+01
-2.718092922873339035e+01 3.753586046387500375e+01
-1.449619245080635643e+01 4.762629942132291916e+01
2.438083735639779093e+01 -2.807116463869504841e+01
4.662441283004849879e+01 2.646155237825638107e+00
1.560826714171210483e+01 -9.676408003641242539e-01
-9.412909909314121748e+00 -2.672688292061475845e+00
-2.712990279200552379e+01 2.570205333920513979e+01
1.989690015262875988e+01 1.608397504684670309e+01
-1.512206998078525544e+01 4.109240597745303347e+01
8.762489621531138084e+00 5.504502270433606625e+00
-9.463571715934563144e+00 4.042707474882976015e+01
-7.917561309008685377e+00 -2.352363348317160074e+01
-2.632634564361091378e+01 4.607441052625884659e-01
-1.125436729260589708e+01 2.902909100840322054e+01
4.453983117846447470e+01 -2.199245893318919176e+00
3.032185145902219858e+01 -1.285598658602275712e+01
-3.464656351127134570e+01 3.040439643405980874e+01
-7.978464266707605113e+00 -3.221206263381901636e+01
-1.354302144024003773e+01 5.807657410575504109e+00
-1.620891891546881292e+00 5.238670038241932048e+01
1.408107494664516013e+00 3.739642029197888462e+01
6.002223587314374242e+01 5.371305976596894460e+00
-1.090467037464321010e+01 -1.774004036841906284e+01
-3.795545504146023319e+01 -3.849213791580580413e+00
2.401070254061781384e+01 1.006494019276044227e+01
-2.597626009503584754e+01 3.610884483344375440e+01
-3.751318152540590489e+01 2.450756021699823606e+01
6.664820556199448731e+01 -6.769144848055532293e+00
-1.178715142992580667e+01 8.663966397444959000e+00
6.711636069466710808e+01 -5.836274394540222232e+00
5.943341810392896107e+00 4.222141508507920094e+01
-1.469893091147875630e+01 -3.971115119302726981e+01
-7.209967004995116113e+00 -8.416064516359330838e+00
3.264781735458009848e+01 1.358434027756062257e+01
-1.485857798529645812e+01 -2.750618132069815402e+01
-3.084962955777341875e+01 4.080105864784562186e+01
-9.683007066776360361e+00 3.408140378960028727e+01
-2.875849158915663395e+01 1.503413919916174457e+01
-1.632755101765126682e+01 -4.631322630614031510e+01
2.521331710192944797e+01 -1.646070692762840793e+01
-1.571659603052451537e+01 4.171277338568165050e+01
1.243207862403140496e+01 -3.224474475354728753e+01
9.363119148420299354e+00 9.433131336156918678e+00
-2.154650053131930321e+01 2.985433126978207596e+01
4.353279342459101287e+01 4.755537752749846803e+00
1.705694076577177398e+01 1.764183511860750997e+01
5.111519407774729018e+01 8.975849829112663159e+00
2.593901953403675620e+01 -5.877704817793091285e-01
7.151598383651367463e+00 -4.244004336980985670e+00
5.652868906264158966e+01 7.848974736362235305e-01
-1.030501375245303031e+01 -3.267171709137770108e+01
1.629801423123714699e+01 -2.600912083342054615e+01
-1.338930463847908570e+01 -3.005670034454510642e+01
1.017073702410262115e+01 2.165410935814374227e+01
3.420799701515288227e+00 -3.171637842376404137e+01
2.297667618133586132e+01 -1.199015645544470843e+01
3.684022647849586463e+01 9.304796672556669535e+00
-1.449081485000998271e+01 -9.311138453774725932e+00
5.536827733579258393e+00 -3.299640134022398996e+01
1.424897328009626740e+01 5.340680662611453577e+00
8.609147282736788043e+01 2.222961717792329850e+01
-3.537433339124441911e+00 -1.950945450723426122e-01
1.261582450486052842e+01 -4.779281193537698313e-01
-2.882370690023153514e+01 -1.403802042720998777e+01
3.432667648652407877e+01 -1.622625601321701794e+01
-1.320373180044660799e+01 8.920392428161674658e+00
-2.863957161772349025e+01 -2.730788356217471602e+01
3.908745384220802421e+00 -4.190309654666741324e+01
3.395879720926006939e+01 -5.681846186923324993e+00
-1.908507930508383105e-02 -2.968408080844466213e+01
-1.792458710658435095e+01 -2.170945598733749904e+01
-1.268483648712618361e+01 5.417069680679474253e+00
2.784658143005792752e+01 4.261038408652096265e+00
2.406277337849862619e+01 -2.544630410725525849e+01
2.222556968249865594e+00 4.427087022033681052e+01
-1.576400990073966035e+01 -1.113209254640307400e+01
1.215710551358239222e+01 5.791210345587049169e+00
1.770472575626577338e+01 -5.812712090777498730e+00
-2.950344703516135780e+01 -3.808564563011891835e+01
-1.381050464651600684e+01 -2.517720492996085113e+01
5.179484406816346365e+01 9.416682453810500952e-01
5.701825955053162431e+01 1.175098900050147144e+01
-1.417082470288615070e+01 -3.663166177696568582e+01
3.611620967712472918e+01 -1.349930199233430494e+00
-1.939333683400916442e-02 -3.251330520298587601e+01
-2.112806916186676887e+01 -1.774565803290071031e+01
-1.691642603069798412e+01 -1.835953876841012544e+01
2.073706113051893851e+01 1.071420237369489925e+01
3.088641265065466612e+01 3.888715879559397237e+00
3.460237389576003864e+01 -1.973840229779088062e+01
-2.359931262561572751e+01 6.239989544030597912e+00
-4.595203238526297085e+00 -2.740081680424335531e+01
-1.111680215106883729e+01 -1.529211655431465822e+01
-1.265559630514209211e+01 -7.977114901558603144e+00
-5.595319586452988325e+00 5.342978291031267091e+00
4.185824416142489213e+01 -2.864516086578518639e+00
-1.331157680604094296e+01 -4.284985498702925355e+01
-3.257762810155325184e+01 -2.083703774564006750e+01
-1.698184981759910528e+01 -1.993133751411308552e+01
1.696342072785838795e+01 1.030091638290725475e-01
-3.190660144657844199e+01 2.870417148768843418e+01
-3.802201778190241299e+01 -4.201741677521235374e+01
-1.953162031783032759e+01 3.045278706723177820e+01
-2.597112412206778842e+01 2.210849693296434992e+01
-2.016179344028267550e+01 3.231932051985983634e+01
1.937130316161042742e+01 -1.739344632577191874e+01
-7.206820851963321672e+00 3.786807469200987697e+01
1.332013230310896024e+00 -1.465326430789599899e+00
-1.560012023843665574e+01 -1.586903745436389990e+01
7.724733923339560882e+00 -3.369819439454657584e+01
3.829821771458495050e+01 -7.206824861361030621e+00
1.867932477631617161e+01 -1.440988358609031650e+01
-3.400348336329701482e+01 3.187316202062314829e+01
-3.320943346979851896e+01 2.060336907879858348e+00
-1.886041491009723681e-01 -8.127793777387037011e+00
1.393336944252567200e+01 -8.545078768918102696e+00
9.776761739021875286e+00 -2.235500326241948699e+01
1.400867927863736151e+00 -8.133196364150089286e-01
-3.623514860233290946e+00 -2.562029193783728953e+00
-2.037495025889305111e+01 2.327348911767937167e+01
4.068736321919840293e+01 -7.895192632704100433e+00
-9.188690492689465472e+00 -9.815920052159534670e-01
2.122772874690308598e+01 5.861501204740423354e+00
-1.234577662819373778e+01 2.185236162007737093e+01
-4.553268842844729214e+00 -3.298307020743713025e+01
-1.969905921389295766e+00 -3.292312274090023294e+01
-8.799233766065119866e+00 1.222294465652143103e+01
-1.620476621649675764e+01 1.724495654987095961e+01
-2.479840605603910575e+01 3.702859597526311575e+01
1.217123371206484173e+01 1.937856981775428977e+00
-2.061833732641988703e+01 3.096341100496740495e+01
-1.525734165551774213e+00 -3.596137865299233738e+01
-2.228004498072325745e+01 5.356730993507906824e+00
-2.145615048175994133e+01 4.563142291255675786e+01
-2.249355291500773291e+01 1.280216399907099500e+01
5.105192664119628887e+01 3.372009432557199760e-01
-3.361005407637833287e+01 -2.442496523050381896e+01
2.539070158967228608e+01 6.427184737605498910e+00
-1.568750141103906515e+01 -3.005815469462430656e+01
-3.541449604921973560e+01 -2.127089989012040050e+01
-3.089490469751719104e+01 -3.880560252695993695e-01
-2.761617778595120498e+01 -3.081895181236853176e+01
2.279055920135119351e+01 1.412530857629514358e+01
1.901045411781010941e+01 -3.684305642963489902e+01
6.550515142315025230e+01 -9.290036846775052481e+00
-2.262265682517867305e+01 4.169801635833072950e+00
-3.395704892074858350e+01 3.273951144734384400e+01
-2.369299038692452797e+01 -2.151090352000066019e+01
-2.736834200917216720e+01 5.241271750902485316e+00
-2.228431147758109887e+01 -3.376736694533801852e+01
-3.632960614993125148e+01 2.145668256941538843e+01
-8.957657875765383082e+00 8.072736640032047717e+00
-3.477316610899675453e+01 2.488640072011433801e+01
3.245203552411187076e+01 -2.751723935911363661e+00
6.522026537255852929e+01 3.609636369515933918e+00
1.318670329922734119e+01 -7.728295980921813246e+00
-9.731754525309542103e+00 -3.284864338895577163e+00
-1.565318567276493589e+01 4.770080073035936863e+01
-2.778523943237619065e+01 2.799768374620655109e+01
3.780700094854014282e+01 5.249081017841529251e-01
-3.413022332641426004e+01 1.038610463281148988e+01
-1.186887199541946991e+01 -1.977044042117017852e+01
-1.585222067506800947e+01 1.154349835463259666e+01
1.595251332083560847e+01 1.254499268769447173e+00
-7.618782423324430120e+00 -4.565119160579426705e+01
-1.474106341485399696e+01 -2.192362214509971707e+01
-1.642735740143146828e+01 4.337615489579751937e+01
-8.852953620171730265e+00 -3.279019364616882370e+01
3.170796198271002098e+01 -1.183773269478092516e+01
-2.780651842822624431e+01 3.454446914746929309e+01
-2.509186136207251749e+01 3.695532415094472611e+00
-3.742361381663643183e+00 4.768612725582251954e+01
-3.327312953529069528e+00 -3.214618170695176413e+00
-2.079437229784452157e+01 -8.442649577955913642e+00
4.131173218468842379e+01 -4.127069416064566454e+00
-1.733333623353230379e+01 4.266586814003329664e+01
-1.939364654277973443e+01 -1.095745192402412016e+01
-6.484788794058201411e+00 4.631081495596370701e+01
3.209441993112670843e+01 -8.813053191410450182e+00
-1.996969774208134751e+01 3.710220260845692053e+01
8.587234452715425448e+01 2.258714145126789319e+01
-2.146303503901721754e+01 1.103091710398329761e+00
-1.215113032580954844e+01 4.525986195134910162e+01
-8.094830880568517628e+00 2.425093050638292169e+01
-7.965276014687754369e+00 3.600727850834623922e+01
-4.363507664521024232e+00 -1.325322937098039944e+01
-1.624969819772374890e+01 -4.638117184231399648e+01
-2.412147510653938554e+01 2.507538595087642719e+01
-1.233703668085390559e+00 -1.415576255774280234e+01
-1.229673633440826386e+01 -2.415226773466820731e+01
-2.461193131364710851e+01 4.968237417618579066e+00
2.093048797858905985e+01 -1.958337507722985649e+01
8.952753755654427437e+00 -1.241364545313322632e+00
-1.347880815018797485e+01 -2.697460285804356062e+01
-1.399439112493975301e+01 4.620560488297194901e+00
2.129088904835980145e+01 -2.270463000879804838e+01
-2.627680668609349723e+01 1.847550049778876868e+01
-8.895113015999051242e+00 -1.630925741415586927e+01
1.152698028631118277e+01 -1.940427213939370565e+00
-1.161266490605509460e+00 2.166458097489392287e+01
1.292548914335801769e+01 -2.415681346740728230e+01
2.467054303963713124e+01 -1.935947598831512906e+01
-1.573387114936855902e+01 4.945056704246911039e+01
-1.257700488668674055e+01 -3.586519713326516268e+01
-6.747869716807750606e+00 3.368475827981728798e+01
-7.814050860820367816e+00 -3.698767716934458605e+01
3.830260093456999915e+00 4.916121033426986919e+00
3.042348917566440036e+01 1.153664387011475334e+01
1.423297858555821094e+01 5.346869365348778658e+00
-2.257740267214346375e+01 2.380942852893451445e+01
-2.501407262690546673e+01 -2.401027545681161257e+01
1.954843528855299084e+01 -3.216543037440409591e+01
-1.945984682548403200e+01 -1.799124769521104028e+01
1.339735641401285449e+01 2.513784714835825884e+00
-1.517119456782717002e+01 -7.161692397331559157e+00
2.580577825416907700e+01 -6.863050629760674148e+00
3.831535107416678443e+01 1.366286974306586011e+01
-2.948746925420663700e+01 3.324973968342043662e+01
2.842712260162646665e+00 -8.688663197426995666e+00
-1.540900374951252161e+01 -2.752861615235821446e+01
-3.678049797142540456e+01 -1.014614779422481661e+01
1.377095033876183727e+01 1.077144751278448354e+01
-1.898463682479239978e+01 7.794261299044566549e+00
-1.921607829858498206e+01 -2.610431989570923861e+01
-2.622944720553649844e+01 2.659644298110451999e+01
-2.800753713706088988e+01 3.340766027106401737e+01
-5.183704418562735228e+00 1.419520575931649820e+00
2.140208732610630449e+01 -4.798470459977101088e-01
-3.999873074657738670e+01 -4.108726765094936439e+01
-1.812796663692606813e+01 2.840861374362183867e+01
-2.419531166596181393e+01 -1.125257385057067072e+00
-1.237008828357264889e+01 -2.918298824758747045e+01
-3.796588544971881873e+01 1.418577631090709978e+01
2.108739388916327329e+01 -3.039495679264724526e+00
4.037907404158497826e+01 1.058107738927417962e+01
2.775489571865134053e+01 -1.392658067710050673e+01
-6.527549720848987214e+00 4.308699440627459154e+01
1.071243801185978306e+01 -3.682349566007988528e+01
-2.952470433259708571e+01 8.775406213100504615e+00
-1.179456293112304444e+01 -7.549664214455192868e-01
-3.467040772616818600e+01 -4.496774823311472602e+00
3.298038259534082783e+01 1.824255554640518895e+01
-8.313825868439648659e+00 -1.199389578954358804e+01
-2.325116586331461477e+01 1.495817886454238632e+01
-1.474845530695498397e+01 4.394772399061570667e+01
2.747984749570827745e+01 -1.988445801189746120e+01
-8.288112669143499645e+00 -3.882252235086368586e+01
-1.419107348515514744e+01 3.393622352216771532e+01
-2.017980120169285740e+01 -1.025194498481054239e+01
4.541873477706008089e+01 5.306188388484692098e+00
6.173726693659529730e+01 7.104864445665448613e+00
2.964216473417224762e+01 -4.313689378818961195e-01
4.377136713254122569e+00 -1.283532959041810351e+01
-3.052112057988548699e+01 1.830432956818559376e+01
5.357277479124391562e+00 4.154650977656756794e+01
2.360200850888514168e+01 3.613998632748410156e+00
-1.253585060500725312e+01 5.302224643943652183e+01
-2.444052072460314751e+00 -3.681874444635031995e+00
-2.144620937879405531e+01 -3.009444040754327787e+01
4.717731446065392475e+01 6.143846140023121905e+00
-1.559091715401529576e+01 3.246902182890703159e+01
2.303611241723514169e+01 -1.696732840527984720e+01
-2.894130045666414119e+01 3.968504573410920244e+01
1.342255743902156162e+01 9.208772107574304755e+00
-1.226332518500165492e+01 -1.503072836310892590e+01
1.213216080685471354e+01 -2.629872445181874241e+01
-7.302439732296547525e+00 -1.049907539345770502e+01
5.851255488015680406e+00 -3.742404716926089492e+01
-1.429097176674578051e+01 -1.355656505584203053e+01
-1.684852248648679307e+01 -2.852139067815375029e+01
-1.669824365265712629e+01 2.085263385103564460e+00
-1.501837550441820390e+01 2.565716006404279881e+01
-1.228784568518256215e+01 3.062487405342735869e+01
-1.619052901065329664e+01 -3.869180170673256924e+01
-1.540009845190034143e+00 -3.232191145967717461e+01
2.061320479779641346e+01 -1.040893242778330219e+01
-3.888299691539965863e+01 -1.334671764649065473e+01
-1.282413241988356312e+01 4.936470210981468654e+01
4.720435007619058609e+01 -6.973756430165440889e+00
-1.076981967356810621e+00 1.764766969156220355e+01
-9.265516436613090434e+00 3.194429289999210297e+01
-2.524136625495225061e+01 3.094864971983297153e+01
4.237053737145476617e+01 2.382686934408455670e+01
-1.417581984839537590e+01 2.914002128568547789e+01
-1.389979953685906544e+01 -2.157744069729907288e+00
-1.353654436886751533e+01 -3.758458467430743610e+01
-1.453167082773724195e+00 3.228819421192009997e+01
-2.871334158386569513e+01 3.673208464894096181e+01
-3.633324543382388327e+01 2.580972477417728683e+01
-1.882423699642034975e+01 3.292709398276613797e+01
-2.810345955862332801e+01 3.767375470555576555e+01
-2.041176044713601812e+00 -5.326001224801829359e+00
-6.125113245643724724e+00 -1.799561536405835938e+01
-1.670490071846471025e+01 -1.980316438410142932e-01
1.039241921712302386e+01 -1.895120309962883809e+01
3.425337547051572784e+00 -1.466280035401502957e+01
-1.975102826019038815e+01 -3.337830746936194259e+01
1.202051947038021318e+01 -1.344050425252613756e+01
-2.378250937576617119e+01 -2.016246821701859915e+01
-2.923200936163119004e-02 -3.477928066205819846e+01
8.602620527924288751e+01 2.355187469728459249e+01
1.615640433292789524e+01 1.486347228802361720e+01
-3.718879819573598411e+01 -2.024788402882456495e+01
9.223984586703654287e+00 -2.730866224501766126e+01
2.236718847432569390e+01 3.913811723351106053e+00
2.501715665531694199e+01 1.908525016394052187e+01
-1.114680623528207093e+01 1.173207451874253771e+01
6.356821733826511434e+01 1.580694978611141277e+00
-2.755039845429475420e+01 3.156632271245423738e+01
-4.700217570063677464e+00 -4.440395590500808254e+01
3.581313511600728816e+01 3.327112048291902102e+00
