-9.314129674400604131e+00 -3.067682031386943819e+01
-8.182927245384892245e+00 -6.292733017040082366e+00
-1.863443503666872658e+01 -1.384072149464758539e+01
-1.754734331776822387e+01 6.432690418606457072e+00
5.664209911386937968e+00 -9.001838976603185216e+00
-1.228255761239651633e+01 -2.574669104919213680e+01
-2.620062051401415459e+01 1.581854720847651308e+01
-9.851433081152970672e+00 -1.049441406478697303e+01
-7.891833389663374554e+00 -2.568131940530340529e+01
-1.093177754341243002e+01 -2.986207869346615951e+01
-2.210294683716622188e+01 2.450916872197674223e+01
-1.941155990268981668e+01 -1.678763924302042554e+01
-1.399054657273512881e+01 -3.538478919697059855e+00
-9.190222481550263112e+00 -9.664554116084035584e+00
-2.462624084521932133e+01 1.456975515457950721e+01
-3.499108631774569744e+01 1.566860168312155821e+01
-3.108075342313593836e+00 -1.610979956334463026e+01
-2.606285622205532349e+01 -5.364081368289681517e-01
-3.191331026147543426e+01 6.001519977379445869e+00
-1.202303991727573873e+01 -1.411223230126025463e+01
-2.202170967042738781e+01 -1.312165330624655901e+01
-2.405983543596111929e+01 -1.720135077478696317e+01
-8.484023141245565114e+00 -2.960515439276191785e+01
-1.644793065458279457e+01 -2.067992224332997253e+01
-6.686036790540149433e+00 -2.608674661756605673e+01
-9.902110178686770681e+00 -1.905806934098817607e+01
-9.034638886973695548e+00 -2.739709260172158878e+01
-1.713332237725104079e+01 -2.186681290683476320e+01
-1.092646471454332513e+01 -8.760397549848107701e+00
-3.176888524331491936e+01 6.895873610775225870e+00
-1.043092034716434569e+01 -2.217971501171368232e+01
2.560518899941974347e+00 -1.274518447552572553e+01
-9.485261284803378601e+00 -1.912920470900765224e+01
-1.120633726806393327e+01 -1.949957956610695220e+01
-2.550276369321882441e+01 2.448753756078460597e+01
-3.342533974549932907e+01 4.152809902879849524e+00
-2.135302919260801602e+01 -2.058245555205215993e+01
-6.225744704340332447e+00 -2.941850238141876517e+01
-6.201783254396383782e+00 -1.854400097330967867e+01
-1.764089161631146752e+01 -7.635303249701765438e+00
-3.410558238776532392e+01 6.878937511873194133e+00
5.834206595339815671e+00 -1.116703962888386670e+01
-1.320647803676007648e+01 -7.005622593923682473e+00
-1.039660995801482279e+01 -2.654141492386612811e+01
-2.528050018703670787e+01 -1.636400648825514992e+01
-8.912526994737003605e+00 -2.219847894706110480e+01
-2.547954980597113206e+01 2.110278730538856706e+01
-1.036133134183845783e+01 -2.065244885839297240e+01
-7.624130632784410722e+00 -1.529062813373396423e+01
-2.597384389427631035e+01 -6.824557110856540376e+00
-2.245176640533482626e+01 3.054952674196888651e+01
-1.525858675544374243e+01 -1.522437919699950726e+01
-1.054830523150308430e+01 -1.150997003505944427e+01
-1.194070183251456818e+01 -2.725962701156342405e+01
-5.291660469979842851e+00 -1.643278055247080260e+01
-2.982118961622880349e+01 -1.056146873783604434e+01
-3.037473175650928425e+01 5.637811519246946013e+00
-3.219355809441216820e+01 -6.051010368990206167e-01
-2.948219602555166219e+01 -2.190048282005264468e+00
-9.484758295466448885e+00 -1.503373588946895012e+01
-6.144971000963233010e+00 -2.727446256933186675e+01
-3.340467605904913029e+01 1.884329353390540618e+01
-1.348076342869380007e+01 -2.535506688200110759e+01
-1.435891885063728246e+01 -4.655211930478031057e+00
-1.828557225623473315e+01 1.817669349989139960e+01
-2.466704804065499346e+01 3.196227298794988059e+01
-9.715376932020417300e+00 -2.118449226499809157e+01
-3.596232765638477247e+01 1.807747782764984379e+01
-3.100664507506011347e+01 1.153626364033203444e+01
-2.559846337612153633e+01 3.022002410441304576e+01
-3.543109146670320797e+01 2.773890130264341281e+00
-2.358333945630242212e+01 1.469082062634638319e+01
-5.096711254427471083e+00 -1.105411920565532924e+01
-3.566458771582379228e+01 1.593981516514327801e+01
-3.312402022199685803e+01 -2.007063410701635675e+01
-3.751465052339015926e+01 -9.930649592103455436e-01
-3.060236726936202345e+01 -1.280750449315086748e+01
-2.848697980395562368e+01 -2.035801887728340631e+01
-2.440539211008948328e+01 1.389525911089932109e+01
-2.148666100651114519e+01 2.836079414262659526e+01
-3.278765739818762626e+01 -1.612030179193645196e+01
-3.258014040271969236e+01 -6.195675278905052430e+00
-2.415137324714421396e+01 -2.383014669559347354e+01
-1.077735414475072950e+01 -7.828088146144701831e+00
-2.013305457566657708e+01 -2.005615692042182019e+01
-1.639009752543621090e+01 -1.335917256417512178e+01
-2.939391878730841867e+01 -4.269265788924648142e+00
-3.450043255608065351e+01 2.123973715567577525e-01
-2.322829089320312335e+01 2.133964510291145800e+01
-1.367310326284612465e+01 -2.039835628015255509e+01
-2.309608022724803433e+01 2.614403489809232539e+01
-1.841326901214607403e+01 -1.069393300723064044e+01
-1.427927983751303209e+01 -3.737200171417828898e+00
-1.932513897411656956e+01 -1.263339478439145624e+00
-2.684414987962045984e+01 1.108983984054046168e+01
-1.545402548781931884e+01 -2.532158674488877992e+01
-2.719743370683240258e+01 -1.732984892358252438e+01
-2.152539304208056947e+01 2.428384886875659632e+01
-2.020896215424059505e+00 -1.250446580376073591e+01
-3.542752237114336111e+01 -4.542319051792905960e+00
-1.989095917307698969e+01 1.530639240306694937e+01
-2.490927884290767480e+01 3.335253757481881109e+01
-1.329121847748342766e+01 -1.555758609472644549e+00
-3.264363830510894360e+01 1.500497457171417004e+01
-2.522463151816686633e+01 -6.590062181272119624e+00
-1.308161503288896732e+01 9.065042087073560406e-02
-1.091511541034406818e+01 -2.646468591347531429e+01
-1.623007346992008237e+01 1.826421617930197527e+01
-1.831174206095299439e+01 2.715088188661390234e+01
-2.766430655362108837e+01 5.740862427455892814e-01
-1.897984472752328600e+01 -1.854111322422052055e+01
-2.275858777164317104e+01 2.709356778773104324e+00
-1.993071742158425863e+01 3.141023389796331600e+01
-2.506647243209033604e+01 2.334091265129686832e+01
-2.982164518367279271e+01 1.691957776671910452e+01
6.276573775098469810e+00 -9.363702942789688066e+00
-2.608627470699746809e+01 3.176537052111029169e+01
-1.581525480858100074e+01 -5.992316901340936752e+00
-2.684833558795869024e+01 -1.195790395447779986e+01
-6.282205166030421672e+00 -2.306683544143784204e+01
-1.122136109230849854e+01 -5.070584636156125313e+00
-3.726576915184944028e+01 7.339928787063141336e+00
-2.828713471493545129e+01 -1.830096897039478421e+01
-2.413087624319881286e+01 2.097773097710609491e+01
-2.571760521660263876e+01 -1.111999429997237065e+01
-2.884436608324448148e+00 -1.512953691117666466e+01
-2.359591049383645611e+01 -2.493066927785369202e+00
-1.397496955511658001e+01 -1.361117638298688526e+01
-1.426304776688475151e+01 -1.220662167873443238e+01
6.016755884630765827e+00 -9.013486344247612081e+00
-1.118583535919343852e+01 -2.900280247145566292e+01
-3.363377834210884032e+01 1.874628982125050669e+01
-2.304058545176089723e+01 -2.195395536772783984e+01
-3.343222323651708194e+01 -1.007056551804493161e+01
-2.725326710152890186e+01 -8.371265114603664514e+00
-1.451219788372274877e+01 -1.146992266480106260e+01
-2.881314281897266483e+01 -1.336186389539632025e+01
-2.301291327460552338e+01 -1.330076617427829611e+01
-1.498526533918050418e+01 -2.108227987570714035e+01
-2.695209336989991300e+01 4.432727986926754404e+00
-3.207382684756206714e+01 -8.467644519846670548e+00
-2.949023828679496617e+01 2.290940713132601658e+01
-3.131844597781835304e+01 1.463777813888834167e+01
-1.892357967175881583e+01 -2.566163237811636133e+00
-1.322092064790125931e+01 -2.386150428836734960e+01
-1.898202677563213214e+01 5.846955816307017884e+00
-2.950828696978674781e+00 -1.547155925161861312e+01
-2.387381427723727967e+01 2.223891647529867654e+01
-2.052424655058717207e+01 -5.400017408290735510e+00
-2.294229688698991865e+01 1.527736119676550430e+01
-2.942812345232246685e+01 2.747560160161905074e+01
-1.904872463955393158e+01 -8.680191998557038602e+00
-2.792204792443206784e+01 1.338615836045392804e+01
-2.105344548727260090e+01 -1.922830175117712415e+01
-2.239898655378809522e+01 -2.410449451132992138e+01
-2.049409996088583341e+01 3.332244300710524954e+01
-3.009993565969387319e+01 -5.784350205838480363e+00
-2.496112240663956428e+01 -6.310736730207015199e+00
-2.228494656311585231e+01 1.764565708501184105e+01
-2.731601690817524286e+01 -1.830669144875511245e+00
-3.226098503882408153e+01 -3.911095595881409537e+00
-2.243199131286891301e+01 9.543089658164038980e+00
-2.727417046420907099e+01 -6.351823332209271200e+00
-2.733558097152420885e+01 -8.849018423203332873e+00
-2.296088385956469580e+01 7.980282226660985856e+00
-1.452895150438704874e+01 -1.860094231307375523e+01
-1.852186804588959390e+01 -5.696591090172090865e+00
-2.454508060845210693e+01 7.220359127219180273e+00
-3.332610039441591709e+01 -6.232737897840738839e+00
-2.945260275608801948e+01 -2.785137564421904521e+00
-2.076212290504868818e+01 -3.113197593753624037e+00
-2.108891034505105466e+01 -2.453995866316076757e+01
-7.949585926642146916e+00 -2.602098310139083992e+01
-2.670711451391923674e+01 1.906539991016356339e+01
-2.009129581092220818e+01 -1.303322916952781441e+01
-2.708757198391217003e+01 -1.730895002542527150e+00
-3.052064663734581274e+01 6.434732820220106397e+00
-1.739373609525725328e+01 -2.424715456699491511e+01
-3.352822958573839429e+01 2.285914865708314814e+00
-2.702681677386116377e+01 1.455762794591911202e+01
-1.138296785969808589e+01 -2.243014328335472651e+00
-2.542465003771091858e+01 3.704550727881443350e+01
-9.717106340015989829e+00 -1.961652846964852426e+00
-2.537072943560474769e+01 -1.616692889979443848e+01
-2.212017683006193280e+01 1.870752820842372444e+01
-2.621729919078011051e+01 -4.491345398830290492e+00
-1.103830455844046377e+00 -1.070313055939245395e+01
-2.142822583706978179e+01 1.336916684651994913e+01
-1.582680463713928454e+01 -1.390002832619908624e+01
-2.401333091470508307e+01 3.718048312875150252e+00
-2.689712060642569469e+01 -2.051291068417200236e+01
-9.934001058258260741e+00 -2.700851669937275190e+01
-3.230758608260885012e+01 -1.875684741801299538e+01
-2.030795328909688635e+01 3.036592663925193847e+01
-2.746476456122870147e+01 8.785482766136579968e+00
-2.722464112427644523e+01 -1.409933558978198320e+01
-1.156014717363470012e+01 -1.387109380882426457e+01
-5.124254829633014374e+00 -1.975467823769491105e+01
-2.831117019586879735e+01 6.097020950767059411e+00
-2.444944599864400203e+01 1.625169638313187281e+00
-2.249574727660272444e+01 -6.322961065428042815e+00
-3.551706400668341956e+01 3.787667171633170682e+00
-2.402277463770568033e+01 -1.152507210915705294e+01
-1.870671811460194789e+01 6.966509288183217130e+00
-1.610506775888859465e+01 1.676617595769068458e+01
-3.781303081056465487e+01 1.936386618173197016e+00
-3.708994922141496176e+01 7.907114381296640460e+00
-2.990711269218389390e+01 -1.083692302803730634e+01
-1.029278114775546449e+01 -2.414048760370559066e+01
-2.182551387075820060e+01 -1.583660590839515869e+01
-2.533627185849323737e+01 -1.627791348050962839e+01
4.907759664522675536e+00 -8.541405043108023065e+00
-1.641000909187309986e+01 -2.012814335148451761e+01
-3.273252589932754830e+01 -9.212545268405090582e+00
-3.170774456096891925e+01 1.205654624635888617e+01
-2.354246143120399637e+01 5.756874496417871967e+00
-2.043631621880960481e+01 -1.333355117987412797e+01
-2.281492930717049106e+01 -1.548588025541433044e+00
-1.679579374753503274e+01 -1.996311334631754875e+01
-2.542259771911341559e+01 -2.116919648040810031e+01
-2.417459877431192439e+01 2.615653979331876755e+01
-2.121623164230478409e+01 3.169014933598292671e+01
-3.674107850897924266e+01 -2.003796837031095457e+00
-1.793209500013857749e+01 -2.149407936847027401e+01
-1.219917360091357317e+01 -2.040006592075464908e+01
-1.380370654054383373e+01 -2.973239380268300813e+00
-2.405149450034651792e+01 -1.838774329328016677e+01
-2.653345420149633682e+01 -8.272098489623683548e+00
-1.436523000113316151e+01 -1.334635042364483581e+01
-3.074268281045201689e+01 -1.409526659566117779e+01
6.282447680761711339e+00 -1.011445898308252822e+01
-2.814414077973805206e+01 1.027294005425696355e+01
-3.434629835750386917e+01 -5.694889435165991109e+00
-2.352080357062899552e+01 2.590015113699521976e+01
-2.595133590305100313e+01 -1.159631996323006220e+01
-1.398304838484958523e+01 -1.171504234515617604e+01
-1.217541165111844137e+01 -8.174836572934416346e-01
-2.176927583257470644e+01 2.716954128579112293e+01
-3.117397436029276392e+01 2.090813045025284111e+01
-1.961354556440723940e+01 -1.192431726322027075e+01
7.576779829534464383e+00 -9.431327672862735767e+00
-1.844683277662254284e+01 -2.649071671161047448e+01
-1.065288398564487693e+01 -2.287750058196176894e+01
6.877193171807508776e+00 -1.452117600422510080e+01
6.075344587130869556e+00 -8.294812841404684889e+00
-3.408745967064427163e+01 -1.417904281867457206e+00
-2.181504582267366743e+01 9.989073907232150162e+00
-1.422864659144286570e+01 -8.959050897885294518e+00
-1.995541818852505855e+01 2.815194068325374133e+01
-1.847940887330833348e+01 -2.833292480481289743e+01
-1.176776754078819920e+01 -1.415124816570643951e+01
-3.438168118747175583e+01 1.476340192393071504e+01
-2.657151035131273176e+01 4.536584644062286564e+00
-2.423376068436209252e+01 3.264252274732355374e+01
-2.213610468323315672e+01 -2.357658013565190558e+01
-2.718613722573073588e+01 1.268966351582339058e+00
-2.052674095166107548e+01 1.928161386321872683e+01
5.676848658458822250e+00 -1.081276142686611763e+01
-2.305630660847456426e+01 -2.305630757372816575e+01
-1.132017186259670893e+01 -1.940322769779071699e+00
-1.521961359612804188e+01 -1.418957353244308095e+01
-1.627264594402202746e+01 1.776240476526582768e+01
-3.292960151187931928e+01 9.613637481652888894e+00
-2.353789282447470299e+01 2.676178615735374677e+01
-2.569223080634456835e+01 2.031107651100846923e+01
-2.123812233247929626e+01 1.464486244544716342e+01
-2.455055869599361529e+01 1.402069392732213160e+01
-3.012933866412063821e+01 2.003447128191285387e+01
7.589028542178470893e+00 -8.471812875635571061e+00
-3.126432508139130917e+01 1.432426853182578341e+01
-2.475444785471697173e+01 -6.164494866193241052e+00
-2.409962461845095660e+01 -8.886065394504946369e+00
-3.114688173505471624e+01 -1.007157054849159294e+01
-2.682427522697442868e+01 2.229993714702279561e+01
-2.536567907420106849e+01 1.629890984794114672e+01
-2.468849569317547576e+01 2.741600760256116942e+01
-2.825317360915422071e+01 -1.400080303003525017e+01
-8.842077309139266816e+00 -1.957586073485069988e+01
-2.715317178197044612e+01 -1.677780669388154289e+00
-3.396435766255643784e+01 3.089293884080014596e+00
-1.198515587155934625e+01 -1.688385778763268874e+01
-2.890741952439335805e+01 8.358146562162600546e+00
-3.153729513270336327e+01 1.603003718432439229e+01
-3.116051812554621137e+01 8.239706483895854916e+00
-3.305604176326907861e+01 1.269617998597369279e+01
-2.538065349505038171e+01 2.070639200158300142e+01
-7.297287302307596590e+00 -1.153851632550950157e+01
5.536942232031210054e+00 -9.284737688196386785e+00
-1.577636801107064457e+01 -1.627870635817658496e+01
-1.023967396053082979e+01 -2.649926465412187326e+01
-2.000913349891730419e+00 -1.631035116936748608e+01
-1.628675008176959338e+01 -9.479284050627592606e+00
-3.144647673657023645e+01 2.649275216117598575e+01
-7.610724509832490270e+00 -1.712555397823660641e+01
-3.291374918708199715e+01 -3.495221115765654307e+00
-1.243665245405500563e+01 -5.771731603083092743e+00
-2.010047585338611054e+00 -1.713105026531955843e+01
-3.150938085103733854e+01 7.623869680404868454e+00
-3.152064118849741803e+01 7.172639727149615396e+00
-2.654743806129331318e+01 1.526576209144641538e+01
-8.214282203189878118e+00 -7.148379793345010391e+00
-1.755084765092554377e+01 -1.939236859630768706e+01
-2.312005936407618023e+01 4.001371474618358626e+00
-7.643941626671843181e+00 -1.509997464937929834e+01
-2.067416568573700530e+01 -7.810587678570582781e+00
-3.372212359907154422e+01 7.157390972695353071e+00
-2.661538630379886428e+01 1.126939750109675309e+01
-2.378459794687977080e+01 1.780371051174289931e+01
-3.246130080039618804e+01 -1.619399488156708955e+01
-3.512409375686866753e+01 2.367362303732288176e+00
-3.075513093101808693e+01 1.834746037563131082e+01
-3.971373597557338542e+00 -1.181382950124310582e+01
-1.838287972672086923e+01 -3.727876679024026529e+00
-2.914995886479746900e+01 1.580463767609182568e+01
-2.180883651508630905e+01 2.065588762990158500e+01
-2.709332773721374821e+01 5.098730773774049041e+00
-2.501986402204535409e+01 1.433966097179197519e+01
-3.563194194554407801e+01 -2.677173757390638009e+00
-2.609002181064583326e+01 2.567825098159970665e+01
-2.796642839774404266e+01 -1.308158692558645342e+01
-1.976007155430122353e+01 -6.698822730200401310e+00
-2.768515492514038456e+01 -8.893216424586308122e+00
-3.036969378577170531e+01 -1.074513209378856526e+00
-1.081519714317238368e+01 -1.707782070845603783e+01
-2.161459226911739151e+01 -1.961557137199615752e+01
-1.635256446739470704e+01 -8.198528731266188530e+00
-2.482877697092330394e+01 1.366314572725507048e+00
-2.753495519785701617e+01 2.929723213856973274e+01
-2.846645398564373863e+01 1.967252447216672806e+01
2.128282155701407774e+00 -9.684940201148139138e+00
-7.833898020345811730e+00 -2.162147782257791206e+01
-2.713838664451997573e+01 -1.209600713050480358e+01
-3.221724238859010114e+01 -1.390955246262305600e+01
-3.345437775763135591e+01 1.288608842627934692e+01
-1.947852766548551884e+01 -2.455786799899123451e+01
-5.660857694015979824e+00 -9.399748737300036794e+00
-2.875203909257886181e+01 -5.240744073397848979e+00
-1.380555112873083345e+01 -1.546754449181472246e+01
-2.643884853201267404e+01 2.314973693798411958e+01
-3.944407778790038677e+00 -1.281726092491247115e+01
-2.262934237171189267e+01 2.983654201857246946e+01
-3.048320241099756345e+01 7.181683248114546281e+00
-1.831831887215857435e+01 -1.791031499293253049e+01
-3.544453385143951607e+01 1.103735326432522035e+00
-1.992276359791386753e+01 -3.417778414702957068e+00
-2.950214315488488026e+01 2.091047978742528102e+01
-3.998347233472390183e+00 -1.117687330551799718e+01
-7.325384479044457109e+00 -2.532452225865161211e+01
-2.333829895090694251e+01 3.022453900801457038e+01
-3.560630159556720997e+01 1.271353037189797242e+01
-4.661504640778428410e+00 -1.351556317679019159e+01
-1.479784357335901213e+01 -2.383326099997589154e+01
-2.612488816314220941e+01 1.140178545376810249e+01
-3.262138776296964693e+00 -1.364321909008476297e+01
-3.329262097605586490e+01 2.908412359553099513e+00
-2.100334983110558795e+01 2.964055388659818036e+01
-2.149849031771498531e+01 2.675035364898221601e+01
-3.639952473574078340e+01 -5.069441614341542390e+00
-3.028789028021851237e+01 -1.250018330054213322e+01
-1.847594263242165624e+01 3.712953894471541449e+00
7.663779136242611756e+00 -1.308702582801756975e+01
-2.178478569613657356e+01 2.848270077828243174e+01
-2.498636250848301898e+01 1.668968613168769011e+01
-2.723988812644447322e+01 2.031182188901711783e+01
