-6.947889443587690117e+00 -6.638432844195630622e+00
2.747476069952870859e+00 -9.077452999644703979e+00
1.030460291752918245e+01 -1.896340469667675110e+00
1.308885995316923845e+00 1.610793004048217680e+00
-1.258336326742757905e+01 -3.355939398121298378e+00
2.781249996517046519e+00 7.650323022950455965e-01
7.680869112052881142e+00 1.291032020229953448e+00
-4.719405869739486725e+00 -1.464182140755711403e+00
-7.669912819062688847e+00 1.338551519564487702e+00
5.414031509026213662e+00 -1.410060674348653720e+01
1.400799318488301282e+01 -3.154011403453212736e+00
8.840715522767196299e-01 7.318191733609946681e-01
-1.833458172497782979e+00 -1.872224226650387013e+00
9.190047337643489911e-01 3.124174446889273593e+00
1.434799065986081423e+01 -1.329256584170293998e+01
8.363143576226224951e+00 1.220747312577813881e+00
-1.912157813910742021e+01 3.992023015968297450e+00
1.230661814913633378e+01 -5.000729727382785761e+00
4.705848047041692794e+00 -1.411071190074610548e+01
-1.788103615677891223e-01 -5.327276965268967768e-01
-7.005667653941380912e+00 -1.351333555411629916e+01
-1.101904030103474952e+01 3.859715410917222478e+00
-1.510831792641568505e+01 7.129342961719323135e+00
-2.223366183871443269e+01 5.428851832618121875e+00
-1.381370521577949795e+01 -7.100631221032680962e+00
1.360496954334277753e+01 3.359024918502807378e+00
-1.831203571398890162e+01 -8.759361634681543940e-01
2.119731962265524849e+00 -1.115643520630118424e+01
-9.503929641779569337e+00 -4.032973092417497796e+00
-5.809320561239411873e+00 -1.390804870401311888e+01
-7.724691156776843926e+00 -5.571433818941410543e+00
-1.083449776749424665e+01 -8.793018671144746889e+00
-1.682175971318810070e+01 -9.763591798733534111e-01
-1.232823696151505999e+01 -7.433774965341765295e+00
-1.677686368112000537e+01 2.083850355206013916e+00
-9.486137225075129464e+00 2.690213437599092927e+00
-4.735182066456954608e+00 -1.174339585493740046e+01
1.280867668675069737e+00 -1.281928477929235477e+01
1.556681306077051197e+01 4.149128916866746231e+00
-1.963073146623515441e+01 -3.472991685695703712e+00
2.317846872979422823e+00 -1.032707735656500248e+01
8.437026574619235220e+00 1.157493899072953525e+00
-4.221944922637280939e+00 6.405255226820621317e+00
8.646944453246362627e+00 -1.116255208974275348e+01
1.286095632509439568e+01 -3.412441625686379432e+00
-1.821615568128278895e+01 -8.700883904043104078e-01
-3.079312007857351041e-01 9.606124676163875220e-01
-6.535978691822598163e-01 -7.494735205795511668e+00
-1.198857080886075366e+01 3.679403707923202482e+00
4.052642348586150689e+00 -8.412436692140680350e+00
6.308649698769878356e+00 -1.044634746445899154e+01
-2.135498636402551753e+01 5.544043718698246082e+00
-1.902672688039130122e+01 2.613139692994946195e+00
-5.388730912405031326e+00 -3.316095022149458948e+00
-1.522350401852950874e+01 -9.454037599100804101e+00
3.273457862589581602e+00 -8.955929340570749631e+00
1.117820425235796478e+01 5.565172002986635391e+00
7.023641378865089990e+00 -7.724638794651788487e+00
1.382047349769350397e+01 2.984165820336770469e+00
-1.438556266806038941e+01 -3.098040486961021855e+00
1.256723049484653565e+01 2.193729526543129360e+00
4.693463943637182112e+00 -8.329188942255566275e+00
-2.158793679889427608e+00 -1.440309064081060164e+01
-2.293457375369575857e+01 6.755008138172208021e+00
-2.280809787598001392e+01 1.004404500424789504e+01
-1.510854632975143375e+01 -3.767911926331623640e+00
-4.053770360685278185e+00 -1.074846547741123537e+01
6.277804142741304716e+00 -1.165556273509507612e+01
1.396379966575340958e+01 -1.251281530188907309e+00
1.477172319244487220e+01 -2.408353175125409695e+00
8.662160484053423204e+00 -6.011715362664774354e+00
-2.022243802460464934e+01 1.851749262665939977e+00
1.621784395660617406e+01 -1.173700157383928300e+00
-1.878941815240448010e+00 -1.111752026361969570e+01
-1.722065988203646469e+01 -6.594882896022218333e+00
-4.275300435589795889e+00 -1.173376876403971458e+01
6.476260816882862592e+00 -1.057974571038987754e+01
-1.073321679240791582e+01 -3.443738077140024778e+00
-1.022506638234303011e+01 -2.223502871874717179e+00
-5.458206901551685419e+00 -9.073864744958090256e+00
-1.175270885900000017e+01 -1.831505156514930732e+00
-2.125911473959870079e+01 8.302401608047041748e+00
1.305927949682980760e+01 -2.321972419313388603e+00
-3.603765610809323672e+00 -7.022978274997246473e+00
-1.451121436955668464e+01 7.431847774807851970e+00
-1.921183876904796506e+01 3.258980861249266336e+00
-1.412763916994192037e+01 -7.900304502141747953e+00
-1.065072383319943228e+01 -9.115640519025511423e+00
-6.805944945154694281e+00 -7.459960492787999442e+00
-7.616710916110386087e+00 -1.334738124713234164e+01
-7.831526312991649696e+00 1.150759281375236309e+00
-1.789988252135692548e+01 2.502052932952321118e+00
-2.079923762985797620e+00 -1.389984158478435639e+01
-1.924039121138521713e+00 -1.311777557239225978e+01
-1.922427590128664221e+01 -1.743026824714239975e+00
-2.221464978597525786e+01 7.583657763101891547e+00
1.261725519411840679e+01 1.656897212163359834e+00
-2.579203313961812682e+01 9.390997460401594665e+00
-2.213553400089203649e+01 5.528816520329233875e+00
1.547445821264398269e+01 -1.732479152397962796e+00
-8.249774165498073852e-01 -6.173217374084177145e+00
5.972281404701909935e+00 -6.244869608930390115e+00
6.229899154873804967e+00 1.488561254092376940e+00
3.170336757683958950e+00 -8.566618614191732206e+00
6.456476388056306526e+00 -3.217071489887747493e+00
6.146651408271291750e+00 1.561834856842899466e+00
-1.706066484447534037e+01 -1.007311689743211058e+00
1.349207430198560864e+01 2.695980235407319903e+00
-1.413006656462603772e+01 4.070802984824857529e-02
7.068145408255428919e+00 -2.170869607998268336e+00
-1.238504903205203789e+01 -8.455373024444835517e-01
6.732942282692553349e+00 1.462121162811243602e+00
1.289664444963285561e+01 -1.441349417464583560e+00
8.872932384922069815e+00 3.710446505656352478e+00
5.612952489108335996e+00 -1.399167481094442422e+01
1.630519123303737272e+00 -9.277452840399901035e+00
1.462955940909458086e+01 3.098575878346719659e+00
9.734431172884558947e+00 1.984740150749424448e-01
-1.929245788137412632e+01 -4.677691067703585226e+00
2.300044505354012170e+00 -6.846705331776385961e+00
-1.714013309176878153e+01 -3.123528420137418493e+00
-6.123933444851896724e+00 -4.690045663078532989e+00
-1.431873535921689289e+01 -9.515255945367139256e-01
-4.947459426090112800e+00 -8.158919169901164281e+00
-9.840710185781832209e+00 -5.684185958708587449e+00
-1.123513393778336678e+01 -1.163454342087008797e+01
-1.871795849827185521e+01 -1.673944623061973447e+00
-1.471489170428654525e+01 1.339016439091258670e+00
-8.970418612716223095e+00 -7.898793790445510332e+00
1.309943282252065977e+01 -7.493200115334961886e+00
1.414803896718073872e+01 -9.283652229169343073e+00
-5.421190885092162404e+00 -5.993424708810782597e+00
-1.276004795494524657e+01 -8.244904251478290647e+00
1.392807639208866277e+01 -1.248690335949080499e+01
1.476471210422421620e+01 -6.164944836745442913e+00
8.188950945259796388e-01 -4.587987503907976716e+00
1.628966642649254482e+01 -1.168756396096108929e+00
6.249417809302949323e+00 1.613212710024588326e+00
1.308268767965617307e+01 -1.446689074195324665e+00
-2.574244848775285632e+01 9.388616739497217978e+00
-2.370163272185732239e+01 9.205010289748832619e+00
-9.719416374772103850e+00 -2.284783416703210612e+00
8.059840292402475015e+00 -2.644993702378461542e+00
1.276926468390607994e+01 -1.247159060762511729e+01
1.532881793709938023e+01 -3.209803058224298122e-01
6.038843253823765522e+00 -6.023951799829669884e-01
9.526367128548294261e+00 -1.299080500287940332e+01
-4.812001816272275967e+00 -9.030146044851536047e+00
-2.404177968562815337e+01 9.072154230573797662e+00
1.459312518910200396e+01 -3.243698192456167195e+00
-1.201713919185734625e+01 -2.532764126332061938e+00
-4.227033463027384919e+00 -8.445435121737428830e+00
1.395853505629076885e+01 -1.253911365881341888e+00
-1.233164035483740228e+01 -5.419055688228860967e-01
-1.367827439399574274e+01 -4.683329951870148555e+00
-1.291314439800841640e+01 5.016205544004916028e+00
-1.859733400772368839e+01 -5.445916139762621455e+00
1.495662409916031876e+01 -1.140980132450182261e+00
6.102534272623996170e-01 -4.146551153237497900e+00
-1.347371589395351121e-01 -1.230209706845496687e+00
-1.392180572674280370e+01 -4.839144052709482224e+00
-1.628634523357838537e+00 -1.836681405104958698e+00
1.348055092687704359e+01 -1.864279510895170411e+00
-1.658014429342653528e+01 -6.297144562464729312e+00
7.922508654431245745e+00 -2.680216166058212668e+00
3.416345167108322034e+00 -6.986712232654944010e+00
-3.160221171062984169e+00 -1.004307773019968586e+01
-1.113265627294011750e+01 9.476547046829433829e-02
-7.738349610574646320e+00 -1.339256284673953878e+01
1.034289588144017458e+01 2.889426770668600541e-01
-1.160464458161975898e+01 -1.148540397719903439e+01
1.608124628518786281e+01 -2.572676133278982480e+00
1.211468414139553573e+01 5.470441069209992513e-01
7.900323426036920615e+00 -9.641780940963071700e+00
-1.245319071610602535e+01 3.227749372486934831e+00
1.555737907766348549e+01 4.141226959318907497e+00
-1.030655263548857548e+01 -3.659694982740789637e+00
-3.214857839076145307e+00 -2.725949930896651274e+00
1.165466914723012160e+01 9.705550118168968510e+00
1.580925846596454853e+01 -3.040579182349907317e+00
-1.800384110742275467e+01 3.796772628370554958e+00
-2.030908203704917270e+01 8.045312053031993926e+00
-6.663276995589049179e+00 -4.213860616793054348e+00
-1.668503670029019759e+01 -7.295344249955856952e+00
2.969854106683865180e-01 -8.483481973014590505e-01
2.695314233822965644e+00 6.222062272119647908e+00
2.335018796082211523e+00 8.247959377367080069e-01
-1.637399319046451396e+01 -7.213135333760028800e+00
-1.987891767306928870e+01 2.825155480647548956e+00
1.562726854572533908e+00 1.043392317385097190e+00
-1.706408169803247077e+01 5.448961258605924840e+00
-2.964452324385545290e-01 -7.040889337945139381e+00
-1.921653440203148833e+01 2.844902709310896505e+00
1.419744676870086053e+01 -9.725806863447990835e+00
1.604413891333881903e+00 -8.456101860580259810e+00
1.635172054907002792e+00 -1.309744976229493041e+01
8.406026109684756165e+00 1.202739384142707868e+00
-7.700766045805921500e+00 -4.922269402399375160e+00
-4.762127335271573614e+00 5.264575864653697757e+00
5.733461343631856444e+00 -2.508181117631549384e-01
1.428815041606666547e+01 -7.509613221635119906e+00
-1.600293400225688600e+01 8.919655040685245950e+00
-6.640611468592113376e+00 -1.169164140768125293e+01
-1.579530546972438998e+01 -3.504895418291748221e+00
5.052659869803323822e+00 -9.223828531232936001e+00
3.302863888563172257e+00 1.745616014686744988e+00
1.270930540035213063e+01 6.771545341826143982e+00
-1.910729699389324310e+01 3.378394673093022327e+00
-2.582709186886852493e+01 9.398174391095007962e+00
1.526147665163131073e+01 -1.597234943452528144e+00
8.691617598646873333e+00 3.739799947618232423e+00
-1.492831785413771506e+01 -2.453809182638177211e-01
1.279537845015044972e+01 -2.371070247089510641e+00
1.146426059343515824e+01 1.019873024657962901e+01
1.550474692622225703e+01 4.109364416027584177e+00
1.243021593857215912e+01 -1.864279392995318529e+00
1.397897136258336026e+01 2.057024596356932467e+00
1.145032160015759182e+01 1.881111473410505441e+00
5.603398413802863409e+00 3.294724768920713753e+00
-1.593565634287327804e+01 -3.368840171459380084e+00
3.113628602394763689e+00 -6.819002299481827123e+00
-5.331502460342533389e+00 1.384664088419328198e+00
3.772552844339950973e+00 -1.093403905254569930e-01
2.596869482365577131e+00 5.839828867080590236e+00
-4.383187769699237180e+00 2.337743933714127031e+00
1.439389324563585681e+01 -8.362425511598601702e+00
-2.488690584006316264e+00 -1.441607074294767266e+01
1.368526880443431892e+01 1.055513334584315288e+00
1.543142240314649527e+01 4.062495086102074993e+00
3.278725534829844079e+00 1.709748285075301522e-01
7.908352026921748212e+00 -1.239974424944222342e+01
1.641878771141679128e+00 9.984509727371809751e-02
-3.324195962016287087e+00 -2.752026941345337097e+00
2.903415784248677856e+00 -6.504423524379974175e+00
4.771178753490067592e+00 -5.928374577112569099e+00
7.005165398490373896e+00 -1.803196720773834416e+00
-1.421400572615292823e+01 -3.607053550001499520e+00
1.701939522472716293e+00 -7.987849418290002390e+00
8.895085690679347401e-01 -4.215713510097453209e+00
-7.773847662891807175e+00 -5.657969296383487112e+00
5.731723671863383274e+00 3.213256804775777464e+00
1.356337858362352300e+01 4.950519585620302365e+00
-3.772062380554705552e+00 -6.012136910424581870e+00
1.290346565429496906e+01 2.215126797760609723e+00
1.496544472590693253e+01 -5.184824190594151894e+00
1.146346821759866152e+01 1.020070706684016493e+01
-1.187867112085503862e+01 -4.428804234077782453e+00
1.499140453144174501e+01 -2.064387365237917216e+00
-1.505397607206008459e+01 -8.767018175867686836e+00
1.557266006190862129e+01 -2.809815884764884419e+00
3.484805664217783816e-01 -1.669368526043466971e+00
-1.854331090499281487e+01 -5.533424512170947551e+00
3.901864111532557633e+00 -8.838309028663983824e+00
-2.589228479568138752e+01 9.392752438653548808e+00
-1.395444352215498451e+00 -5.233255648223689604e+00
-1.123957259491824345e+01 -5.740263993476318660e+00
-2.157758554205388180e+01 8.027498919955984746e+00
-7.535111215196613976e+00 -4.888993323752174547e+00
1.448576589775397494e+01 -1.307606027349235944e+01
-7.973430016069287696e+00 1.862154890179148703e+00
8.390973014398829477e+00 -8.458906210465883646e+00
6.530802631284904791e+00 1.464807171803554464e+00
8.603464406136923870e+00 -1.281967120391261794e+01
-1.015624383526499130e+01 -1.097078651309585240e+01
-3.031786697054465574e+00 -6.294273883353985077e+00
-3.834297709796040454e+00 -1.090941320367038259e+01
4.642435313658340057e+00 -8.585422554150959229e+00
-1.725858868592396789e+01 -3.640993402688982084e+00
3.045953876130365945e+00 -6.705871685992606857e+00
6.641770102464709780e+00 -1.372748226362893575e+01
-1.940974803847464614e+01 -4.376263328840194866e+00
-1.689476900712134366e+01 1.899546365427778660e+00
1.635093673218552368e+01 -1.084177937031578720e+00
1.211902664496093252e+01 -1.637911071576502176e+00
-6.748631214444681170e+00 -1.651297928981854346e+00
-6.905261320849682249e+00 -6.346005469417860922e+00
-1.029734348348604200e+01 -8.044072640582598410e+00
-1.100821737538448986e+01 -3.020639953597279881e+00
-2.093158749770413163e+00 -1.477643782372547454e+00
-5.013570275968532997e+00 -3.126259245777036178e+00
6.291103809336753727e+00 -8.593051517559088026e+00
-7.304406045907150258e-01 -5.291214725015911391e+00
6.754944846137903802e+00 -1.322996728935606603e+00
1.396734767752042750e+01 2.848197986597083009e+00
1.532294636752498462e+01 -6.748091277429201895e+00
-9.331565669814267494e+00 -1.153569879793259112e+01
1.581307745945393428e+01 -2.777690306642962348e+00
-1.907870057057803592e+01 -7.267472437722759526e-01
1.312745411377776605e+01 3.452147414266215630e+00
8.201833560889427943e+00 -7.096951432115736758e+00
8.345766914830772265e+00 -7.188669017332356859e+00
1.143213545583036250e+01 1.960287164846503227e+00
-4.046591815012041238e+00 -1.079834041256745714e+01
-2.115026310939346388e+01 5.731423362661453247e+00
-9.889993828663174114e+00 -1.244554650505280513e+01
2.829608272407860614e+00 4.492094641558123103e-01
-1.648825547921668466e+00 -8.794208223160365989e+00
-1.081959333796642042e+01 -4.152281821505277470e+00
-1.818600599370521564e+01 5.980359672366579726e-01
-1.622234895107543551e+01 -6.907301762175068305e+00
1.454949275109817641e+01 -1.300953788729477445e+01
4.958606496803866781e-01 -4.125750009787597428e+00
-2.365296901282570730e+01 8.464912967256790211e+00
-2.015211014052200156e+01 2.031243079823408237e+00
-3.915409637650241859e+00 -1.041215647729381999e+01
-2.158447398119193394e+01 6.090088886441659355e+00
-1.037078046932585274e+01 -1.202502439771841836e+01
-1.075263612707205141e+01 -1.180155265599758430e+01
1.864584836074838714e+00 -1.168714803041105910e+01
-1.718323894171047073e+01 5.671259212189201371e+00
-1.040657511503283317e+01 -4.954649591658714769e+00
-1.953233663344609461e+00 -8.706219802559715504e+00
-1.543239160570883151e+01 7.622912035929998442e-01
1.396866633037395822e+01 2.463277798954281117e+00
1.309591184541483067e+01 -1.202680989688072799e+01
-2.019028578344821412e+01 5.400468478798794436e-01
-2.918433391978424218e+00 -6.599172770624814888e+00
-8.566723855142665656e+00 -5.766862172197737557e+00
-1.065287394365513673e+00 -2.834555092237542873e+00
-6.941077054473945296e+00 -1.345273676689161135e+01
-1.466017016322281208e+01 -3.333651681090185614e-01
8.508178682725326070e+00 -2.617036258146680616e+00
-3.773708545784115742e+00 -1.101240233438736560e+01
-6.328360369677017871e+00 -1.369149957540610174e+01
1.144597019826339768e+01 -5.275852536083255551e+00
-1.308439471416535582e+01 8.118808801925347041e+00
-2.231229958631810728e+00 -1.385536561067383232e+01
-1.397043329463949846e+01 -1.719660186472073082e+00
1.228653998725849128e+01 -1.298629287569596436e+01
3.305781186350027934e+00 2.977641948412965256e+00
1.181546627612979350e+01 -1.233686255141034316e+01
-1.541416089540787127e+01 8.601983673238827066e+00
-2.295535480457977684e+01 1.009003878462134374e+01
1.186364937448480106e+01 -1.040501964322686490e+01
1.110067278667893476e+01 -4.857428268736218691e+00
7.153760210640138339e+00 1.362268100636274459e+00
-3.403830739990586718e+00 -1.052774902490464193e+01
-6.052037365985609263e+00 2.347497455960441570e+00
-1.893210357028444335e+01 -1.357607599263075171e+00
-5.912772286351918538e+00 -2.910793675676552894e+00
4.687794216114272494e+00 -3.359928869218363534e+00
1.240436402313581432e+01 1.804065743244260611e+00
-3.081607977454659864e+00 -6.160168560960297413e+00
-5.810730069283492227e+00 -8.882591496119122354e+00
-9.846528946130207460e-01 4.590757454982072883e-01
-1.913564691334662227e+00 -8.853308617112022105e+00
-2.145824287166435340e+01 3.370910420317544176e+00
-2.116119927709187465e+01 3.175638446639584611e+00
4.932290613989134265e+00 -1.144243315959412044e+01
6.011432660282233442e+00 3.147855615181498479e+00
-2.026827267319739079e+01 -9.655995584952136168e-01
4.852790214171519345e+00 7.991190751830500316e-01
1.354620880877808453e+01 -1.398500255561052619e+01
3.926472617959703371e+00 1.714851717270635456e+00
3.807920020687767249e+00 1.081433117296940916e+00
1.428177967181568242e+01 -1.325504245558471972e+01
-1.456973173713955383e+01 -8.866369423660808380e+00
6.200655959745104973e+00 -3.473385193767226653e+00
6.496475657125257541e+00 -1.063720973546254633e+01
6.499060785964960729e+00 -1.138900583020969037e+01
5.814603881853907197e+00 -1.309785633794492021e+01
1.158525373281477755e+01 -1.270467831815806647e+01
2.964561288166365216e+00 -3.970031348231826129e+00
-2.199541001132110907e+01 1.019297143757775714e+01
-6.162858195057506094e+00 2.508618254725238361e-01
1.795575762731413283e+00 -3.666327478425319697e+00
-2.600099599462021516e+01 9.379125058371549528e+00
1.149898187833315255e+01 -8.002132720091466922e+00
3.718985952609457524e+00 -8.430699668882967401e+00
-1.282072994645889707e+01 -2.972086441203749096e+00
-2.280680275527403467e+01 8.537117687638438923e+00
-2.915353251313274718e+00 7.132495719231443765e+00
5.248984911491096916e+00 1.887265047226939843e-02
-2.897966445840398642e+00 -5.714149364036854806e+00
-7.682900844987043065e+00 1.903157103417967844e-01
-1.195129333279142259e+01 -2.101513838778720444e+00
8.313708633955334548e+00 -8.824640950209138524e+00
-1.559653259441993534e+01 -2.303040638092270775e-01
-6.554895308780147367e+00 -3.097637078147819079e+00
-3.662775230571459151e+00 -4.748050409372205571e+00
-2.368963095390959239e+01 8.706547465046686085e+00
-1.219246524579159008e+01 -7.676634050103598561e+00
-1.240758222799306587e+01 1.196438700402896599e-01
6.516460820045955948e+00 -1.485761393819844400e+01
1.427146614390275658e+01 -9.223998342008417950e+00
1.478232193360836177e+01 -6.120091881461532601e+00
-1.543652659812118699e+01 8.603581167096260529e+00
-1.370459355888832675e+01 4.922316395133650602e+00
6.017626873530362630e+00 -1.532978112265928594e+01
1.147152477250553027e+01 1.018059414656490347e+01
1.521671236085453671e+01 -2.313160771848371322e+00
-1.952126740513669301e+00 -8.362999734742940561e+00
-2.078693921444293125e+01 5.483656456226350784e+00
-4.934727849803160815e+00 -1.487519702439545988e+01
8.336127888207498060e+00 -1.201593383430898498e+01
3.798692994562689496e+00 -5.732151091355636829e+00
-1.530126887724507556e+00 -4.962142227542817863e-01
1.243425388241976792e+00 -3.026508155386932408e+00
1.324526675029215994e+01 4.541528952961614074e+00
-1.678423226171114058e+00 -1.405579058568282846e+01
-1.556693925196610628e+01 -5.491379323484954611e+00
-1.851518895423937394e+01 2.863038762246381985e+00
-5.044095522495711137e+00 -5.353094730959169212e+00
-1.266298346375010819e+00 8.332884077023753333e-01
-1.898997614554811619e+01 6.771222672355851735e+00
-2.079200836522454576e+00 -8.361489214334218545e+00
-4.495207617752397411e+00 -1.417990657551891864e+01
1.469724736503758677e+01 -7.596764683593445255e+00
-2.120869610552699314e+01 5.067512863383157651e+00
1.542736113718057922e+01 4.055647140928196670e+00
1.146560854670669016e+01 1.019536875415657384e+01
-2.311756179431612068e+01 7.954217511470341506e+00
5.937145236953145222e+00 -9.481313383861738942e+00
-1.977354870689752886e+01 8.179170851168350964e+00
8.821845889272173835e+00 -5.616530831513451893e+00
-4.300228459177348306e+00 7.617630924808138637e+00
2.259956727352475936e-01 -7.906927878131592147e-01
-1.253143812999904227e+01 5.122128561342234043e+00
1.228418243434130552e+01 6.073488094764684098e-01
1.417551372673721843e+01 3.318014469197355876e+00
5.377973085833821720e+00 -3.393759549155043409e+00
-1.005158567265715419e+01 -7.161232652672306465e+00
-2.625377860488238291e+00 -2.296492964205472997e+00
-1.731468343471608051e+01 3.169002069087146101e+00
-2.180205797768674003e+01 5.688195832290036336e+00
-2.182608445695436572e+01 4.179642899874751905e+00
1.310138722046750637e+01 2.504651437347282350e+00
1.376220936070671996e+01 2.951545188472088466e+00
-5.720640663913392210e+00 1.612257919149986174e+00
-1.506270546279289357e+00 -1.506303664210251547e+01
1.431240566377537426e+01 -1.331429812590043049e+01
9.272538269651604992e+00 -2.366742923571191870e+00
-2.388880214743494435e+01 9.880120486664210944e+00
2.478448073512634409e+00 5.677012497859629470e+00
-2.206058220248676349e+01 7.778721044529989470e+00
-1.492965262240250546e+01 -9.601735484079506833e+00
-1.161110570039259926e+01 4.204138890560999542e+00
4.635679238632485877e+00 -3.493234352592974545e+00
8.753633418284890055e+00 -3.380318305648780886e+00
1.098939861047766442e+01 -4.394811338396586997e+00
-5.455099497606629377e+00 -6.012679292090537864e+00
-1.722045518994055868e+01 1.657072394939053561e+00
-2.843337549729175184e-01 -4.325418230867212332e-01
2.647971347098083239e+00 -3.120782297853599729e+00
-3.211829391882445872e-01 -8.498682503024790336e+00
-2.009673579806159083e+01 5.679406617195009943e+00
-2.302606275011610037e+01 8.592199526900033746e+00
1.563045491627070582e+01 4.189395992415731129e+00
6.674934911555239658e+00 -8.320528484109209089e+00
1.366961451113840909e+01 -7.267272790522206094e+00
-2.004361931698425536e+01 -8.019692663300890256e-01
-6.466689775603785328e+00 -9.249398093462477988e+00
3.945795531907763998e+00 2.466143020531640584e+00
-1.592811380411775701e+01 8.846827884317995938e+00
4.362184402665038263e+00 -7.766543088850793808e+00
-2.087825496370600931e+01 9.798358658817207356e+00
3.124441326255366302e+00 6.780461448033434202e+00
-5.345133856140185102e+00 -1.053676007559044336e+01
-1.622344672810666566e+01 -6.988500741562114094e+00
-1.094167049523218616e+01 -6.292627584481831349e+00
3.821004430768130788e+00 1.160988830879886302e-01
7.014323070952731776e+00 -3.837290195633610956e+00
4.021994474849119428e+00 -1.158798073230748216e+01
1.330302704676216230e+01 -7.371719407588035011e+00
-3.948257815138950466e+00 -6.777382094803795276e+00
-5.834562392282090393e+00 2.118705923613541486e+00
-9.679859748340955861e+00 -2.219169251350305405e+00
-1.267198962357227465e+01 -1.145672601553122449e+00
1.501943605508735935e+01 -4.758095216597479471e+00
4.548103811730580759e+00 -5.955382470332427625e-01
8.731979186389828840e+00 -3.014770892040520067e+00
8.732785611358722111e-01 -1.356670934018485930e+01
1.147627623465617397e+01 -1.298971537085759564e+01
1.612940300589170484e+00 -3.794489578569538057e+00
3.226848124492029957e+00 6.855035529913629411e+00
8.440762129839425754e+00 -6.357973138807324176e+00
-6.617138249767626768e-01 -1.113155121369794109e+01
-4.093493354644540894e+00 6.806919738366860706e+00
-2.589760755526041791e+01 9.392793928677734883e+00
-1.889568272050384934e+01 5.099609262315624392e+00
4.821713713632175491e+00 -3.371313698820344928e+00
-1.495880319172358774e+01 7.992640876576994735e+00
-1.809477635446109289e+01 -1.780566374596778134e+00
-6.876150645708488440e+00 -1.324200180393603077e+01
-1.214889363155962876e+01 -4.429635075273951061e-01
-7.892700364769932975e+00 -4.896100883594347586e+00
1.696071299620695472e+00 -1.175346099285915713e+01
1.425052920787453559e+01 3.842076436350843949e+00
1.171834698970447697e+01 -4.813626859136137526e+00
1.163524158424360877e+01 1.107320705614011969e+00
1.818695355462965457e+00 3.952472852166944328e+00
4.498484658370363043e+00 -1.490679163098568338e+01
3.920625121987489692e+00 -7.088536818543714979e+00
5.828445436736689800e+00 -1.419214638348432977e+01
2.061416628346023572e+00 5.644814076596481378e+00
-8.282359876194025361e-01 1.224652753545769190e+00
1.093537417530208877e+01 2.729082139711783483e+00
-2.598032539357117976e-01 -1.430855001461094211e+01
-4.045331474803798066e+00 -1.446948911730189380e+01
-1.880275504190500158e+01 2.677356111308689446e+00
1.130687632690203870e+01 2.998655057321403916e+00
-1.726509305471821065e+01 -2.909566483644684176e+00
-1.522226514897693939e+01 5.029276872329806469e-01
-2.298012084939303534e+00 -3.022613940574339519e+00
1.432556011326008338e+01 -1.486299391787210045e+00
5.271996241954455265e-01 -4.622448039955676435e+00
-6.067896408974144506e+00 -1.290503832902513415e-01
1.116815635906175253e+01 -4.687122719935141291e+00
-8.960529233282575889e-01 8.535326565449145031e-01
7.256828799983202849e+00 -7.522612775649621497e+00
3.834028458119953964e+00 -1.126432275339794487e+01
-3.378077705601373992e+00 7.232374535212596989e+00
-1.300610606256900681e+01 8.077256614106421040e+00
-1.204226829676011334e+01 -7.722970345498718636e+00
-8.807545313692093814e+00 2.987720990659797238e+00
-4.335084677750834503e-01 -3.104478441781702180e+00
-2.248348570356922593e+01 7.402229444497063326e+00
-2.494594749604939210e-01 -2.086959807554399360e-01
1.496873292288756652e+01 -6.268693817376917110e+00
5.977062427678858647e+00 -3.438082967595093020e+00
-8.516993275736748359e+00 -6.100630009622910244e+00
1.376161022837034409e+01 -1.267338563357030878e+01
1.064181451063442552e+01 -1.127772556010898342e+01
1.423341273475324265e+01 -1.332541676878682679e+01
1.299160508309235595e+01 -1.376515838526240820e+01
-1.092904767916230568e+01 -8.173723372451735969e+00
-4.771528845830759757e-01 -1.077243916865102946e+01
-1.842185902987515433e+01 4.579797242590512241e+00
1.285628427736406465e+01 1.504340815397418041e+00
3.288474073647328577e+00 -4.332152636374427684e-02
8.655177994776355632e+00 -8.613236611094547968e+00
8.908505457647063253e+00 -2.997513775953434934e+00
-5.137780241026280947e+00 -1.388485629335722749e+01
9.968474873889080712e+00 -1.716112755803957945e+00
-4.878036673916170685e+00 -8.665822553431233866e-01
-1.306110513692151720e+01 5.083109126768062147e+00
-8.172769211154115254e+00 -7.151364278724120283e+00
2.705331889526521039e-01 -3.585307494119999383e+00
1.300072460713804468e+01 -5.198311224467198066e+00
8.508263007778438691e+00 -1.191515671555531242e+01
-1.145108082312061981e+01 -2.305018236673063381e+00
1.952102878906996297e+00 3.270366065854592441e-01
1.742298537979588113e+00 -1.348745687891206657e+01
-1.064230262233193613e+01 -4.086611461251663968e+00
2.656122428801933832e+00 -7.175620343321986283e+00
-1.852475613938502619e+01 -1.857598595512895523e+00
-4.493296517409942070e-01 5.473809322756120199e-01
-5.957082714046560312e+00 -1.304545320767694783e+01
-1.620881556949495916e+01 -4.847039024569130383e+00
-5.226672802796143991e+00 -5.728683000675596659e+00
-1.164850389399774322e+01 4.609707348385382986e+00
2.329375273214821629e+00 -3.879273451026074016e-01
-3.195698023977655566e+00 -1.122629144281083136e+01
-1.229308937833312143e+01 3.440530339558654838e+00
1.118074749498284248e+01 2.623028498976692102e+00
1.146343918364169490e+01 1.020077909528098559e+01
-8.935579757590723204e+00 3.046325702508028144e+00
-1.728950144272476663e+01 8.282478039136070835e-01
4.035418719189877379e+00 2.558670923941514630e+00
9.312284702062499919e-01 -8.274094773249467849e+00
-2.815337530454735226e+00 -6.818459568446312069e+00
-1.899723598696193605e+01 4.286034233414044436e+00
-6.384234385654752764e+00 -1.396690797847581500e+01
-1.450849278897546846e+01 -7.694408719865397650e-02
1.153933708098368927e+00 -3.857774632593978126e+00
-2.592154021135699438e+01 9.389797467232829931e+00
1.097420883678172387e+01 -4.621585353424950249e+00
-1.044073120915554576e+01 -9.584583793047098510e+00
1.566631738121787087e+01 -2.918291785969832297e+00
-8.436486023010363766e+00 -1.275458553998699607e+01
-2.286992139561811044e+01 8.385790152677232712e+00
-1.896367080982867392e+01 5.924042356703288492e-01
1.199980020003737025e+01 -8.071559665743626155e+00
-6.016290506819965245e+00 -1.404049898744091429e+01
-6.089669472178119491e+00 -9.162213594856167376e+00
8.282094005057800246e+00 -1.319025728116413987e+01
-1.905783375246651445e+01 -1.365479530389776874e+00
3.696340333529093414e+00 -9.260835694681794905e+00
2.611847468041695874e-01 -3.574904100373286653e+00
7.051336404573554262e+00 -1.880883409573286258e+00
-1.444337353903071097e+01 -9.198281145157968908e+00
-1.944156972955168072e+01 -2.588688552933580134e+00
-1.730767786632731386e+01 3.972208117987325426e+00
-2.381506955422759830e+01 8.937072779506957332e+00
-1.262755755363018373e-01 -6.587249490650313177e+00
-8.952298203026600731e+00 2.961463354136583348e+00
5.683640547350646166e+00 -1.499485762872744843e+01
1.042150620760795832e+01 1.118895593912967223e+00
1.457995033010003993e+01 -9.794496686251630280e+00
-4.996297230829171987e+00 2.396008110217591636e+00
-4.772159060240338313e+00 -8.588008948473381921e+00
-1.813018815695530250e+01 1.474135748204214447e-01
5.107505318835248609e+00 -1.137307116585092004e+01
-2.574326504534991678e+00 -3.641824564807794040e+00
-1.336069138732222150e+01 1.695919088217074933e-01
-1.689287535628271897e+01 -6.994680583227232518e+00
3.630384036507236623e+00 -1.532449449123527252e+01
-1.429998651844053192e+01 -3.815223237706141468e+00
9.778948370516618027e+00 -1.918138339012408711e+00
6.017757160095687397e+00 -1.522647602805503375e+01
1.320436120115634271e+00 -4.215493260762328553e+00
-4.005071983253374768e+00 -1.293941954927470128e+01
-1.237108747588842483e+01 1.748619827886254210e-02
1.146325296154240370e+01 1.020124423007490755e+01
6.051769345466263772e+00 -9.212118835570057840e+00
1.173677298243985589e+01 2.782829946535247956e-01
-1.912038941508176748e+01 -2.031741010105048151e+00
-9.956062768009115160e+00 1.364902898788230123e+00
5.913544152915850560e+00 -3.471099032606857371e+00
4.378145232675049847e+00 -1.496438563343136074e+01
-9.607539490449292785e+00 -6.901875606072191083e+00
-1.837724852733617809e+01 -5.863404067956730970e+00
-5.123153619382108559e+00 -7.575201143204020937e+00
-2.088545997240229113e+01 6.002292002608770716e+00
-1.216610753475289819e+01 -1.711227003065222574e+00
-3.986513435071809663e+00 6.825277135600669176e+00
-1.077015853521833044e+01 -3.315890796046795597e+00
1.375358038474303157e+01 -7.312925867067494146e+00
-6.219133815141281829e+00 4.251127526347812102e-01
-1.873186195021285627e+01 4.505833424048662827e+00
-1.768103281567686480e+01 5.153740031389971721e-01
1.201802698827373916e+01 -1.269145903490209948e+00
-1.943510476109749163e+01 8.335633076611429715e+00
-1.492576241509518553e+01 -9.114392501453432160e+00
1.333906118892955206e+01 4.563673221784458889e+00
1.075435097633729065e+01 -8.499234778114770350e+00
-9.784550108211364616e+00 -5.513114040815628059e+00
-4.283252041352789696e+00 2.359902563016684329e+00
1.829370970084049919e+00 3.744080962241883803e+00
1.331601243570487370e+01 7.338941520335072743e-01
-2.579873006614308650e+01 9.391326156140909376e+00
-5.791009706954183933e+00 2.193986804975368354e+00
1.281377711356325300e+01 6.097712285619057759e+00
4.568818505093204863e+00 3.766286336369093490e-01
-1.938431263208221011e+01 5.136580053358531295e+00
1.326726660172929328e+01 4.592411039971906916e+00
-5.731802390406916636e+00 2.120601853871560749e+00
-3.494675387179146497e+00 -4.960870902652765757e+00
-1.215042748998723887e+01 -2.658750664885903836e-01
-2.065481851178512684e+01 -1.163239132091113959e+00
1.134382986359023704e+01 -5.023666469212090924e+00
9.833077540829735952e+00 -7.565363571494516215e+00
-3.452208256282984777e+00 -1.296217400174521828e+01
-2.233950580542930808e+01 1.014566829674125970e+01
-1.479280915291855258e+01 7.329107897947856998e+00
-8.401100896625363745e+00 -3.185328949840235069e+00
-3.167730635670104267e+00 -5.346145015318002791e+00
-1.061108033363414549e+01 -1.053566065684208475e+01
-2.179003481434912715e+01 4.608891880522890894e+00
-5.004102970814832574e+00 -4.827646568413285877e+00
-1.771511549100531768e+00 -3.165895385642049309e+00
1.423080672711584427e+01 -2.223015035181569177e-01
-1.758724805878892283e+01 4.423342217464273141e+00
-1.678146287534831060e+01 -7.613666239773599465e+00
-1.819552839693635349e+00 -4.121803452601654705e+00
8.706623632621813158e+00 -1.146574852826982749e+01
-1.952034746053419312e+01 -2.204885759989665406e+00
4.016127203033398985e+00 -7.921584170701509997e+00
4.021602913037215288e+00 -1.137977405325013258e+01
1.117353436964974556e+01 1.360104629251731367e+00
-2.051226765272470232e+01 -5.774054700505836246e-01
3.414162585865612609e+00 -1.013556747190583351e+01
-6.043598643988056018e+00 -1.403042738094287323e+01
-6.877534210554539840e+00 -2.450789064913469151e+00
-4.264572553860001669e+00 -1.003593970378437383e+01
-2.154783785916767780e+00 -1.033517996037511999e+01
-5.396625190610346401e+00 -7.668046439044791995e+00
1.395519520672354519e+00 -1.289669094717778819e+01
-1.337313924056617864e+00 -1.087762253194560813e+01
5.012476348636018209e+00 -9.414225767585339355e+00
6.692889890439738920e+00 -1.234368474460464604e+01
-1.673235835791508563e+01 6.974009458338920053e-01
-2.249950634970226560e+01 5.333501670270855755e+00
-8.277751682891658191e+00 -1.573938556777063069e-01
-1.246884112988474236e+01 -9.201576230962043468e+00
-1.042330643670548085e+01 -1.204973259352554216e+01
1.296767281034699515e+01 5.139786968001073042e+00
-2.045309843882700918e+01 -6.152019369857242292e-01
-1.107127685532466721e+01 -8.053316968378998908e+00
1.295078659067168303e+01 -1.107190303951269250e+01
4.850750649275672011e+00 -8.463968079931143862e+00
-1.242512631808434698e+01 -2.463394646842963276e+00
-6.149778020482499663e+00 -3.828008314249442989e+00
-3.481102146709217138e+00 -1.318068013613484446e+01
3.416371385204432176e+00 -7.536305110795921358e+00
-1.613652994434990973e+01 -3.320124842813636068e+00
-1.799349440020210977e+01 -5.647920904128840291e+00
-2.148084928053854625e+01 8.077943096701110548e+00
-1.946371993990807070e+01 -3.721969484805852435e+00
1.313277447163399714e+01 -2.705863233793487588e+00
1.441692739087333308e+01 -1.336460418435700070e+01
-1.674466779382404269e+01 -7.274834168049999050e+00
-2.013452963396440865e+01 -1.965672192023729892e+00
-4.591914539874520251e+00 -5.272778822334098336e+00
1.242578526992338439e+01 2.132694449471185028e+00
-1.932254398416808172e+01 8.340211002236157967e+00
1.152069199971624691e+01 -1.359559653749145269e+01
-5.715836191662406751e-01 2.921953886325426852e-01
9.159090749291094014e+00 -6.526367453278743014e+00
-2.088076068892122805e+01 8.262371837104574013e+00
-2.353710742613133622e+00 -1.142404548811240339e+01
-1.405536413703416443e+01 -4.019061845387748022e+00
-1.230778075041370734e+01 4.992845693609894830e+00
1.138609292244051119e+01 5.531766031800390060e+00
-7.266071605832781444e+00 5.075956235287392149e-01
-1.869377329093666873e+01 -5.134804118531536510e+00
-2.140057828043350874e+00 -1.420274022912191114e+01
-4.735972075821570648e+00 -1.419705018778131667e+01
8.111787526568744466e-01 -4.684336747838128368e+00
-1.094587090043997790e+01 -9.782186323160576791e+00
-1.246126060691473292e+01 5.028126562449141801e+00
-1.565461909134172380e+01 -6.748929088486502081e+00
-1.635346721269984016e+01 -6.552231765203817559e+00
9.772277415757034902e+00 -1.433252584760461978e+01
-1.556810340677802884e+01 8.617823346468354018e+00
1.160914666671149398e+01 4.678383951155869469e-01
-1.094387543034669719e+01 -5.554867444357113548e+00
5.324388624913538592e+00 1.178726275885490837e+00
1.097788497755051473e+01 9.753993303109503854e-02
-1.155048722800296446e+01 4.316902631729345075e+00
-1.576328399884342701e+01 8.764520584473270759e+00
2.235365097939123302e+00 -4.087437132713173327e+00
-1.204272761709110284e+01 3.581097437308047748e+00
-3.710893507511944467e+00 7.200309763418440312e+00
1.165281599252435285e+01 -7.944276339506707529e+00
4.635977872269932298e+00 -8.691681827554965878e+00
-6.552359546698724557e+00 -4.255981607297392166e+00
-2.578758122908277173e+01 9.406817245306292818e+00
1.298479837223673528e+01 -4.848699564781782101e+00
8.545349515697310494e+00 -8.681993590677668848e+00
-1.905099024225801330e+01 5.096474087644484285e+00
1.613857493260997034e+00 4.276027288565114937e+00
8.445994266598443545e+00 -1.304434068125875257e+01
-5.775335297293568537e+00 2.060889851946847262e+00
6.245877598561420108e+00 -1.115879476920674307e+01
-4.100637029616138740e+00 -1.392263410375262644e+01
1.075869345599625859e+01 1.475793076812507820e+00
-2.143955296699421087e+00 -1.257161594882713196e+01
1.001376186178609018e+01 -1.300420331905263183e+01
1.122343747006574688e+01 -1.603773712110569516e+00
-1.218936807126895872e+01 -9.259892602890211322e+00
-1.303801234909250439e+01 -7.826744043590495359e+00
-3.472678814996561947e+00 7.216224949120912058e+00
-1.102467324035757912e+01 -2.696254942923308917e+00
-1.383301545492805218e+01 -7.902651740218515464e+00
1.144093017861248462e+01 -5.211473762019865674e+00
7.209768021920583969e+00 -9.664026906799390915e+00
-9.914925549599546528e+00 -4.008166342127438497e+00
-1.453307967554256841e+01 -3.944438007588526141e+00
-9.544771057277610993e+00 -1.264050748877656005e+01
1.447639348244279134e+01 -1.415041078897509408e+00
-1.648553494333028269e+01 -7.507542926155204910e+00
1.146343352998468923e+01 1.020079266833633014e+01
4.826171077223020411e+00 -1.412073357966644771e+01
-1.473252839703868666e+01 -9.954681164761677081e+00
-4.311990784170241398e+00 -1.418841293954610450e+01
-5.688334810139860309e+00 -1.104096624194245990e+01
9.625198054528693703e+00 -1.425937179544239797e+01
-2.169936622519514913e+01 3.379381475706386251e+00
1.396441268478499032e+00 -8.388335136312836227e+00
5.978013195039932448e+00 -7.098199225538624757e-02
-2.542555504278536560e+01 9.391571949711432055e+00
-1.575481833604790793e+01 -4.703950573043207406e+00
-2.502843546616819737e+01 9.408989736473364118e+00
1.350413438110648556e+01 -7.258430357927503351e+00
1.493129037580773044e+01 -6.580174738720657501e+00
-1.611769999976937839e+01 -5.091906881677447316e+00
1.416279082440029091e+00 -1.319373017510404722e+01
1.146327333891925448e+01 1.020119230441624225e+01
1.241165317213084407e+01 -2.798724680199971449e+00
-1.045871908003491946e+01 -1.092449982291172406e+00
2.475186782324138246e+00 3.776981204084791877e+00
-8.728740618835434617e+00 -5.532679399892434624e+00
-1.817251333038656824e+01 2.907131194764995263e-01
-9.567002703252260432e+00 -1.266851488120227209e+01
1.146603793090855916e+01 1.019429361904640707e+01
-1.712386494443051532e+01 5.595367689487331653e+00
-7.015898118650045312e+00 5.171321702520970121e-01
-1.798761310975114380e+00 -8.055638246308259198e+00
-5.201473044976994142e-01 -8.211696317473677897e-01
-7.103853863406420110e+00 -2.380870063453619068e+00
1.712895439273381948e+00 3.447629189822829954e+00
-2.359671904763987982e+01 8.864086550508234907e+00
-2.324564131277991663e+01 9.128762129375466827e+00
1.436074938065599227e+01 -1.378278749608764997e+01
4.254832299751382330e+00 -5.739920297740541244e+00
-1.849205192640815199e+01 5.004630026197768977e+00
5.777705119409572987e+00 -2.393632165736962136e+00
-2.502155717277126712e+00 -2.998291869293754353e+00
-1.949813262457761098e+01 -3.957168676149712461e+00
9.779179468408273124e+00 -2.459449306609027275e+00
-1.152533044436971643e+01 3.793112200330743367e+00
-7.710887888768703569e+00 1.518622314809487395e-01
6.535649784448268385e+00 -1.203126695642757937e+01
3.872269708388709653e+00 2.527157081140371186e+00
1.103494147586029861e+01 -4.160104276771443566e+00
-1.628913073630992026e+00 -5.482645862119876590e+00
-1.925967641299873989e+01 8.229575132630747802e+00
2.411707800884099306e+00 -1.281299812241526936e+01
-1.982511461567943911e+01 6.166201397039847265e+00
-3.588027175945279534e+00 -4.651524207956154733e+00
-3.477371375647632323e+00 7.229806070333036239e+00
1.179727364179989735e+01 -5.367146651010566011e-02
-4.842298745824892059e+00 2.392204399738343312e+00
-1.937053707195292773e+01 7.379915759032248390e-01
-1.473524746779694006e+01 7.904435617560261917e+00
1.178461807489915181e+01 -5.063990235244256510e+00
6.643744765589597812e+00 -1.420610883668822488e+01
1.420771999244837325e+01 -1.337794387559460318e+01
-4.694717221817014341e+00 7.873727961726540769e+00
-2.101592928078787281e+01 9.893940425619147661e+00
-1.547366402540664687e+01 8.521633157936904013e+00
-1.220547447042380718e+01 -7.985696760462577259e+00
2.996556064932305308e-01 -6.998623598498181941e+00
-1.539787238765264554e+01 8.563928678600602140e+00
-4.607799825390960891e+00 -8.541505205387197819e+00
-5.171584352439733578e+00 -2.267974958716485467e+00
1.176551639359540502e+01 -1.322541706705908560e+01
7.943852483773109263e+00 -7.481865383510312384e+00
-2.362425047865832184e+01 8.706278659336764036e+00
-1.742512633803784539e+01 2.622592983509112852e+00
-1.618585246284874302e+01 3.066328790274348570e+00
-2.115051684471568905e+01 1.010784187794635081e+01
2.999521882633347847e+00 6.580847466838639193e+00
1.114600322423500423e+01 -4.940307536482415607e+00
6.231769136919556029e-01 -1.210588879814469720e+01
-1.531711612790348553e+01 -8.465370391910957082e+00
-1.568354786485217289e+01 -8.076714509400851227e+00
-1.319302458498704844e+01 8.153499227566529228e+00
-1.101852571583361318e+01 -1.141397722763565348e+01
-1.494326618853029487e+01 -9.232071260778646149e+00
-1.275291899259770290e+01 -7.410771452331958997e+00
-1.245972591950074637e+01 2.506624943613077749e-01
6.347083299159398173e+00 -1.263965649346438092e+01
7.147593789699709710e+00 -7.770371369365681957e+00
1.141657333843730626e+01 -1.151788465160613129e+01
-8.736346260308798239e-01 1.469724971351718867e+00
-1.999548367936961668e+01 2.419018345963950711e+00
2.646087223569946190e+00 6.234858117284251655e+00
1.146680409064224371e+01 1.019238389945890866e+01
-1.159465122092127132e+01 3.777600692132222271e+00
-1.876508857760111226e+01 5.399161786170902921e+00
-6.245037076263177056e+00 -9.437602386039625202e+00
-9.446586802739927791e+00 2.456087593214269837e+00
-9.320051590925023888e+00 -6.953941630247776118e+00
-9.604486376481837340e+00 -3.420513110962585035e+00
-4.999409918900808769e+00 -5.607840123693435430e+00
-1.950864727207663663e+01 8.339473076079929825e+00
4.549987030747855599e+00 -8.461981513616251505e+00
-1.010520059526874270e+01 -8.696278210085974791e+00
1.077159010131081018e+01 -4.559266343403196586e+00
4.134007879461799817e+00 -1.499173773917611818e+01
-1.874023787652626183e+01 5.166270862455853319e+00
3.880347955765761081e-01 1.486874409884605397e+00
1.778187557476878400e+00 4.116836213577546033e+00
1.264610021902120707e+01 1.871730620441237614e+00
1.369463743799293365e+00 -1.409035405834968913e+01
-1.384883491724803406e+00 -8.932120498091929761e+00
3.774679718223676428e+00 4.013699917042368170e-01
-9.676130808904316538e+00 -6.023126574106639985e+00
-1.496164779527949307e+01 -8.296217950400125218e+00
-2.030400642347305507e+01 2.527006300074866374e+00
-1.677693965550679067e+01 -3.214864281375960253e+00
-1.465462662534633687e+01 7.018473487859553828e+00
-1.652362303211559791e+01 3.875114232387646962e-02
-6.921147870505864885e-01 3.208670413855448933e-01
1.388816076410064504e+01 -9.220843449092956945e+00
-4.225777350627823559e+00 -1.468612376240531425e+01
2.258151800384627261e+00 4.753982135044768076e-01
1.146339568080291826e+01 1.020088812605191109e+01
-1.901183450537321917e+01 4.940634890212363572e+00
1.030140291645125927e+01 2.766401521026648158e+00
1.329434102211376434e+01 -5.971931622855234600e+00
1.430599904138670908e+01 -8.301762211391094937e+00
-6.641156186360697156e+00 -3.793206452870603762e+00
-1.947506051295135432e+00 -1.465502911398240116e+01
-9.385419254468521544e+00 2.823111808888318919e+00
-7.047643909634497383e+00 -5.399510605800410090e+00
-2.170402102111658849e+01 4.569440265558960768e+00
1.332768361910142652e+01 -1.112180610363163780e+01
-1.275427320494925709e+01 -7.675363114416542842e+00
-1.689609706712907311e+01 -3.303032505967936849e+00
-1.526411209240921352e+01 -3.852947305720369808e+00
2.790817074748033200e+00 5.699539122058124185e+00
8.844723835321010696e+00 -1.131520535999091770e+01
-1.115299484268429353e+01 -2.703713456941977622e+00
-1.617112051898548675e+00 -1.384720422041909060e+01
3.337286418409600941e+00 -1.538684432293361937e+01
-7.548667982073803628e+00 -5.530740324161985022e+00
3.151454420462343364e+00 6.679455500123589573e+00
-9.631458709117538319e+00 -6.094005901936828451e+00
1.535490807329622420e+01 4.009834063292408324e+00
-6.182795232477560354e+00 -4.533657913158062769e+00
-2.059407860926657108e+01 7.334272548453205864e+00
-7.580699149729329456e+00 -3.861673495597325978e+00
8.090099137901216153e+00 -1.181970303883382201e+01
-9.407603228157396913e+00 -8.587477426029250793e+00
-1.151426724343488317e+01 4.217247939882549090e+00
-2.597656764902168192e+01 9.382576656853535368e+00
3.366492167652566092e+00 7.032963087964455795e+00
-1.934799374981885478e+01 1.757982021549937324e+00
1.146416998842222235e+01 1.019895635697861813e+01
1.264010506276470558e+01 -1.189488126938123003e+01
-1.734128183754928543e+01 -7.758893338534139650e-01
-1.870538773127891474e+01 -1.417894019466059641e+00
-4.983902458195372809e+00 -1.037203489458136652e+01
1.147112263992350734e+01 -4.434105183569482911e+00
-1.570428373419151757e+00 -1.407890942078210905e+01
-1.508018624961049703e+01 -8.666210610702389516e+00
2.620030352062588275e+00 -1.028045556639303548e+01
-5.204197047866035319e+00 7.113477410967499193e-01
-1.239590533368230751e+01 -8.835334977676128076e+00
-1.077498695101414938e+01 -1.158321444111104981e+01
-3.708936575451638351e+00 -7.949101259983903489e+00
-4.250784094666177459e+00 -7.990541763377773776e+00
1.230899301965500747e+01 -1.201366262181234923e+01
1.096645824160830074e+01 2.457482000026220970e+00
6.821978560607646180e+00 -3.693243925495846902e+00
1.342918230923414313e+01 3.481558992161163602e+00
-2.262603266739111885e-01 -8.449033824729774267e+00
-2.086951215988194264e+01 5.184190043594179897e+00
-2.725951943684567502e-01 9.426635185311298126e-02
-1.664458229874742656e+01 3.659864927955910119e+00
-7.392788336950125938e+00 -1.303822288362735726e+01
9.098571570305962197e+00 -2.455258768392841517e+00
-2.319102949620808829e+01 9.960299995314931820e+00
1.350002633693590326e+01 -2.967580639431573353e+00
1.082576895434752995e+00 -1.304789288154740845e+01
1.023898255880850527e+01 -1.261004501063765026e+01
6.713501012770116683e-01 -4.318991169923947382e+00
1.336310742550547026e+01 -1.364297855881471833e+01
-8.345140808545609801e+00 2.016162675205442678e+00
4.501583725133013747e-01 -5.293635254970706638e-01
-1.323468937083668173e+01 -3.657329647592347133e+00
-1.770531638768919436e+01 4.187574045492393537e+00
-1.436248386208633709e+00 -1.406668534805993609e+01
1.246464974574600681e+01 -3.648700935604095363e+00
-1.613406049290588484e+01 2.080287707046090950e-01
1.393729234949412366e+01 -9.049565166809689032e+00
-7.028753501188388597e+00 -6.534776870804707372e+00
1.491582043639114552e+01 -5.954266863242037466e+00
-1.132822267332536725e+01 -2.901676270753001941e+00
-1.125058330643002158e+01 3.812855926744037838e+00
-2.378638991192953256e+01 9.181741462885947058e+00
1.212342540875626185e+01 -4.656689460741597619e-01
-9.872603571362702723e+00 -8.864908498694813233e+00
2.097998916015288540e+00 -1.299894582553199562e+01
1.237114211546884768e+01 -5.026739819589386649e+00
7.086543906834323892e-01 -3.455461711649951528e+00
6.190571517374530153e+00 -1.046304555233529676e+01
4.436907462608063568e+00 2.860948392087980796e-01
-4.744446723640617591e+00 -8.315768491111873217e+00
-2.997484771874248999e+00 -1.986792798590730103e+00
-6.346772107504012439e+00 -7.055819459830161122e+00
7.414934325981850982e+00 -2.277926839549363702e+00
-1.734818957478641899e+00 -9.114154595327752517e+00
-4.392120369089737686e+00 -1.203620497583066395e+01
-8.035443653127503083e+00 -4.988263661497903456e+00
-2.201685128319429907e+01 4.210254738327122936e+00
1.194386156367644602e+01 -7.901444558559648002e+00
2.138445561346555390e+00 2.391169242203103895e-01
-3.192087722446189435e+00 -1.030078423394259346e+01
-1.416066062921826862e+01 -2.905322187460407601e+00
-1.719080136539454529e+01 5.306672965008669252e+00
3.250027246210898113e+00 -4.605257572349271911e+00
3.290375264351102835e+00 7.392480615380713216e-01
-4.591223299665583291e+00 -1.461787101151806212e+00
-7.185675333709811596e+00 -1.314283027573021201e+01
-1.703863752349969474e+01 8.136110006002541528e-01
-1.599749104624008034e+01 -2.798266243808447129e+00
5.797173688724931218e+00 -6.847113533784504824e+00
-2.184085267253876594e+01 3.921403369990445142e+00
-4.097073509254018475e+00 -1.495194640716906598e+01
-1.296949207826489214e+01 5.085431728063278811e+00
-1.909612844970708423e+01 5.427367133212689154e+00
-1.533010749717197463e+01 -3.099671994212183090e+00
9.248277612859153507e+00 -2.499886088971077225e+00
5.807310867447464275e+00 -8.969117532002130133e+00
6.091165255007757295e+00 -3.554785271459777629e+00
-7.094733806982351787e+00 2.123496248897667193e+00
2.654990888254709969e+00 -4.147963842845634019e+00
-1.866255840284677348e+01 2.468731241175396995e+00
-1.758610698180538634e+01 6.222596508527026282e-01
5.936558240407071807e+00 -1.062875809078832212e+01
-1.572975927774305127e+01 9.671705202423419578e-01
7.802913056935853575e+00 -1.315650111885221030e+01
-1.060034479934281926e+01 -3.763416496439956127e+00
-1.658300969120784529e+01 8.342736500011609380e-01
-2.115238000236566407e+01 5.238552324084726486e+00
1.579704790973602968e+01 -5.154530388729622103e+00
-7.191695389649449766e+00 -6.121328974135781920e+00
-7.894330352028926967e+00 1.767409473302079537e+00
-6.051520035922503205e+00 -2.451621237595515090e+00
-6.551118756045575253e+00 -1.269787542332583641e+01
-1.528864316854157934e+01 -3.392388551441630540e+00
-2.806859685828215323e+00 -1.093204753807319030e+01
4.041896659820027438e+00 -1.515098172779124575e+01
-4.817459217617843237e+00 -7.184852492098464438e+00
-1.237126141650131572e+01 -8.095019114092892210e+00
-1.239246455561409199e+01 -7.079917267580739804e-01
1.321862224610683967e+01 -1.243022406164526039e+01
-4.760325196518513380e+00 5.231869711215246355e+00
5.976725088895581628e+00 -1.029723045822306560e+01
1.120888215285352540e+00 3.026880677138254594e+00
3.516372071821810774e+00 2.499569531442798809e+00
1.138326696322178755e+01 3.111057126006588014e+00
-1.869740802001636837e+00 -1.424172054075655680e+01
-1.985009061099784944e+01 4.077670347605734769e+00
-3.931518331529284094e+00 -8.018054979028809370e+00
1.165419261039209431e+01 -2.867834730729451831e+00
-1.298988924813987822e+01 -7.560828359261908105e+00
6.851175039725526439e+00 3.616303079597012360e+00
-6.537643950327820974e+00 -4.824601209478085018e+00
-2.155515321204769563e+01 5.143944586168589517e+00
-2.223675831484444387e+01 6.719300720501359514e+00
-1.367536079293059181e+01 -1.737970202857763269e+00
1.298132720139653529e+01 3.899761434459251497e+00
-6.055534525202427076e+00 -9.510233448380840393e-01
2.248168611546568663e+00 6.035521667433860316e+00
-1.642370695952089932e+01 -6.990159466176302239e+00
-1.115977734483340100e+01 -1.153883392583742307e+01
-1.734327985856173626e+01 6.600618218510637125e-02
-9.971970038454281982e-01 -5.329752923082033966e+00
-1.502751509013148912e+01 -8.557939542342234418e+00
-3.919850235028280228e+00 -8.428261816143194807e+00
-4.612398107963346483e+00 5.630691370655672934e+00
-1.052020738478055151e+01 -4.743879021058689638e+00
2.439977640162917183e+00 -1.072916105646698881e+01
1.416679298279222010e+01 -1.409713652822246921e+01
-2.181181913017398344e+01 7.967217968059149946e+00
8.988518597774142194e+00 -6.534087201417031920e+00
5.130856281454166279e+00 -1.459138740107713517e+01
-6.613328851944277886e+00 1.055653359798756075e-01
-1.056523951062351507e+01 -4.534582390789773321e+00
1.107660001410306627e+01 -1.782581159502208967e+00
-6.049647292168778279e+00 -2.531528708395565541e+00
5.882926989828964004e+00 -7.921022511246326836e+00
-7.196548202640162373e+00 -6.372621132821393530e+00
1.146349350048744142e+01 1.020064508385664759e+01
-1.150353740796557034e+01 4.229147325438833427e+00
-3.743154469605521228e+00 -2.620277694762640941e+00
-1.266839309097466604e+01 -7.882022619296384036e+00
2.953586662960576703e-01 -4.898241369838703285e+00
-2.006394614177684588e+01 -3.237706773878304300e+00
-2.204087069096115670e+01 8.400641030522150388e+00
-1.522791734436616906e+01 -9.043094449178505911e+00
4.569071362780747769e+00 -1.503719421061139094e+01
1.325449606514181866e+01 -1.335890756824843528e+01
5.254056234822044757e+00 -8.585319050979014932e+00
5.046786573975314383e+00 -1.408124257487270548e+01
4.955824655852841154e+00 -1.512938588007385476e+01
-1.620945909116922223e+01 -5.055878289921277080e+00
1.050170394382903538e+01 -7.483591963435243244e+00
8.979400233903177764e+00 -5.987424566200179932e+00
-2.347018223375251722e+01 9.033544822527570517e+00
-2.588980443272992460e+01 9.392639760153908668e+00
1.098882664449135227e+01 -1.363841528491190758e+01
-2.272295787492909724e+01 1.008555376216660449e+01
-2.245676175600901203e+01 4.993572363647381884e+00
-3.169950333561835532e+00 -6.821446268802278112e+00
-1.438360376404757979e+01 -3.454487529924662681e+00
-1.095724774912275556e+01 -7.369419526648085750e+00
6.568400896288788537e+00 -9.382380791892163785e+00
1.244894526079031039e+01 -3.201942387703106796e+00
-2.410583121234240167e+01 9.088602019553018607e+00
-2.283400828871037547e+01 8.879916904117182597e+00
-1.343500706484821805e+01 -4.952843574661007331e+00
1.238901754608318839e+01 -1.224929400802804125e+01
1.196010844492565361e+01 -3.004749525258055415e-02
6.463990412023727039e+00 3.503493054215784497e+00
-1.934974364084693643e-01 -1.594062392474369760e+00
1.184441081746768631e+01 -1.326156199940959368e+01
1.438110852003140039e+01 -9.987045383552003441e-01
-9.920161938391473200e+00 -3.225880903171061131e+00
-9.494976255977608304e+00 2.977279123789280835e+00
1.376428944846362157e+01 -9.248360240016452849e+00
1.308414363271219472e+01 -1.137342881308522102e+01
-5.944087055970463496e+00 -2.860821611036383327e+00
6.384219226209937759e+00 -6.743875994346622882e+00
-4.432927254287958085e+00 -1.388652478190360817e+01
-2.329060188741595994e+01 8.779956375795485712e+00
-2.591559064113224764e+01 9.386560434472484005e+00
1.535986060246592722e+01 1.952554459891080896e+00
7.088840399983816098e+00 -1.215627237087056756e+01
-9.887078684724892597e+00 -3.683361350839269743e+00
-1.225451056721266418e+01 -1.227885602036618673e+00
-1.087026059517109999e+01 -8.565575994019413386e+00
1.206134567420992809e+01 -9.565548204498771634e-01
-1.682192225820991283e+01 -3.002577130539684003e+00
1.511805120767995092e+01 2.220221443492756741e+00
7.212393815621133797e+00 -2.247816983316007988e+00
-2.190530813465116466e+01 7.832996182197185853e+00
-2.117101514758588721e+01 5.485851780751613838e+00
7.231838719787677228e+00 -7.603805804954977710e+00
-1.685484150815382276e-01 -1.419607701071831052e+01
1.247325202855096649e+01 -1.252396743122047518e+01
1.022446458335334718e+01 -1.399681698264833329e+01
-2.343415168113756764e+01 8.326050679948869160e+00
1.555806743331700437e+00 -8.564263770995259151e+00
4.889518646097484655e+00 -1.475300098396809645e+01
-1.049920273422691608e+01 -1.011596680780021096e+01
1.269505048981145912e+01 -1.379703629951121435e+01
-1.629038547332475417e+01 1.964928148477142589e+00
1.026764173478867193e+01 -2.381595722643791380e+00
1.239530697614545929e+01 -1.025240052952851144e+00
-3.527762332426335856e+00 -1.112943397824825631e+01
-6.017958979131430297e+00 2.085783878138692593e+00
6.861665995930147588e+00 -3.347183210583680957e+00
1.522527116138492964e+01 -5.318046515670281416e+00
2.983071630218920856e+00 -6.180803956827399581e+00
3.149356953434082396e+00 -8.552408290508260791e+00
-1.760481332555785627e+01 -6.566475059257536273e+00
-3.746409984276405591e+00 -1.092242966815760852e+01
7.596265813843633197e+00 -8.949173136508161264e+00
4.417189195613809849e-01 -1.376343241027623421e+01
6.504322760067655196e+00 -1.109518512479251307e+01
-9.850502258171502490e+00 -7.164336427634540705e+00
-3.934743675782856887e+00 -1.236376079356284841e+01
-1.962602288655082816e+01 5.339741540273243103e+00
1.167155625433291455e+01 -1.334158917722636595e+01
-3.357306206819715699e-01 -6.654933519369131467e+00
-5.585257085278118261e+00 -8.772385348372475633e+00
1.146339286824400183e+01 1.020089479116712283e+01
-4.300825396067180506e+00 -8.177493033411142420e+00
-1.750097872115854614e+01 1.481372667063608040e+00
-1.934131999218393361e+01 -3.497753553713721431e+00
-2.155922155262879158e+01 4.149837917760682338e+00
4.550800234301094704e+00 -3.542939929462714410e+00
-1.585565481935475418e+01 7.787111183135445591e-01
-7.469943000924349263e+00 6.538939097929508115e-01
6.363710892480118453e+00 -8.338173675232667392e+00
-1.198198746250586666e+01 -1.131511617372604128e+01
