-5.046258287348171478e+01 -1.630154123064492255e+00
2.376074193894456599e+01 2.790688392994523426e+01
6.983482446932157472e+01 -5.196210485606304985e+01
-3.763981326743860656e+00 2.703450854718060370e+01
-5.100255625753906941e+01 6.174638177504282766e+01
-4.569694961441831538e+01 -3.901700796252050907e+01
1.187970798862978938e+02 -2.397703567154591653e+01
8.126703382939183484e+00 -4.125841761922651330e+01
3.462160422633494505e+01 1.139284896343802878e+01
-9.833643228761057742e+01 -3.652240961745867054e+01
-5.115731438187440006e+01 2.875178098120430548e+01
6.900613246607285589e+01 -1.228894911268466075e+02
1.240112616265838597e+01 -4.782797759813141170e+01
8.380108127733318213e+01 -5.994807672007140376e+00
-4.368300141576428075e+01 5.910809795134420597e+01
-7.849864669009770424e+00 -5.165318760401728326e+01
-5.514678590272110625e+01 4.022170321211847721e+01
-2.349534598567144172e+01 -9.144930601875894638e+01
-3.554807811585774857e+01 5.880424078939397248e+01
3.827872364082116974e+01 8.247960704499216433e+01
1.362662243064708001e+01 1.846268195490784692e+01
8.682482291621789727e+01 4.433224321192608386e+01
-5.148995000897922836e+01 -3.131764620619627593e+01
-1.741876583714143933e+01 -3.593975454266730196e+01
4.163905882843801010e+01 -7.296832118046405924e+01
-2.053885412462589244e+01 -5.097333249375956399e+01
-1.305763560842842530e+01 -6.283185054501013056e+00
1.417266078769005944e+01 5.381714713580483789e+01
-4.445206288822704010e+01 -1.058875222559612972e+01
9.686966122455483230e+01 -9.774976018595188165e+00
6.055861835748824262e+01 -6.620367721262100247e+01
2.378379059680266394e+01 -4.040759731584055103e+00
5.595951036666992451e+01 -1.129003919511491283e+01
4.506090935085977378e+01 1.390558473048165666e+01
2.139982793525686944e+01 1.006667848265096232e+01
4.266313839726908697e+01 5.211253837506746578e+01
-7.101661305719211725e+01 -7.920428303151159355e+01
-7.322250022336778841e+01 6.006925247721679284e+01
-6.416596776591492812e+01 1.750560131053005364e+01
-9.042486840251415003e+01 -7.927186049831944104e+01
2.804911531718821127e-01 1.076010877238275931e+01
-5.660627272273406874e+01 9.902585683357138180e+00
-1.684566377337861098e+01 -7.150438121592341645e+01
5.056251041763078291e+01 -9.170271846844045172e+00
-8.994760847850626817e+01 3.828174076190325792e+01
9.594269851847601061e+00 5.199241022030525272e+01
5.086651353755277682e+01 2.332292430192509514e+01
6.903055362816840557e+01 2.494238395539385778e+01
8.250002933481177081e+00 8.571909848455396386e+00
6.533913645142656890e+01 1.764263718139621417e+01
5.420547385215073177e+01 -1.038021622669841548e+00
-2.425577768711276150e+01 5.338950138653592248e+00
2.904961235463091995e+01 -2.797004083489984794e+01
-3.402345026388029225e+01 2.701248214207923937e+01
-2.259983141271674967e+01 6.340443614093400271e+01
-3.333543581282523149e+01 -4.514335425513809952e+01
-4.062326409741141475e+01 -6.827260041570414728e+01
9.510720807046357095e+01 2.388426763924640284e+01
5.739503453371811759e+01 -3.064588428359818195e+01
-1.187164973563341697e+01 4.379799192345230807e+01
4.674344257754934517e+01 -2.797113500031200317e+01
-3.836370105353002202e+01 7.876401144957772438e+00
-3.026070437959596404e+01 -1.819361441464663187e+01
-3.782631685761690932e+01 4.018058516459940677e+01
-4.329150211803994353e+01 4.610627438825360258e+01
-5.546490508674504127e+01 2.715794546714212032e+01
-2.920514785200694163e+01 6.763125788338555822e+01
-6.848377845283911824e+01 4.233409388035839527e+01
-7.269839529899867614e+01 2.932840316354836929e+01
-1.114339731717630499e+01 3.214265828235818390e+01
2.782650095699494841e+00 5.807860382334427385e+01
7.629281386336725745e+01 8.308192699142850302e+00
6.547487183049980786e+01 -4.394258035483101565e+01
-8.737910949236018965e+00 7.493791306469145042e+00
-2.153588526580570317e+01 -2.278079310034990002e+01
-5.313795656002565693e+01 -4.472104446812819845e+01
-3.651611465498238118e+01 -3.646656531935889944e+01
6.347750066035803229e+01 1.031925530314050476e+01
1.517693748685115196e+01 3.555722857679080562e+01
-1.310436963942980348e+01 -4.905558404410176365e+01
-2.019050782602528216e+01 -1.137109556297559010e+02
-2.827784700481486979e+01 -5.110819699205330124e+01
-4.068668064256280559e+01 1.293936450790170056e+01
-1.408685132850556698e+01 -2.164266241440972394e+01
-6.283602029524876542e+01 -3.158298908023195750e+01
4.947189235838661858e+01 -2.164738114324316598e+01
9.897097265994625559e+01 -1.013767227421615225e+01
-1.355320329807563873e+01 -5.639263684913907326e+01
-3.824630857221259816e+01 -3.816772652262254439e+01
1.051028924332392478e+01 2.032736044026577460e+01
-3.344852934187463767e+00 -5.522951600102984315e+01
-2.225568366931846498e+01 1.295384173809204853e+01
-4.832057054185285416e+00 -4.411567009404797091e+01
-6.175086715383218916e+01 -1.469015425021663468e+01
-4.117430467782351400e+01 4.027350936912772994e+01
1.311752116688822589e+01 8.808540242697779021e+00
-6.112140523658617752e+01 -1.702910177575645001e+00
3.593341773270789474e+01 -3.216477783578786642e+01
1.386578328360128864e+02 -9.830999260575884691e+00
4.633172287503006714e+01 -4.806965606559317372e+00
1.403768310155233578e+01 -4.296183731421789886e+00
-2.349870138466252456e+01 -4.283541861209280199e+01
6.911865301545384455e+01 -2.093555938348299250e+01
1.410169131474920690e+01 -1.575018612104776672e+01
-1.209165999835466181e+02 -2.960739786358907111e+01
-8.962311867974892721e+01 -2.033075250209488516e+01
5.875585062333323094e+01 1.760672767915901105e+01
-7.087198139136319242e+01 -3.621945426461243045e+01
5.492410254892828902e+01 3.827695703028147278e+01
4.338434129435233189e+01 3.075125348252950630e+01
5.745003971489362016e+01 -5.563241216079380713e+00
7.588256244622478164e+01 1.791293745712984276e+01
5.289770490973977957e+01 3.144500462808182562e+01
6.054131729570322307e+01 2.521063945249880689e+01
8.094926902222415777e+01 9.388113797285157602e+00
-4.020873261242790875e+01 7.089106563269776018e+01
-2.808585115042835767e+01 -7.989159381762300427e+01
9.172867209013018908e+01 -1.948827375878430468e+00
5.922212903551911012e+01 3.920330579999514953e+01
-6.161678518590362330e+01 5.174642019073900201e+01
2.226065927862445903e+01 1.793316486538672905e+01
4.267617276945254901e+01 -3.354956367181422650e+01
1.078320667047708525e+01 -9.722060052179578804e+01
1.633548397812359099e+01 2.334217556162284435e+00
4.229239221550331962e+01 -9.064097923776411392e+01
3.573146596891820082e+01 2.316458226178262336e+01
7.536331424855768901e+00 3.956328294723500960e+01
-3.941030535370119026e+01 3.891972625196237345e+01
6.422832679536863054e+01 -3.569210874160870617e+01
5.843582322045342892e+01 4.461792054717328426e+00
5.867219792998199068e+01 -1.761007290159274064e+01
-1.412442889043900252e+01 -1.652935263718095271e+01
5.451037392933270809e+01 1.029296440100408461e+01
-8.432546460516149978e+00 -1.094023298732627714e+00
-9.445647610656484972e+01 -3.997414713447496126e+01
-5.055386220930621732e+01 5.640165526191538881e+00
2.424785959886058606e+01 -8.940199746808096393e+01
3.949562375219881005e+01 -2.457927663368316473e+01
-2.425357858802234290e+01 3.904345859932917762e+01
7.404266269126196676e+01 -1.619172972223473650e+01
5.921526392612772582e+00 1.374455682815854551e+01
5.745038470339862613e+01 -3.621013336508446656e+01
9.501892618881205976e+01 1.166040024632450134e+01
-9.500865448864381335e+01 2.725869583084563885e+01
7.045960072179977374e+01 -6.937646572106418219e+00
-5.578904334963440448e+01 -7.354209746286443306e+01
5.147935210387926475e+01 6.749704759967201539e+01
1.157454847124116526e+01 6.437694167921375765e+01
5.863432804646095953e+00 6.797466436231496800e+01
2.296362638419322977e+01 1.091877678780171834e+02
-5.376711455753369506e+01 4.158650940098369375e+01
3.858205090221319011e+01 -1.785697860753555233e+01
-1.627153609778034138e+01 -8.167208727816735347e+01
-1.898603218205075294e+01 -2.937781154611426260e+01
2.345281695228152330e+01 -4.536205303164113900e+01
2.666557446546165977e+01 7.853891163759469052e+00
-9.999864582451557737e+01 2.373757540395862975e+01
1.061770293924071922e+02 2.721553193791089065e+00
-4.425997169051072433e+01 -4.195888254514220961e+01
6.463432097719694980e+01 2.173720785742004225e+00
-3.124262155461603641e+01 -5.621894805458929056e+01
-5.739670417099760868e+01 -6.154682365021832169e+01
-3.467658137715764610e+01 -2.787968127312263888e+01
3.986549466601800873e+01 -2.835105190604779324e+01
7.597104726111189166e+01 -7.053134221227702483e+01
-3.964772061564152850e+00 6.894086424776187982e+01
-1.268036106008734265e+01 5.934123833499431555e+01
1.006481423155260302e+01 -5.792226456505093779e+01
4.414172219711051071e+01 -9.770543647239190932e+01
6.998294373625998332e+01 1.019452479044372062e+01
3.015182574679930738e+01 -4.736750581533779325e+01
5.438478092839926603e+01 -2.522151737403369864e+01
-3.251159025369848621e+01 -2.494940663806615433e+01
-1.434461568907263818e+01 -4.198006131464676116e+01
4.359308498456891945e-01 -7.471178934432356478e-01
-4.471188290087188477e+01 -6.369580995921162447e-01
1.159176854311761318e+01 -2.031185256502806169e+01
8.768037386567689495e+00 -3.547202329647070940e+01
-7.074056984730097497e+01 2.101988738110253863e+01
-7.691332271728340686e+01 8.109933703307402197e+01
6.385107485201494626e+01 -1.609446377326762656e+00
5.772894750544156039e+01 -3.977755677835578041e+01
-8.390133672849267032e-01 -2.066202110036408968e+01
3.555410264027601386e+01 -4.028734099384710277e+01
-2.743800292490844583e+01 2.574939022846787040e+01
-1.037083803029482567e+02 1.085370666930772288e+01
-3.524504587747789230e+01 -7.824063888947732437e+01
-6.078485522065012248e+01 -4.630349871342058066e+01
-3.275176858021628590e+01 -1.936023711244228451e+01
-2.121705824928599071e+01 2.611661398317242444e+01
1.219255718580123187e+02 -1.274448954706044246e+00
-2.171696787114282046e+01 -5.459882936084535032e+01
3.598841490087176709e+01 -2.097503686994260619e+01
5.499809239151470308e+01 -2.727280635106602347e+00
-6.116909484660148166e+01 -4.084265490791644737e+01
4.287816221574536968e+01 1.927965338169803289e+01
2.695009486457426462e+01 -4.002845152125125594e+01
5.444566803038522806e+00 -3.118780890093440306e+01
-9.064856995695009800e+01 -4.085188244329253848e+01
-4.685438890413784208e+01 -8.532166557758577596e+01
-9.372693017286200856e+00 -1.445332695090301911e+01
4.390424427625237058e+01 4.172631057543340738e+00
1.706051322529763326e+01 -8.550289740816351980e+01
-3.233590302998125221e+00 4.735414428629758810e+00
-6.874476448744169943e+01 8.678106639717429971e+01
-1.106037776757755893e+02 3.584782862268727399e+01
-7.966144549813883202e+01 -4.917322478820324250e+01
-8.087713759608922715e+01 -2.268143427742725748e+01
3.627360568273980235e+00 -1.577210737282024056e+01
-4.741272843767596612e+00 2.226569175516723931e+01
2.284594854480501880e+01 4.255194984637566336e+01
3.243986057923311250e+01 -7.810347329376143843e-01
8.266316159281547726e+00 1.016154356429837691e+02
-4.080593809124046345e+01 5.205728419962677833e+01
-7.699439524425685022e+01 -8.216277498949306590e+00
-5.012919320234875897e+01 -4.924155288619506621e+01
6.210993694407566323e+00 2.451208388229386248e+00
-2.454551794809156462e+01 3.412316674276399908e+01
-2.893818572387127119e+01 3.147746181618795802e+01
-7.248457229722178852e+01 -2.939049584136937554e+01
3.218623596900653183e+01 2.947148486245245280e+01
-4.424370233128875896e+01 -4.636208244284888735e+01
-5.551861139045954019e+00 6.070253340194935276e+01
9.992998027100945535e+01 -7.612249495981022562e+01
3.689503635068540177e+01 1.649545128466791155e+01
1.967752539644461152e+01 -3.360958254320118499e+01
6.140479640126994987e+00 -2.458915054634051600e+01
-3.602302286421583943e+01 1.536047683452593837e+01
-4.103117147774052142e+01 2.369911345570678662e+01
4.349906328422470381e+01 -2.530374416655743275e+01
-2.333369731683271553e+01 4.939883009992404084e+01
3.206759341181000877e+01 -1.245653561296648704e+01
-2.063102425347194568e+01 6.795121343661773494e+01
-4.571007778567308577e+01 1.903334216480262597e+01
8.523782974052984684e-02 3.884360839567371215e+01
3.668531746950944950e+01 -1.019730909561738663e+01
-1.334133361940644988e+02 1.296293703820861687e+01
5.802171615118769665e+00 -6.504252419864786638e+00
2.707109761987487317e+01 5.628716888483828740e+01
-5.412033234025085449e+01 -1.505492927602744935e+01
-1.124341892863046866e+02 -1.210517199504265395e+00
-1.622180616317623247e+01 -6.677637743644893931e+01
6.232590487961500259e+01 -2.333217092770603784e+01
-1.358906906145901132e+02 -2.097767149112458895e+01
3.609777328378689987e+01 1.249086527882151643e+02
9.335109926207925923e+01 -4.535553276105812870e+01
-7.715877666560058401e+01 1.568537149959127674e+01
-3.020415622437629732e+00 6.263940252966323641e+01
-1.580682140809871683e+01 9.621345827363063563e+01
-7.661854924173783843e+01 -6.334249020575335010e+01
-4.883877452738306602e+01 3.753489888853682999e+01
8.045514756482669227e+00 3.044461871169799494e+01
-5.653675441981410188e+01 2.842708072263374675e+01
-4.581204275942198478e+01 7.439406451641544038e+01
-2.166783833891538791e+01 -1.047196878651198233e+02
-6.875113122625273299e+00 -3.838167313248523271e+01
4.250188781244962399e+01 -6.381679377134342701e+01
-6.548545649562059623e+01 -2.529772923776321747e+01
-7.652281419058180489e+00 1.552646107383711715e+01
1.726059290985218198e+01 -3.972405748804645498e+01
3.234539265522735008e+01 5.665215375711623480e+00
1.519819786294224961e+01 9.435924780413336066e+01
-6.351086208839858926e+01 5.298986726416617898e+01
6.044041950218533543e+01 7.892139272572298125e+01
-7.670310039881904629e+01 4.765600626605456824e+01
-7.657518370155803211e+01 3.120073585613404532e+01
-5.317099560531862323e+01 1.898195739283213257e+01
-1.425154099633562588e+01 2.352697983432382856e+01
-1.096791895495528308e+02 3.519265762284982912e+01
1.329763976179791740e+01 -2.040287029826608034e+01
-5.006104975852343841e+01 -2.095202372439756644e+01
1.550155142219046489e+01 -6.153047911856663177e+01
2.438545865001723811e+01 8.904698599044051921e-01
-7.391748459592918152e+01 -1.334936867806650085e+01
-5.541906959270357902e+01 4.033176278480421928e+01
-3.381269401032955813e+01 5.135821159255066704e+01
1.408010028765089849e-01 -3.616141265931938165e+01
-8.591955744934176664e+01 -1.462356499104688901e+01
-1.268461712051193899e+02 2.031127554540082514e+01
-4.546406595816888796e+01 3.150821509114124552e+01
-2.278989925531037031e+01 1.014169685709501749e+02
-5.095814702464409862e+01 -5.691874638245481322e+01
2.146529437829771325e+01 -4.018736729834336074e+01
-9.287005358781911468e+01 3.820992117451704928e+01
7.945476185749849662e+01 -2.344288943323439511e+01
-8.602794360546744201e+01 -2.092755232029813950e+00
6.144224262469185405e+00 -6.981555179778167997e+01
-5.822959008730569153e+00 -9.906336972922869677e+01
-5.125520690112244893e+01 4.988970239850890209e+01
3.358918351173263517e+01 3.787943083177848536e+01
-1.469982846185402536e+01 7.121270207576183964e+01
6.754102877397291138e+01 -2.906392560563667615e+01
-4.645209897978483582e+01 -2.201548978357146424e+01
-1.374842764366830181e+02 -6.942787299175923010e+01
-3.528441923806999370e+01 -7.217500351772121014e+00
-1.006363396853061261e+02 -2.448987982090003612e+01
-2.084845354361319991e+01 2.442492365459477455e+00
-3.163903436510607570e+00 -8.314346722776355136e+01
3.370040651169027957e+00 3.777186988670106871e+01
-2.763096353481126499e+01 -4.765944820865046339e+00
-3.401125422368325957e+01 4.080003368744816328e+01
