-8.983611642698312139e+00 -1.452640147319298514e+01
6.732710607586679608e+00 7.410658501805944987e+00
8.714090532068372141e+00 1.351340512167736208e+01
1.321339473061946101e+01 4.109582477514437215e+01
-7.548814736943495696e+00 -2.349378108087525163e+01
-1.108930076372222118e+01 -7.715871089097042557e+00
-2.876030060619908468e+01 3.382376371590504505e+01
1.304643542706164716e+01 4.878746766831399739e+00
-6.853428512033872266e+00 -1.463437516944048156e+01
-8.580066428740909856e+00 -1.015590950758893740e+01
-2.949430147223928600e+01 2.268544204683461629e+01
-5.534685625445447954e+00 1.399497847927332650e+01
1.484713343433877775e+01 9.262638095637893088e+00
1.028779580829807117e+01 5.306879470776365793e+00
-1.962669004898886627e+01 2.399475807808406458e+01
-2.780124751023925000e+01 4.150717525576541789e+01
9.702429287710870653e+00 -4.322057053518987502e+00
-1.030158508892144731e+01 3.325330516252893887e+01
-8.821907935789585764e+00 3.808032770811782086e+01
5.942027825347859782e+00 3.132263173676116175e+00
-3.927135039500806890e+00 1.443515980959084999e+01
-8.841864901078771766e+00 1.555279763991255315e+01
-1.637414499059049078e+01 -1.536764118565406356e+01
-9.774599708261959563e+00 -4.880317632699142649e+00
-2.864405400238619226e+00 -8.059840175265923889e+00
5.571439357361778200e-01 -3.565470236277195504e+00
-9.001349708689280860e+00 -5.162356216053549218e+00
-1.484619117674676225e+01 6.740335662752990897e-01
8.255005398527304195e+00 7.571018223839632633e+00
-7.157386877397146741e+00 3.476406116072851660e+01
-6.352064654735942284e+00 -7.248134710747396348e+00
-7.955063958035775151e+00 -2.896133334353530131e+01
6.512644902654805001e+00 -1.470789798394214198e+00
1.412081827916091825e-01 -1.853254175690916439e+00
-2.870149178559661607e+01 2.165398029302415495e+01
-5.803352127177697106e+00 4.314026451952311447e+01
-1.288018133843819157e+01 9.754307723194393986e+00
-5.611189957932188221e+00 -1.685202135337755891e+01
4.468039451856307132e+00 -8.561125333176287100e+00
9.428695617960384467e+00 1.618139361296790568e+01
-1.298480695446364486e+01 4.387498823904338252e+01
-1.452619428515365030e+01 -2.348642576494501455e+01
1.502396160055657681e+01 7.178215175685616956e+00
-9.593083103029480085e+00 -1.066730572690783951e+01
2.502208703011570279e+01 2.974786420396916498e+01
-1.192877949413873040e-01 -1.218009302418202999e+01
-3.059068601555960498e+01 2.453266029278373139e+01
3.120607923598018196e+00 -7.534734502937070921e+00
1.146160158687862385e+01 -9.313669558264605630e-01
4.164815374073530307e+00 2.537540651669959857e+01
-4.622049796506313868e+01 1.003333088978119747e+01
-1.838453282351158791e+00 8.775538575451252044e+00
8.852091231319329623e+00 4.417484194377911955e+00
-4.429936806585654807e+00 -8.797370028738953351e+00
7.467855679680696745e+00 -6.137809459443864135e+00
9.697635865675277245e+00 3.408668603698675525e+01
-1.319447203300218874e+01 3.721869295402761679e+01
-8.029289215408750735e+00 3.877653975137570086e+01
3.502483550579352123e+00 3.562937758707083447e+01
9.990717725220582324e+00 1.702162957671609522e+00
3.019263861591616749e-01 -9.471522453773205896e+00
-2.631112147066204798e+01 3.515449437756217321e+01
-8.845120307107851687e+00 -3.752225780388163123e+00
1.751101428967658080e+01 1.308678620704473694e+01
-2.326579582023499171e+01 1.698527454429985539e+01
-3.912146960274193219e+01 1.796928447698891418e+01
2.764099143193617714e+00 -7.690266471526344461e+00
-3.191644637710055221e+01 3.977024527584553937e+01
-1.581755075423382806e+01 3.591640894185142940e+01
-4.387668240364050831e+01 1.189457500150403924e+01
-3.482835789464426846e+00 4.794547690865702805e+01
-2.423748179671834890e+01 2.977086382286496757e+01
1.330318118113720161e+01 -2.964077457175510411e+00
-2.513268338478198061e+01 3.939938066503157899e+01
2.738096934524750026e+01 3.370681245176317020e+01
-4.954464475467577955e+00 4.428763463320334637e+01
1.550285851947242577e+01 2.594374974419442381e+01
2.408058484599159499e+01 2.628991086306668024e+01
-2.632465581064404248e+01 2.989911804121288341e+01
-3.461770017439533120e+01 8.569438956444063393e+00
2.698447757979842265e+01 2.421103445919573716e+01
6.918867127110444493e+00 4.151803230503151099e+01
-9.277558460214001101e+00 1.659066390065842000e+01
1.249835886186930800e+01 5.512809711801191170e+00
-1.158434541753324432e+01 6.029135523018161358e+00
4.839736340736456199e+00 1.129005381374695638e+01
1.518961418717202250e+00 3.603529910536038727e+01
-1.811766886733435777e+00 3.737697988465733090e+01
-1.919109234656711394e+01 1.525575419202484362e+01
6.517585316777196880e-02 3.785156611339344668e+00
-3.084870176660890806e+01 1.729566388288887779e+01
5.026525494936857186e+00 1.393969742296098602e+01
1.492604446602173951e+01 8.375748667731725661e+00
-2.482458808331369671e+00 2.134432139019162733e+01
-1.266507209919031673e+01 3.200954020559662894e+01
-8.771120368717673088e+00 -1.700272090532955804e+00
1.156881463323081860e+01 2.671905447427734615e+01
-3.285441001762283264e+01 1.748182787655335346e+01
1.294134806805845095e+01 -5.817688839043325899e+00
-4.832869692107625292e-01 4.794397736016293265e+01
-1.789427621628225040e+01 2.149293775392862571e+01
-4.912396444231065828e+01 1.212908884570267709e+01
2.344633650222980847e+01 1.346785202605302523e+01
-2.409901685746610767e+01 4.103745821288983819e+01
9.084541856286264760e+00 2.848592257232561309e+01
1.819623337962908138e+01 1.418580534680501515e+01
-2.821623128317318319e+00 -1.579135108634657492e+01
-2.416350833968001410e+01 1.472059251288774107e+01
-4.197372191482561732e+01 1.917222638151456948e+01
-1.645235307635326993e+00 3.169947757285735790e+01
-1.291353005403056642e+01 2.459604466085059116e-01
-7.841020290174685048e-01 3.731436241571188361e+01
-3.347842269474944032e+01 1.210440375685533709e+01
-3.085738287894447751e+01 2.273340696828788765e+01
-2.425951441722404667e+01 3.292243389759164529e+01
-1.110730158348435914e+01 -2.509156209484370237e+01
-3.800539463676367546e+01 8.391304461222798494e+00
1.322046372961207261e+01 1.353283458694729191e+01
7.455207743581047986e+00 2.733820842576115950e+01
-5.747685977402838819e-01 -1.360878666397934822e+01
1.514699639074508752e+01 8.634209699701262508e+00
-1.704007252534784200e+01 4.162675892603257211e+01
1.811304231898486350e+01 2.556801776905056300e+01
-3.023804939664679026e+01 1.742781281561637385e+01
6.777906573422608716e+00 2.742390972729574017e+01
1.243109566494662843e+01 -5.734896245801407666e+00
1.047508214496832757e+01 3.044389283341374863e+01
2.960527957341718253e+00 9.305308823873527757e+00
-1.655004819368713243e+00 8.439466670473530385e+00
-6.195138757816467390e+00 -2.584024151400643277e+01
-1.279750606322889084e+01 -9.728915686586478984e+00
-2.305778986128792951e+01 4.274750854227347929e+01
-1.153728808169815956e+01 1.622347063554592594e+01
1.614594041817997905e+01 3.040657429530662270e+01
1.169731693702158992e+01 3.599235390646951060e+01
1.185141902303783912e+00 1.464937584783036684e+01
1.934813958621026231e+01 2.620340364408298228e+01
-7.080418980555554853e+00 1.306049811346437117e+01
-4.808201281544398853e+00 -3.109732431467368219e+00
-1.234065000204434881e+01 3.136350179125454218e+01
1.140544634372130872e+01 3.723261676569732259e+01
-3.643756850687309878e+01 2.494416401401082695e+01
-2.707707934068264777e+01 4.045861228365299667e+01
1.072837319362039299e+00 2.021498847190212089e+01
-2.859466219857089264e+00 -5.545720780484380441e+00
-2.107706162259000138e+01 1.394244677236199514e+01
1.596581905160785020e+01 -5.862605527107013437e+00
-3.301319217362547676e+01 3.544678523971332851e+01
4.965571516803652052e+00 2.190055500506383979e+01
-2.105763676035997634e+01 2.137242724588734433e+01
-4.103937134293363442e+01 1.687750903654788814e+01
5.568963925523099157e+00 1.689225777629246039e+01
-2.228233937096337769e+01 3.208915239957818955e+01
-9.547924980167119102e+00 1.036214873121915581e+01
-1.281272057225688243e+01 6.716282106463943080e+00
-3.762653166574898478e+01 1.078937509698450548e+01
5.759395724017771556e+00 4.869462401588083367e+01
4.686747398997161085e+00 2.572324579628274677e+01
-2.383395711454254595e+01 2.012032029559923174e+01
1.794536678466228707e+01 4.492303389027721749e+01
1.748872989906706810e+00 3.074215735906104285e+01
-1.336634455544543165e+01 2.568705570100178193e+01
1.618248633028564143e+01 2.633896149014094235e+01
9.430028197758968389e+00 3.477749109728851806e+01
-1.206152727362650268e+01 2.391957252754657759e+01
-1.019488900450552293e+01 -3.107966704846731432e+00
2.888650082818200460e+00 1.837990897046170247e+01
-1.137902049717127717e+01 2.600241827571807107e+01
8.018755762654787844e-01 4.403690891847065814e+01
7.498983375884278324e+00 3.474001982746086981e+01
-1.175313160755172115e+00 2.166267202654676538e+01
-7.822091404911550860e+00 2.091089262204081223e+01
-1.510810307155327603e+00 -5.652434179994381580e+00
-3.410562832750217410e+01 2.265359843227441772e+01
8.992696329814561906e+00 2.577380224288326716e+01
1.249264456110007693e+00 2.674234259653320933e+01
-9.127817152573236115e+00 3.788966014192099863e+01
-9.159769636734742093e+00 4.026489406633252388e-01
-1.923842421653851886e+00 4.418004054869319930e+01
-2.021385457829067889e+01 2.796043363014080541e+01
2.121116276988867710e+01 7.579596207715867173e+00
-3.433945861899177032e+01 1.219076633257167330e+01
2.363899114161904080e+01 8.616123617180988958e+00
-4.123579372585806979e+00 1.621825030429251058e+01
-1.900383456259404369e+01 1.626285012425979204e+01
4.989753204843332846e+00 3.217266262525018305e+01
1.287196836500875108e+01 -4.794675712258595013e+00
-2.135382941880466845e+01 2.229932759081676608e+01
6.186039602025815043e+00 1.199460649249479260e+01
-1.157680047763199482e+01 2.714752036830520865e+01
-1.347065870461777592e+01 1.630472678846757262e+01
-3.344788200756337204e+00 -1.193318453666945089e+01
1.750787557877845657e+01 2.391301409195184391e+01
-4.331931890069630953e+01 8.430143917509829166e+00
-1.256377630505482834e+01 2.872334940545246340e+01
1.427891673706065845e+01 3.824576442120608988e+01
4.472767247044960648e+00 2.200469981161175426e+00
5.717605382212490817e+00 -5.398975374703680608e+00
-1.530433416370208732e+01 4.435523641468747513e+01
-4.973530562577506586e+00 3.714662609116040670e+01
2.819736300528830064e+00 2.661149048704543674e+01
-8.714627850828309263e+00 4.645882768217204273e+01
1.256543439702438469e+01 2.030405556993965277e+01
1.173526061980534863e+01 4.088975081439037496e+01
-2.351730462582986902e+01 1.287432715799129568e+01
-2.272459325876872605e+00 4.327715845222424207e+01
-1.821718019985969761e+01 4.024195329804388166e+01
1.440905195569087738e+01 3.087421305442041231e+01
-1.366602410893318087e+01 -7.703663023001747767e+00
-7.099156550983400038e+00 1.400475418741739730e+01
2.383506569436131528e+01 2.704258556331413033e+01
-6.565232259341773791e+00 -2.325602633268323771e+01
-1.532128945007879572e+01 3.671444213261755074e+00
1.369810239529769902e+01 3.561115922737270267e+01
-9.834566445223556386e+00 3.627268609098943131e+01
-8.265634785122781381e+00 2.619686127246309582e+01
4.341252383899592004e+00 1.719343313045748545e+01
7.156970455479370941e+00 3.237574297242596089e+01
-1.043647560260103546e+01 4.709206889211353442e+00
-1.615668220205154526e+01 9.577625765080522768e+00
-3.733466097700019048e+01 1.644727103524229506e+01
-3.688498792275822780e+01 1.391506917736501237e+01
-1.455860971993992781e+00 4.288699936980016503e+01
-1.143491092985824231e+01 1.133664818624309678e+00
-2.731729614600454603e+00 -5.304823843174020226e+00
2.053203144172990591e+01 1.712700666682458461e+01
2.533521546396680790e+01 2.763159270425984104e+01
1.964323618921205394e+01 2.358618547730712223e+01
-1.000624791162231242e+00 6.187440841161417460e+00
1.163254247790627716e+01 2.528870658302283658e+01
-1.082593330177532209e+01 -2.196181318067246480e+01
-1.523808131659406762e+01 4.007429756743115945e+01
6.310489184310342559e+00 4.329376667780006471e+01
-3.472937907241831823e+01 2.118241447632274443e+01
2.038241270338462030e+01 2.380368870989218877e+01
-3.002965553261839560e+00 7.702022889810361761e+00
2.194141255994804851e+01 1.304837009825194016e+01
-3.478018905211222744e+01 1.453560998925239822e+01
-3.100425056071770413e+01 3.211365348060954972e+01
1.168052868664256749e+01 1.488464374078583852e+01
-9.178200569798260489e+00 -1.966693824038370408e+01
-1.077488734052354502e+01 5.538425681792597643e+00
-5.250039914880442637e+00 2.041926465521064493e-01
-8.663843744904639266e+00 -2.613996265633575788e+01
-8.739898221691607461e+00 -2.386162961941692018e+01
-1.100350766012412862e+01 5.066377113061086845e+01
-2.483217321242360853e+01 2.264143857298942919e+01
7.505833870852229417e+00 4.093683529048431247e+00
-3.607648630281862978e+01 2.222799976973436742e+01
-2.157994243357909525e+01 -3.136098603491345171e-01
-1.240252936987283228e+00 6.542874952442223169e+00
-2.238375434435342015e+01 4.187673820324422991e+01
-1.109339534701358154e+01 2.787512488138317934e+01
-4.025085667464142603e+01 1.253910856553378750e+01
-1.138891555172869019e+01 1.091424558262201572e+01
-4.267546687307071984e+00 3.123148675442911681e+01
-2.829525946343335008e+01 1.654394478219812470e+01
-7.899318095921239902e+00 -2.142822078339124658e+01
-1.518414728339007880e+01 6.046218909110296913e+00
2.170276066938559367e+01 1.108353658800672825e+01
1.039249084364112896e+00 6.493152930092822572e+00
-2.324860147400913490e+01 1.402060062360154014e+01
-1.032272557576223448e+01 4.385344127137779680e+01
-4.152679948602155946e+01 2.474973792883371715e+01
-2.739116364031981732e+01 2.780068339188585469e+01
-1.600194095649002080e+01 2.523516290270631757e+01
-2.361967594582056407e+01 2.432769435636491195e+01
-3.133999980592052736e+01 3.244885336598267855e+01
-8.325298558504831803e+00 -2.389915122952206517e+01
-2.757858086194252678e+01 4.408217242956233406e+01
-5.152020355818003772e+00 2.692872068141700481e+01
-3.642721158549220295e-01 2.849133201380432112e+01
1.640701295981557450e+01 3.447207716163011071e+01
-3.761449494494176804e+01 2.374698159806177955e+01
-1.953182352047036119e+01 3.335749660060191246e+01
-4.176404625846358698e+01 1.507389075239968435e+01
1.624415532150484864e+01 2.226070003594048075e+01
-2.409042994167150731e+00 -6.997303504428844079e+00
2.050226911122986095e+01 4.736964824846918987e+01
-8.264322606324983056e+00 4.343672730774134294e+01
2.514729220956680500e+00 1.727894481344104616e+00
-1.300646833076636533e+01 4.470170831280279344e+01
-2.708040605418926816e+01 3.580471539508621248e+01
-1.275565657113862983e+01 3.770937567334794949e+01
-2.379276253940012609e+01 4.192409824416936459e+01
-2.899747700844140397e+01 1.996800429539500144e+01
1.613982362773410273e+01 -1.483806540054890988e+00
-3.396507494546774808e+00 -2.226473395217254492e+01
2.260832225298419651e+00 1.448492988707370088e+01
-7.053003880096653688e+00 -9.664060447476460425e+00
1.117651921608967669e+01 -9.883223943899967168e+00
9.208743596984101387e+00 9.516841651844957894e+00
-3.123235571620684325e+01 2.799480023976443732e+01
9.964877770359255038e+00 -8.759383095631654292e-01
2.324146215802964655e+00 3.534755477476116425e+01
1.640507319010949772e+01 8.968394132935248564e+00
9.214972660835764273e+00 -1.015734272449062559e+01
-1.634174670964386422e+01 3.584929435278006338e+01
-1.202680157845551889e+01 4.261975386741115557e+01
-2.499176965333330003e+01 2.551929684978864898e+01
3.179608675683593955e+00 8.633923375919723142e+00
-8.280970395690271602e+00 5.627139113369834078e+00
-7.852191845309451246e+00 2.893236109803440925e+01
8.699672428028861759e+00 -2.797909788947656295e+00
7.310276048186271858e+00 2.030225477653240063e+01
-7.380815197723869403e+00 3.820644072575589689e+01
-1.668667751727777571e+01 2.882522085374566956e+01
-2.008527973132068212e+01 2.802302598565534808e+01
1.775837014760754329e+01 3.310097296990524995e+01
-5.587523683177224143e+00 4.523954548944652743e+01
-2.426576178304168252e+01 3.518633931873906562e+01
1.489883860229284807e+01 -6.568315567223783624e+00
-1.135032035880001899e+00 1.840218834219648514e+01
-1.678980601692909858e+01 3.148820989461482256e+01
-2.691113055462196257e+01 2.712498096168583572e+01
-7.876280940240907746e+00 3.171841103857306976e+01
-2.147988081630438018e+01 3.298804826244164445e+01
1.813296298410296714e+00 4.212230745704815860e+01
-3.601407258469577499e+01 2.401780786862654793e+01
2.301939283080443133e+01 1.865654405032888619e+01
4.164211221002032559e+00 1.929553660433847639e+01
1.443753625425739884e+01 3.075322768658421779e+01
1.127297160997525260e+01 4.380341938131519441e+01
-1.221488516409834579e+00 6.420575602505353974e-01
-8.064355728758920705e+00 1.256882125511762105e+01
6.983621692837463257e+00 1.137546819456535196e+01
-4.140845578655066639e+00 3.425961484621473119e+01
-3.610415470492260681e+01 2.217009364786083125e+01
-3.345890185870804601e+01 3.104967212424291745e+01
-3.901765462651361815e+00 -2.305164348332214885e+01
3.988605924438310968e+00 -5.726293367072031515e+00
1.713757885343239096e+01 2.200916820515841721e+01
1.619666326020413649e+01 2.105291672026776695e+01
-2.645621340581137915e+01 3.768713770925984363e+01
-1.792525887222299730e+01 1.014336731866684005e+01
1.433942811504964965e+01 -6.065712434092635164e+00
6.250542085278421922e+00 3.834289835958314541e+01
-3.174670490773829012e+00 5.362824004485184481e+00
-3.284679975588529999e+01 2.656076718130833925e+01
1.999947794930991662e+01 -1.856408652223771938e+00
-3.885344092154069529e+01 1.161413029870452718e+01
-1.209649275745485930e+01 3.726611145354781485e+01
7.073614925064628522e-01 4.823780735437147804e+00
-1.391671256411206814e+00 4.673646567851159972e+01
-2.172505526957663857e+00 2.069679409234375100e+01
-2.978907693284684299e+01 2.977093538229242853e+01
1.383190924715490588e+01 -1.288451529268471063e+00
-5.384698457117863768e+00 -8.797438894712811930e+00
-3.872028774305143628e+01 5.188163553702556996e+00
-2.094887247365662120e+01 3.975018585090749923e+01
1.903557658048565315e+01 -6.683569721628914717e-01
-1.324145402757045176e+01 -1.658912598979649600e+00
-1.749057440869061963e+01 2.945212621226870553e+01
2.361150691157592263e+01 -2.062706732567469725e+00
-6.944696206974592112e-01 3.941390356950487472e+01
-3.774036797080437822e+01 1.604271713100821728e+01
-3.595174147437747081e+01 1.921083384256290572e+01
-5.226280757024653889e-01 5.103394994233667603e+01
7.384210860047228486e+00 2.303692591849613081e+01
5.687588211320278475e+00 3.621848611771815740e+01
-8.342449471971640662e+00 -1.982960705026678738e+01
-4.726676352313619134e+01 1.768608130794590849e+01
-2.594166595287249777e+01 2.342626715806275683e+01
-3.298441543950256971e+01 2.760015237610154060e+01
