-1.392528570801735555e+01 -6.316323214571274036e+01
-8.260627592514562423e+01 2.373632269496347647e+01
8.764503474275885253e+01 -4.814413172670339236e+01
1.059447093546676797e+02 6.666030288024066408e+01
7.484541636032562906e+01 -2.120927658266761284e+01
4.595962964141968854e+01 -1.248943527771034923e+01
8.568702938575005135e+01 4.503668671892047115e+01
-4.540601144886191776e+01 1.556482710601725827e+01
-2.078469560300862895e+01 8.576648395565347016e+01
-1.809999835205846708e+01 2.419759832238628405e+01
2.947666507286070825e+01 1.388618354767414189e+02
2.127227524615671683e+01 1.008565516466027105e+02
-1.489272152717062454e+02 -7.692828651403597462e+01
-1.667574167992048473e+01 -3.447583527600066589e+01
-6.618385192242187998e+01 -1.141006214520454165e+01
1.629674192043899339e+01 -2.986259578454047059e+01
-2.893999657618480725e+01 5.279569232292217151e+01
-9.822536868903512186e+01 -3.358470214645207896e+00
2.334649717639389266e+01 -6.975847291605856526e+01
-4.118436683348300598e+00 -5.076968664527859332e+00
9.141474844212748252e+00 -1.001923203847224642e+02
-5.570538212814213352e+01 1.248573234335432147e+02
6.345190975295219005e+01 2.342869819171331613e+01
2.374229001011463680e+01 6.896986970136466333e+00
3.868944583700774587e+01 6.921016744308529667e+01
2.200616885998674377e+02 5.740262408381536119e+01
-1.219711693493034659e+02 3.663413525181274366e+01
-3.518152609925355279e+01 -1.024703381555582915e+01
-1.033025251964708673e+02 -3.653238358749482018e+01
1.124433262375633973e+02 -9.174493219193813331e+01
4.747096818806276275e+01 -4.811292598526404873e+01
1.213192623478194010e+00 6.098780029594644247e+01
8.904014265078075141e+01 3.094444137055849531e+00
-2.934259909291789015e+01 -1.092934409814966443e+02
-4.709086844161178220e+01 -5.728165966584716529e+01
9.858997254637081653e+00 2.947050022328093988e+01
-5.609891713502226196e+01 4.332021171385386538e+01
-6.134540597204453150e+01 8.948559976346845701e+01
5.153166196710466807e+01 -9.507995257733662697e+01
-7.146350467356971592e+01 -8.944276228966994324e+01
6.563122606422936656e+01 -1.316615503871402950e+02
-7.126360957770864957e+01 -4.575955281627914673e+01
-8.265103200718725418e+01 5.743987414887992315e+01
3.530712920193442272e+01 3.936668571572494102e+01
