-2.314558179731416843e+01 1.783890777740477773e+01
7.463721795112191693e+00 -2.358051148886946180e+01
-1.874890454134465534e+00 -7.701371845111104619e+00
-9.651940338940413255e+00 -1.627898419658590967e+01
-6.117449742485872477e+00 -1.628306253641037671e+01
-1.586366242488333711e+01 7.406705448362993494e-01
1.405418343204762444e+01 6.759175380524977683e-01
4.467345914558474185e+00 -2.200027371314473257e+01
-2.358667280958005819e+01 8.346856659840611314e+00
2.181696598547351318e+00 -8.976541302360885766e+00
6.982876684455851191e+00 -2.068832329458581398e+01
7.612124849392385428e-01 -1.288383599036061788e+01
6.130805107022218259e+00 -2.207989355923202979e+01
-2.368389538014312379e+01 1.438191764395256200e+01
-7.809630231591365934e+00 -1.929051474521163101e+01
-7.757133853315766103e+00 -8.591868401378819797e+00
2.393667686825446062e+00 -8.397157027033760102e+00
-2.063160019808136170e+01 6.425546162749288470e+00
-2.819762197440055118e+01 6.748665822016370441e+00
-2.016513756057028317e+01 -1.382628632130681545e+01
9.069907113128042653e+00 -7.517724770872456830e+00
-1.952188396503523649e+01 -1.136847145628657785e+01
-2.641525360540560996e+01 -4.930703741530492401e+00
6.092332498691046538e-01 -1.225232653268228589e+01
-7.251154589172594811e+00 -2.001761065018074248e+01
-6.672484900648975703e+00 -2.078432971061023693e+01
7.712627687539251653e+00 -2.350794067798973330e+01
-2.966915177656375691e-01 -1.920731466258452969e+01
7.444490027273106492e+00 -2.202387823555410762e+01
3.762388587807129703e+00 -1.766605222062199942e+01
5.512057342943933236e+00 -2.255091127286026165e+01
-1.000202935513638591e+00 -2.028629359233326213e+01
-4.454134306475530991e+00 -1.267664003236610348e+01
1.267592824799158358e+00 -7.745453173543089598e+00
-2.547459740192244482e+01 -4.543020764180965898e+00
4.726234635344773949e+00 -2.146111375577513769e+01
-2.721618325007115757e+00 -1.157307236051961041e+01
1.159783934172079078e+01 -2.082459935503234050e+00
7.019711576902450290e+00 -1.615509625354005152e+01
2.802784559779107454e+00 -1.864545917258382701e+01
-2.271893981781150629e+01 1.340037425382078062e+01
-2.523156133736842222e+01 -7.917517664543963996e+00
-4.075604553251811701e+00 -2.106781098313678413e+01
-2.318064173131451966e+01 -1.639244928211532892e+00
6.969168537337290026e+00 -2.127268427063425449e+01
5.159845548472142829e-01 -1.244938053316469428e+01
6.608371312818093202e+00 -1.710519948190217576e+01
1.349306673089699204e+00 -1.993659180861025959e+01
-1.852077278847603203e+00 -1.169551055311926646e+01
-8.808063698020353272e+00 -1.274595628004441572e+01
-2.842256412370185359e+01 2.558022399918160517e+01
-2.450792399359253082e+00 -1.162138083102039232e+01
-2.345992600434836461e+01 -4.082584643475197339e+00
1.362904557024062768e+01 -1.068269883330842607e+00
-7.750461339866233423e+00 -1.029987592953209052e+01
6.232221511978071504e+00 -2.317343528319032941e+01
-1.921507212483763638e+01 -7.992446930830551466e+00
-1.079457430129013140e+01 -2.237069535199496784e+01
7.126252072782524927e+00 -1.979821836634397059e+01
-1.886785602509924331e+01 5.487336582593716372e+00
-2.394577626642195156e+01 1.279555035561135412e+01
4.959425079001794856e+00 -1.732219128250004303e+01
8.074228268487592786e+00 -1.252333777034830753e+01
-1.495520754399146135e+01 -1.525008367470469217e+01
-2.694049320222073618e+01 1.896369970228461099e+01
-5.627988313282632493e-01 -1.613169541750882630e+01
9.694809751100873507e-01 -9.969201952589900273e+00
-2.493530906420653892e+01 1.481594781962007801e+01
1.296942153748978255e+00 -8.800387144225753744e+00
-2.750569553464750072e+01 2.549584105107134135e+01
9.354383380227881517e+00 -2.185163097101659702e+01
7.305695278472006393e+00 -1.069423434795699457e+01
-1.330183224143469189e+01 -1.999327676637558326e+01
-2.394448555691401737e+01 -3.108096864877814003e+00
-2.490265531464406479e+01 -7.001261453864175976e+00
-1.987725230759552986e+01 -1.286329022000499833e+01
3.714123316375646855e+00 -1.186683386575909971e+01
7.652688609387918284e+00 -2.047569924750741066e+01
-2.733690225033216237e+01 7.015107869130424945e+00
-2.084898293026242300e+01 1.832620067685649445e+01
3.140297181011975525e+00 -2.119620322999391604e+01
-1.325062969509995092e+01 -1.456883794135165822e+01
-9.775153835353817655e+00 -1.265549184563303164e+01
-8.171588320751137502e+00 -9.835063785711955830e+00
-1.860272188557843265e+01 1.383261953324109683e+01
-2.627904059669594972e+01 1.755237084089533894e+01
6.204589835432957834e+00 -1.870378360279794805e+01
-2.694840013768276421e+01 6.198197178963525289e+00
4.686940856083277929e+00 -1.375827479061189251e+01
-2.512320066407292529e+01 -8.176732424600178240e-01
-1.021053332310718176e+01 -1.434311493082608457e+01
-2.771918482080818436e+01 2.476376900401864134e+01
-2.725614956226318242e+01 -8.885603436186711335e+00
-1.541698082735549313e+01 -1.370980534837396014e+01
-2.139602471344104018e+01 8.437252960723162332e+00
-2.625707538061935153e+01 2.087807810025940825e+01
-2.023732601893732763e+01 2.152157025289479364e+01
-2.205665283372212571e+01 1.419884045704139552e+01
-1.919030061898621753e+01 1.274332929683578008e+01
6.819406454756346214e+00 -9.459355944083451817e+00
-2.734917295115508651e+01 6.152005915814974912e+00
-9.985876853122125141e+00 -2.310783892811287288e+01
-2.430419629392333292e+01 -1.019212015542450978e+01
-1.273804100637497072e+01 -2.258124799015831030e+01
-1.014368527052667268e+01 -2.374751404784561970e+01
-2.062683819987914191e+01 9.890980110488747812e+00
-2.719973609179330865e+01 1.938736201382787172e+01
-1.085783307371177209e+01 -2.349345213870983784e+01
-2.343196062297864302e+01 -1.287072978820586400e+01
-5.281617948102802274e+00 -2.294706111834283391e+01
1.519690398348139349e+00 -8.099266772744483589e+00
-2.364099123806624902e+00 -2.176707318282770132e+01
-2.189678292176930086e+01 1.973058497027825098e+01
-3.516118384001024388e+00 -1.565349244121317440e+01
-2.085925353925799186e+01 -1.252991135246202603e+01
-1.897536378865786588e+01 -1.065892201202848710e+01
-2.469073849951190525e+01 -1.012446597066091414e+01
-1.969141647235165848e+01 1.185109433936593604e+01
-2.072460271519496189e+01 7.505397060279895172e+00
6.067980205872485211e-01 -1.708463138098229095e+01
-2.528063539792278291e+01 1.535951984264497305e+01
-8.402516707154228826e+00 -1.599922024606626714e+01
-7.744877121274179821e+00 -8.118670065655926749e+00
-1.325605740485821826e+01 -9.865077563501118973e+00
-1.992227939078639665e+01 -9.764823686817884152e+00
-2.299704843222048822e+01 2.302389386482541211e-01
5.526420626337195108e-01 -2.202078823820839304e+01
-8.700535894377580348e+00 -2.166950982495655254e+01
-2.298769279288439549e+01 1.764770739940041722e+01
9.572644902751829221e+00 -8.697931232872759821e+00
-2.552660990996572110e+01 -1.222454681418307132e+01
-1.996599829393252179e+01 -1.051318518229447108e+01
-1.719102834872816032e+01 9.098573357735157074e+00
-2.699204283939335269e+01 2.584862907893296224e+01
-1.100060356986558219e+01 -1.496849304240225642e+01
-2.538593106339104821e+01 -5.549337974692476472e+00
-7.971948668653451975e+00 -6.206649037463366270e+00
-2.434819420100044240e+01 6.186686920089076835e+00
-1.652274237761832865e+01 -1.757807993321695861e+01
-3.475916643471867129e+00 -1.304457572426036194e+01
-8.851720145152103925e+00 -6.680578286623171103e+00
-2.473068621507092146e+01 4.773236278690335510e+00
2.512004083944647359e+00 -1.013341450473095051e+01
5.131703315057283277e+00 -2.211372320228381838e+01
7.847998107712940374e+00 -1.397255470692903856e+01
-1.066548002475759382e+01 -1.530194192689718946e+01
-1.730268019248476108e+01 1.430503117877307240e+01
-2.458641219095119368e+01 1.828751213649868035e+01
-1.752312776021699037e+01 -8.764886171262132208e+00
-2.277250608215744432e+00 -2.134708944802566322e+01
-2.010499896418915000e+01 -7.371514647254095109e+00
-2.533066681489794902e+01 2.189419363140174823e+01
-2.387203155566277246e+01 1.319452387151328665e+01
-2.290096658236329930e+01 7.415469874779189396e+00
1.464554878959710749e+01 6.617990362271601867e-01
-2.817449291504150821e+01 2.381956137776315074e+01
1.076047292155853974e+01 -1.420047025570074517e+01
-6.494062782740780193e+00 -1.031883558424394920e+01
1.045785214617104764e+01 -1.390485201998666298e+01
-1.126563464365385947e+01 -2.136412462194814310e+01
7.498398937618238058e+00 -1.913798120330282160e+01
-6.290118712138527357e+00 -7.689010074243327608e+00
-2.744346620877822573e+01 -1.381936251440610608e+00
-9.268387908655540741e+00 -2.305247766624367145e+01
-2.329543129197962870e+01 1.378715334249719682e+01
-1.538511059471658271e+01 -1.660345504252374838e+01
1.000788548797108213e+01 -9.767335627361592998e+00
-1.604949003818451558e+01 -1.111491776934144049e+01
-2.510235087457205694e+00 -1.208381392715435609e+01
-3.717989435778652929e+00 -9.005613598765052075e+00
1.439716865026663584e+01 -1.768732377632672215e+00
2.646177347940447344e+00 -1.393080626933948629e+01
6.385936489868495158e+00 -2.355653203356783010e+01
-2.550632880373289169e+01 6.992850423451153041e+00
-4.827448724695075022e+00 -2.322308637006188548e+01
-1.334336205284726162e+01 -2.286074880956146771e+01
-1.434989992985875773e+01 -1.933079580766935024e+01
-3.423950355263718937e+00 -9.386529186659990032e+00
-1.209792104787557498e+01 -2.141109870652068992e+01
-3.580664916118234675e+00 -1.378245242706044316e+01
-8.307235361702351994e+00 -1.915233959749401293e+01
5.719797314429028168e-01 -1.884415165173297524e+01
-2.279075627252921166e+01 -3.668627208308664622e-01
-1.502592292681882213e+01 -2.254800985835054306e+01
-2.599995441206779745e+01 1.399555295826790413e+01
-2.581976750694750322e+01 4.903762363086810794e+00
-1.262208076371024035e+01 -1.033736273230152136e+01
-1.279062445972615514e+01 -1.352052438120786881e+01
2.926258296974500350e+00 -9.750091847840387516e+00
2.483531034694790307e+00 -1.956772811715742932e+01
-1.597411699555931541e+01 -2.699138673865835614e+00
8.611566785041446792e+00 -9.422714199557805870e+00
-2.299651777788830387e+01 1.331359240324102089e+01
-1.383482750613996970e+01 -1.330387436456483385e+01
-1.767056951733540515e+01 9.937757573152401491e+00
-2.667507669745246801e+01 1.788347704972458629e+01
-9.543072926457909944e+00 -1.393993389468452015e+01
-1.826968724053628890e+01 5.498704952716867211e+00
-2.254304107026349868e+01 1.494600601197170242e+01
-4.903643389167260835e+00 -2.093125979292534211e+01
-3.621323488613314545e+00 -2.242819633646874422e+01
-2.549108339734762296e+01 2.293875424280824049e+01
-1.155824617520594089e+01 -1.527179222183569429e+01
-1.991343031318992729e+01 -1.224819037066781036e+01
-1.509884795045214823e+01 -1.416642622285576003e+01
-1.805394286658135528e+01 9.980322533834140586e+00
-1.884428299588996936e+01 -1.440344411598144703e+01
-2.154926085567359095e+01 -1.358033501203448878e+01
-2.142759853683015336e+01 1.429369424346132789e+00
-1.582822669228494306e+01 -1.804049237821332596e+01
9.224055421927610965e+00 -1.336171723992493199e+01
-1.378492735314989837e+01 -1.860881513033955059e+01
-2.065113445576236728e+01 7.443568723736495585e-01
1.094337358040732289e-01 -1.766657719190925491e+01
6.788292017800515055e+00 -1.443574427699622831e+01
-1.116233546063559601e+01 -1.184609576490150218e+01
-2.095980153926075573e+01 4.776571124439521476e-02
-2.391197975610132787e+01 -1.253222049768909230e+01
-1.831172934733314506e+01 -1.283056288720455385e+01
-1.314254345994910089e+01 -1.109263737687280837e+01
-9.145090640065719256e+00 -1.458812333177658971e+01
-3.154572310963134729e+00 -2.304414398753279869e+01
5.264652742182934553e+00 -1.830719330883986373e+01
-2.193703771523951573e+01 9.650577364955365667e+00
-6.517198160339904511e+00 -1.801780393343416975e+01
-1.731194487785848679e+01 -1.012625322909637049e+01
-1.856227665757013812e+00 -1.747689522437279308e+01
-2.359339244833810767e+01 -4.483937220700081383e+00
-8.252160114880815467e-01 -2.240897603077528188e+01
-2.620374613974745870e+01 -7.672364125033328541e+00
-2.280068271256665469e+01 6.851776694906698495e+00
-6.856953046424814957e+00 -6.445438660551419119e+00
-2.425463466939773483e+01 2.142308993851832355e+01
-6.165821262072954667e+00 -5.582527930528562443e+00
-8.229761166629341318e+00 -1.937600852273490304e+01
7.005603231054734259e+00 -1.295248479560964228e+01
-1.835782150112733291e+01 8.338679561032014576e+00
-2.105873596164167338e+01 -3.867358014145481526e+00
-1.880894328275567062e+01 -1.374825642633136091e+01
9.798615702028305563e+00 -8.446787910368328767e+00
-1.812222694037192738e+01 9.605928066616714389e+00
-3.262951930224577524e+00 -1.411479683941503005e+01
-1.922270027758269251e+01 -6.976860227448744567e+00
-7.219437386680601421e+00 -2.234218029388823012e+01
6.472576946048296698e+00 -2.166106626377131406e+01
2.642878162343887727e+00 -1.710184360168861772e+01
-1.180815391704281403e+01 -2.362946579914844492e+01
-2.539162192508988269e+01 1.633259020014322971e+01
-2.070714192360301809e+01 -2.836187153717301790e+00
-1.080310483246426223e+01 -2.309078938757275878e+01
-2.816119041737431061e+01 2.457378868040873243e+01
9.676466868238638996e-01 -1.175684463967412086e+01
7.664876078685291638e+00 -1.613948008664317157e+01
-2.242472378860735915e+01 -2.582911792164769516e+00
-1.961881929265543434e+01 -8.301059954213686254e+00
-1.439155588595899005e+01 -1.413357435446573263e+01
-2.779935971287737573e+01 -7.879832065726144918e+00
-1.583905408685382099e+01 -1.772452276850901853e+01
-1.741680657357241202e+01 -7.480539187185231143e+00
7.671560515430123850e+00 -1.258101034518496419e+01
-1.653639591521258367e+01 1.337375545211115480e+01
-2.651855706314405481e+01 -1.027878278009540303e+01
3.096959915251694451e+00 -1.448064026847053043e+01
-2.735452268820219146e+01 -1.313861131529650450e+00
-1.455429485593139916e+01 -2.122160353706683011e+01
-6.965215424541345790e+00 -1.227414570991804332e+01
4.428950167668536331e+00 -2.345908172712253048e+01
-8.025321754164361110e+00 -1.977809229342883413e+01
-6.881607906805316865e+00 -1.284966581171429745e+01
-9.756220214994053563e+00 -1.786453414662933525e+01
1.165449068163264457e+01 -3.794471287873261822e+00
-1.159032408764844257e+00 -1.813731532196369045e+01
-1.430656953220679384e+01 -2.296596647434395067e+01
-2.597592190750237506e+01 -6.590154839186630475e+00
-2.367947187579580159e+01 -1.870807000521665042e+00
-2.048392422937516244e+01 -6.610076054483572383e-01
-5.714582737109926036e+00 -1.724331901090561558e+01
-2.781622108602175203e+01 2.541152756943792923e+01
-1.631853047278854163e+01 -1.209167707236280265e+01
-6.770584745339708332e-01 -1.899186871762738704e+01
-6.025826670261719364e+00 -2.252221404331091037e+01
-2.308321296151949298e+01 1.924849377618049573e+01
-2.684750316580096907e+01 2.212140742438149843e+01
-2.526601396292902280e+01 -9.478397591914426101e+00
-2.389417633699164867e+01 2.155361549021269951e+01
-1.229531030531442504e+01 -1.496950928583329699e+01
-2.357378147232293486e+01 -7.500648151236505079e+00
-2.458515236901615886e+00 -1.993561662273957680e+01
2.176585598804378296e+00 -1.793594653409938644e+01
-8.030001950620610174e+00 -7.325725148699725686e+00
-7.788878124748541687e+00 -2.168128030794058603e+01
-1.360593107841357430e+01 -2.151044824049188264e+01
-1.389180788361723984e+01 -1.938379927502186462e+01
-4.519978626369542063e+00 -1.027454490116501340e+01
-2.855746133744417392e+01 2.424291265283573082e+01
-1.139230287895021121e+01 -2.053950413188636048e+01
-2.764309528734379739e+01 2.430955961136147536e+01
1.244685416360407437e+01 -1.877970482224518678e+00
-2.437735066020162833e+01 -3.010796153530629127e+00
-2.413137977870794160e+01 -1.230471636396221236e+01
-2.435763018772488309e+01 1.469534574233784774e+01
-1.373342791060531809e+01 -2.049864617753012297e+01
-1.812300516219591628e+01 3.210740009632335301e+00
-3.245799115584445005e+00 -9.489045293964064598e+00
-7.264934298828071846e+00 -6.196389705523904112e+00
-2.588827255172357766e+01 2.071103952385970715e+01
6.925651178593910107e-01 -1.209355656545229252e+01
-2.611854296023435218e+00 -1.557784979414627280e+01
-2.518866918186604309e+01 9.489058723233124937e+00
-5.633124422184823565e+00 -1.659486499387028147e+01
1.551290324522507547e+01 6.051318695554579463e-01
-1.128192045084956741e+00 -2.176398697540978944e+01
4.187819122625511703e+00 -1.852696659046412364e+01
1.311775113397151493e+01 1.283487745849230421e+00
2.539063785696083375e+00 -1.232445774237208092e+01
1.248145532894171872e+01 -1.954286433573717563e+00
-2.636613191056467542e+01 -1.053548645261286332e+01
-1.923217242303903518e+01 9.848828762021312855e+00
-3.553400755082209095e+00 -1.181820074148262734e+01
-1.551246883392190234e+01 -1.548131061609497650e+01
-2.268889060873436847e+01 2.082351784228107405e+01
-1.719454124450641830e+00 -2.076159657089110411e+01
-1.186516356342435241e+00 -1.019630140345662817e+01
-2.478996912752907633e+01 5.971866512357439483e+00
-2.234772515394524461e+01 -1.255675636138421591e+00
-4.162395133885242515e+00 -1.348007635455815389e+01
-2.809337131973970969e+01 2.351188620838133758e+01
-6.388766905269372742e+00 -1.291329293739214990e+01
-3.176953559587715414e+00 -2.260316844224218613e+01
-1.754597707839963405e+01 -8.582223576404663490e+00
-2.097290145698920227e+01 1.323075392647168158e+01
1.565224557154745533e+01 -7.436779144651999296e-01
1.367939122080635617e+00 -1.365013210263408894e+01
-6.780086314435171957e+00 -1.295747522168175081e+01
-4.431005588849837196e+00 -2.268885042797504781e+01
-7.541044076059243650e+00 -6.708895611010214921e+00
-2.707483475111558846e+00 -1.529736959830341902e+01
-2.553899732091128527e+01 1.841207946528835748e+01
-2.250851052009463515e+01 1.821778989155403039e+01
-2.320163338710843348e+01 -8.438941720424988802e+00
-1.765364726399958784e+01 1.421839174749236179e+01
-2.354949662456795068e+01 -3.713189890838712426e+00
-2.502290299001674967e+01 1.702894824039326949e+01
-2.168137071198928822e+01 1.084388884333235481e+01
-9.241535111320748896e+00 -1.694182188015661339e+01
7.351497621655569858e+00 -1.283339148654428996e+01
-1.817261382441299489e+01 9.591781984065132605e+00
-2.033773595432309023e+01 7.499962485842601723e+00
-2.482648442120485655e+01 9.342603299767993974e+00
1.224457836265351496e+01 8.407384076503604531e-02
-2.607351048206856703e+01 5.033768642106887015e+00
1.602348107358392282e-01 -1.214744069114032499e+01
-1.517865696298240863e+01 -1.525578454122846495e+01
-1.338295716495287557e+01 -1.650462782530503958e+01
-2.657228093978410399e+01 2.480685456101792852e+01
-1.366664525322951995e+01 -2.243467392340780009e+01
-2.576868665769976374e+01 1.930542134194026005e+01
-2.551163808986708048e+01 1.275607419798100750e+01
-1.898970441263214681e+01 4.401281685497125729e+00
-2.743246282650635948e+01 2.248157845695128643e+01
-2.080215172368332333e+01 8.433940230734156884e+00
3.362480276610464891e+00 -1.610994991711530133e+01
-1.147849583760708470e+01 -1.995349614957470408e+01
4.402005189753189995e+00 -1.836912844203722983e+01
-1.725864527213432709e+01 -1.227761100667276217e+01
-2.620365718418242196e+01 -7.092644111285100195e+00
1.268623039223515825e+00 -1.598169237502385798e+01
-2.488759678472289139e+01 -2.015135812988208652e+00
-2.667689338572327884e+01 7.620127512021016791e+00
-2.624734121075197635e+01 -4.531832941434560169e+00
-2.634478209886766820e+01 4.757755033326063199e+00
-2.025808645550264586e+01 1.071193163644811186e+01
8.258234458902123265e+00 -1.056597998355737467e+01
-1.416102160460525283e+01 -2.036134162895376321e+01
1.073943361569176069e+01 9.339135369326163616e-01
-2.837780246204619061e+01 2.413124377490410311e+01
-2.809184198217341777e+00 -1.653973916186879833e+01
6.252060528365063874e+00 -2.252245787050007308e+01
1.138403349886774762e+01 -1.096122057919050086e+01
-5.238377594562410700e+00 -1.277036766084871644e+01
-2.670200898295248493e+01 1.343746210335052460e+01
5.443660933713724503e+00 -1.178544874965858114e+01
-2.172419970991036209e+01 -1.323193685731816061e+01
-2.120959863624923969e+01 -3.603846019372276110e+00
3.298838443132925846e+00 -1.697114004956679167e+01
-6.330532301855734900e+00 -8.169178713099672251e+00
1.134649456127816158e+01 -1.092911532049858891e+01
-2.617784543269592845e+01 -5.141303817386104313e+00
1.218587356246867648e+00 -1.253197811016398511e+01
-2.266182777617277466e+01 1.026384718468621315e+01
-2.666309645699303132e+01 -4.147975207565709255e+00
-2.057538005341655207e+01 5.080199809638163089e+00
-2.178366462501308476e+01 -3.671822416757548169e+00
-2.671693819840001183e+01 2.358815563937452353e+01
-1.531957259724905818e+00 -7.936615461978073327e+00
-1.564687278112920632e+00 -1.883664461240540788e+01
-1.935554564337992645e+01 -6.336689571456926906e+00
5.555716972183433633e+00 -1.300645506980971788e+01
-1.059131385014052995e+01 -1.439802356369686009e+01
-2.255027621037131169e+01 -4.675675681876968248e+00
-2.233923698832867188e+01 3.069834869430186242e+00
-2.158805595421766910e+01 9.937283684141036133e+00
-1.234354077919023140e+01 -2.272100996563023756e+01
-2.585362846878425103e+01 -9.075765634023033712e+00
-1.489011794132443356e+01 -1.955147219150055093e+01
-2.342997136876415354e+01 -3.498268013495954953e+00
-2.565822515177202234e+01 6.645877721239790148e+00
1.165240405853976924e+01 -7.807330544696096553e+00
-1.189972655446831062e+01 -1.071492936421767617e+01
-5.010071462528932429e+00 -2.145314630971977365e+01
-2.249824597999556985e+01 7.104989010685082818e+00
-2.151188369081818763e+01 1.178897704389725298e+01
-2.145537900819280352e+01 -1.712469231027454297e+00
-1.877758658613480947e+01 4.982806189700574429e+00
-2.555056720322238561e+01 -1.145523496955018317e+01
-2.539303267800345409e+01 1.635085680106096362e+01
-1.978273506721283326e+01 1.347898239576258739e+01
-1.300277919558715389e+01 -2.078797467155053624e+01
-1.139431768955092572e+01 -1.260527194345353763e+01
-1.310468755933422713e+01 -1.894962008618491822e+01
-2.063227557974789761e+01 -1.085251414531237124e+01
2.362768655110702554e+00 -1.388567862305488632e+01
-5.957032247089388832e+00 -2.074525874369219736e+01
-6.935232789565564993e+00 -1.259984646969749633e+01
-1.881075837638218218e+01 -9.281556977693142585e+00
-2.547550914946773659e+01 1.470355264210790658e+01
-2.496584143884830809e+01 1.072034492245843396e+01
-2.747213812492671892e+01 2.545017844718845623e+01
-5.580313914927780061e+00 -1.937134626439741680e+01
-2.158986456734472270e+01 -4.330153679681036927e+00
1.420848182336458976e+01 -1.617354042220409349e+00
5.172396798635335635e+00 -1.791691527559379438e+01
-1.217282152270641760e+01 -1.994248048131653661e+01
-1.015915621169228800e+01 -2.151688613568931530e+01
-2.650704680511692146e+01 5.318813845678457497e+00
-1.648754737798363790e+00 -2.241755788540937644e+01
7.695973186954272904e+00 -8.694636581268056830e+00
-1.961546000742803031e+01 1.284306154701116753e+01
-1.899987356014189643e+01 -1.467219459918745983e+01
-6.999371444067388204e+00 -2.177602424201994680e+01
-2.261627655042909524e+01 6.425040835833021546e+00
-7.824573303047180239e+00 -1.250962614482677715e+01
-5.114498000588132420e-01 -1.454688161666550172e+01
-2.498556091392246969e+01 1.253402646454429714e+01
9.550042953192312112e+00 -1.313269084192648251e+01
-2.427782985518290104e+01 1.983806809490510048e+01
-2.574658271501572315e+01 -2.347886015853349662e+00
-1.888190678581611603e+00 -1.691362959001486388e+01
-2.482763074709173168e+01 -9.840681257006563598e+00
-1.296089280819520617e+01 -1.088937855077605299e+01
-2.403452723769121135e+01 9.943517823004080824e+00
7.405982052826423079e+00 -1.179883052866548532e+01
6.055881727267056647e+00 -2.095950587465295456e+01
-2.628040558672756433e+01 2.145481580861454063e+01
-2.682850690619930845e+01 4.007568905006946736e+00
1.019674848142452106e+01 -1.369678952382472303e+01
1.744781926395461813e+00 -2.075108465082017872e+01
-2.092525457704378766e+01 4.940894741224234998e+00
9.274821048758930431e+00 -1.142884074740449662e+01
-2.649225509505259168e+01 -7.115860034037524429e+00
-2.382695510089306978e+01 -9.860255354433057562e+00
-2.517862576461175550e+01 2.142500263997211363e+01
-2.289343700166064721e+01 -7.699807030575027689e+00
-2.591929581563586638e+01 1.889453697846606417e+01
-2.628873097137555703e+01 -1.192739976427689008e+01
-1.143395551022503653e+01 -2.232133958456083533e+01
-1.536933263928207616e+01 -4.480547247418462220e+00
1.707645445522997107e+01 -2.100120347783171137e+00
-2.886115288823011582e+01 2.154199631807041726e+01
-2.062973559930629364e+01 8.162948602856735292e+00
-2.518564395495988606e+01 1.307401569062024826e+01
-1.949073542588640251e+01 5.179078531764672810e+00
-2.628317209588321646e+01 1.884450766595956850e+01
