8.589013416666712430e+01 -2.625934237589465070e+01
1.036687469891358937e+01 2.731503506589624664e+01
-9.765460545512835822e+00 -2.397488162844971882e+01
-8.615377149757917907e-01 5.706887190938653021e+01
-3.891465411332143987e+01 4.181922943354997102e+01
-7.107935262053948122e+01 -7.509371614565500952e-01
-1.776666079463291226e+01 4.455264465990730116e+01
-3.854733337651227743e+01 -2.942947571545787255e+01
2.838571266771355184e+01 1.408358305222608919e+01
2.792635931745993716e+01 -3.804915362789272137e+01
-3.114444018893008703e+01 2.536836504189802355e+01
-8.257931926659156829e+01 9.477472075171614563e+01
1.270539525110159751e+01 -4.527947003788423785e+01
7.673731735085659977e+01 1.547151094396683924e+01
-5.444173546038956601e+01 5.803543971221856168e+01
-1.821676372502663455e+01 -5.537844015735822012e+01
3.254616192966252441e+01 -4.085867770679865174e+01
-1.071266775376129488e+02 -2.193388189557130019e+01
-4.539921303437331801e+01 4.786744294329317739e+01
8.294815400880524692e+01 1.995738546145889458e+01
-1.423124630986641925e+01 -2.969600790806094892e+01
7.563312187799338915e+01 5.223627044915302164e+00
-7.697125040105974847e+01 -1.560286137942252260e+01
1.105579188936929391e+01 -5.847295788981102804e-01
1.164976331665935660e+01 -3.932883921904953439e+01
-3.187763857089304054e+01 -6.629877566902482044e+01
1.363215125331073452e+01 2.035573774894420040e+01
2.281924616611845025e+01 1.960901140682990373e+01
-7.135574120318567282e+01 -1.022892063735012869e+01
5.897549473886584792e+01 -3.724389712061545765e+01
3.242418078823541094e+01 -1.154582777977495667e+01
1.879120726585538037e+01 1.544014314817108691e+01
1.767501137391236554e+01 -1.163006986739023141e+01
2.937302279297178842e+01 3.285989861291178471e+01
7.179542904779778212e+01 -2.138976769159959712e+00
6.070623643878939646e+01 2.546065656883786232e+01
-5.658071757130340274e+01 -4.449460524566849529e+01
-2.762163645525165379e+01 3.321766598250054159e+01
-2.293653259554542601e+01 -4.315766889018023278e+01
-5.138997675402718812e+01 -5.116923075409916066e+01
7.510831555382240765e+01 4.315258369107042569e+01
-7.886493839681327245e+01 3.357111800482163488e+01
-4.309269855301467089e+01 -4.873578470789134798e+01
-6.660160212204154107e+01 1.343098335639199092e+01
-5.074395976781548967e+01 3.741290485300144297e+01
-2.279284067297296446e+01 5.728871148827428783e+01
3.519638723688296267e+01 3.843171965851278316e+01
8.599355371385762226e+01 3.567708954488999495e+00
1.261203833329111734e-01 1.866507641663875106e+01
6.542993872940608924e+01 2.765100817775367403e+01
5.818860138016676231e+00 1.892881396114538006e+01
-5.892093704904218043e+01 2.585059303292651478e+01
5.758564456592865355e+01 -6.034757538929002152e+01
-2.860524927526026673e+01 5.330645661860255302e+01
-2.731571887243122987e+01 -1.335772536827836809e+01
-3.398188937533679876e+01 -4.450797818751807000e+01
8.150894098393790088e+00 3.408614172633532746e+01
6.729398748280206632e+01 -1.170360103001144303e+01
6.667939571466818904e+01 -2.824341120122321058e+01
-1.225845281542941301e+01 -1.778537778884306775e+01
-9.365240734082215113e+01 4.847242355547030002e+01
4.066373845576819468e-01 -1.800042321617116770e+01
-7.403978171627433369e+01 2.611413231183172101e+01
-7.025047168636343997e+01 6.956931551400244018e+01
-5.044233678654109099e+01 4.847983385366735121e+01
-4.546768848929364282e+01 5.354177992333477931e+01
-3.893988562830424627e+01 3.646025096027947399e+01
-9.556308901766520592e+01 2.056612448238417912e+01
-3.339103438510261412e+01 -1.735812744560880461e+01
-8.996084413910194755e+00 -6.744384128852716742e+01
2.437667365709569722e+01 -8.765285498413190268e+00
7.790513547658419213e+01 1.049723147335941142e+01
5.452363076967731104e+01 -1.187648258611590535e+01
5.956593993152749178e+00 2.459534302923309212e+01
-1.984393619954055721e+00 -4.208642719679771460e+01
-6.219378444187869803e+01 -2.924129722035061363e+01
-5.577968613427019307e+01 -3.868790006883592270e+01
6.095059144576715937e+01 1.279668645751745615e+01
1.749182400784584956e+01 4.656075794086379283e+00
-3.573443013053982487e+00 -5.729447195297458961e+01
-1.365527171515990545e+01 -4.730515084585815089e+01
-3.470790063241464907e+01 -4.900402378122478098e+01
-5.045703020038378384e+01 1.996944126992226032e+01
-4.392577769734079141e+01 -1.986392940784009653e+01
-1.325908378356098360e+01 8.455269611690926723e+00
7.346722610236922435e+01 2.097319909915103153e+01
-4.357983623419787733e+01 -3.749565780048353503e+01
-2.676027176766694637e+01 -3.916866743320247224e+01
-4.505031829685427169e+01 -2.690282270535895748e+01
4.671663445873503662e+01 4.675546312025906559e+01
-1.498176498606287588e+01 -6.208409571744673450e+00
9.281725473991352615e+00 5.950908448871806478e+00
3.056645640681109910e+01 -3.327063000247454738e+01
-7.010312240047049670e+01 -2.927433476207400886e+01
-3.941775070507655698e+01 6.576900118907394699e+01
2.385284806753594466e+01 4.195704577824255210e+01
-5.367385454831205038e+01 -3.743607669906263147e-01
4.779452011212197249e+01 -3.446606923261170152e+01
-6.417444469357268133e+01 -1.498022278009664099e+01
-4.896445167103124874e+01 2.756000348595820526e+01
1.881647871422602947e+01 2.343557834929568173e+01
-4.115909968298858246e+01 -4.283238427579015450e+01
6.951049081762577941e+01 4.544005998580589178e+00
3.628496125322632437e+00 -4.370854725324451806e+01
6.015669753944239417e+00 -1.835638263324359443e+01
-8.617604426526444428e+00 -5.622832524291395018e+00
7.049011829847825084e+01 2.771573728326359287e+01
3.462116541270791004e+01 -4.714487358657222416e+01
4.345773607112933945e+01 -9.817476636722837213e+00
5.933221126774709120e+01 2.845649346375363486e-01
8.289212202056032197e+01 1.265662639019511282e+01
6.717894171536117653e+01 1.076025487821555693e+01
7.276412220792671803e+01 1.080687167181644703e+01
6.492737011977669681e+01 3.328095450447131043e+01
6.574549508568885869e+01 2.258652193354406279e+01
-4.350984758332246116e+01 2.081897961750616233e+01
4.510208384521737557e+00 -2.419136532288946739e+01
6.046435570013959904e+01 3.106600172720546738e+01
1.115376117372909981e+01 4.847195461589181775e+01
-4.094591255321915213e+01 5.033673341467219586e+01
4.374237804978435840e+00 1.353339636896702558e+01
3.046212984114974631e+01 6.309041055156867372e+01
-6.212648182417853349e+01 -5.357261679787216480e+01
5.781848546162731850e+01 -2.226488341896179435e+01
2.682163314185685721e+01 4.457406644967918830e+00
3.896515596440362827e+01 -1.567625439914638896e+01
-2.015749220023027632e+01 -1.519164211119222863e+01
-7.996270140827978601e+00 1.206164254295321747e+01
4.778080024277289795e+01 1.750958466336610897e+01
8.055630405227293522e+01 -9.933174139787958268e+00
-1.214021729034567265e+01 9.994717737172417182e-01
4.405717569443730497e+01 2.762700478983970953e+01
5.057637903829949266e+01 2.650103868612111313e+01
-5.675967649603339105e+00 -1.527916475953468245e+00
-6.699406694890863889e+01 -4.002622554842436386e+01
-4.183488829690176658e+01 3.188099095114549186e+01
-1.354075755697162542e+01 -1.127645865085328580e+01
-4.698679956941452573e+00 -1.758449998681391691e+01
-3.130540605065505844e+01 3.820588540047030079e+01
6.589519766745186757e+01 -2.148270783945899487e-01
-7.063369412261304436e-01 2.545495119666014006e+01
2.906113634828218650e+01 2.528855712808530143e+01
6.869839720552349149e+01 1.573440667207482058e+01
-6.549859987980154230e+00 -1.156039809818948427e+01
6.143790357148317582e+01 -1.313696401293171334e+01
-2.922264943144732641e+01 -7.782366781744404216e-01
4.629993971404925901e+01 2.309897438235320166e+01
6.828687068587934839e+00 -9.429446764384023538e+01
1.626532777557779852e+01 4.636835969419130521e+01
-1.869466780659407634e+00 -3.498909458876849499e+01
-4.321096958210796402e+01 6.142095131189306301e+01
4.769292127006725224e+01 -4.367976150453165474e+01
2.371847403178288616e+01 -3.488381457059119839e+01
2.178896227538303876e+01 -1.618096996318480194e+02
-3.661458747449273687e+00 -6.602579958959745454e+01
3.453799498657190270e+01 1.160763696196877603e+01
-6.056092923770716396e+01 -9.978406992221726668e+00
5.145221031517902333e+01 3.440179921491121284e+00
-4.023313505076409768e+01 -5.828394427436495562e+01
6.356270122764147601e+01 -4.663318529666991452e+00
-2.199554947449255593e+01 -4.936971195929440626e+01
-5.423832353209028412e+01 -2.688507442550926640e+01
-7.198274406075114484e+01 -2.239016715561481519e+01
5.051137960890849854e+01 -3.871813628315833711e+01
5.914027616439373958e+01 -6.765194867985275806e+00
6.981014728292732618e-01 9.045255247738392512e+00
-5.766168882892630165e+01 5.322156811573231749e+01
5.223350166169273479e+01 -3.130671460954695817e+01
1.314115983685240394e+02 -5.834160714201078690e+01
6.932810294176736932e+01 -6.234906117182045904e+00
4.332608315548151268e+01 3.825439758227065568e+01
4.726844413317942895e+01 1.109128319077595926e+01
-2.379317875488540324e+01 -5.429480811791594874e+01
-2.150673103830794375e+01 -2.538575638096257858e+00
2.875667573151942591e+01 -4.738090534252737740e+01
-1.325709770691789480e+01 5.269194330380134517e+01
2.514438002772921177e+00 3.944279565038888080e+01
-7.698833093783686365e+01 -3.178844279307149989e+01
-3.634126019920028483e+01 2.072862433806806237e+01
5.215129050305913694e+01 5.350629614028581216e+01
5.397835397980445293e+01 -4.007190099939655248e+00
5.345159473012084561e+01 3.452866950353087816e+01
-2.536877257720662193e+00 -8.062459978301310670e+00
3.549616889640212491e+01 -2.320104041947065099e+01
-5.054713295365820613e+01 5.385689550019841221e+01
-6.550344763865106756e+01 -8.545717603238836446e+00
-3.625823299449438153e+00 -2.480052488777308994e+01
-8.127318514288478468e+01 -8.309470207902108996e+00
-4.805416872430463116e+01 2.353394798429846002e+00
-2.159247901212201981e+01 5.142158781858286432e+01
7.553382293159279470e+01 -7.476383999956798476e+00
-1.355372163739078140e+01 -4.180448370849654793e+01
-5.203570332059100245e+00 7.300386737084802746e+01
4.186448685474500309e+01 -3.337572911484615190e+01
8.444641334593031345e+00 -8.115516771259723328e+01
3.586013898162885738e+01 5.316710940520056994e+01
3.464678499128660860e+01 -5.466127875950966342e+01
-5.037995066866988481e+01 -4.426333981853093746e+01
-5.912627745797058054e+01 -4.429408955039837004e+00
-5.874373345374999644e+01 -2.045646429950263467e+01
3.466933122486117469e+01 1.873066610580259805e+01
6.834183387195855630e+01 7.688224434852483569e+01
1.550502717868667002e+00 -1.116293646156005348e+00
-1.074747768379749715e+02 3.578824279679621867e+01
-4.868382870527162254e+01 1.464047807044250149e+01
2.484626054234239945e+01 1.074858878582789679e+01
3.618835792920638283e+00 -1.067559393664776479e+01
1.213761045761706514e+00 -3.064263487457973412e+01
-3.373185817429630617e+01 4.285326559948931902e+01
1.548543639594072197e+01 5.224586643200197500e+01
9.680322392598549541e+00 1.378731836628862695e+01
7.857913103938686561e+01 -2.736231907357795201e+00
-1.080782682058226740e+01 2.144226541124958274e+01
-4.737657936033632922e+01 5.788793647680307686e+01
-6.689949313607725401e+01 -3.506678918956359325e+01
4.355246253992610406e+01 -1.710273704101254921e+01
-1.658915702113824864e+01 1.900061137291919877e+01
-3.569580634954461118e+01 5.093221413250876850e+01
3.371896705174525977e+01 -1.518160621257221177e+00
-7.063057182476222806e+01 -4.605993545923320909e+01
-1.713781030742049083e+01 3.203850004177619226e+00
-2.880921741741633468e+01 -4.683503779915685072e+01
1.135227250417217171e+00 -4.807883896795527789e+01
7.535967130110488199e+01 -1.404668042422396290e+01
6.406298863927926845e+01 5.028338292220409400e+00
1.857762931336987577e+01 -4.286608433416316899e+01
3.449768676051286231e+00 -3.838893022161223456e+01
-3.980096702729072433e+01 7.768042134995043480e-01
2.686366772376737799e+01 8.751249236723094782e+01
5.123868887196450572e+01 -7.271526445949437800e+01
-4.891554440234492773e+01 6.920788348157191194e+01
3.432975535990909322e+01 4.353514693765488630e+01
-4.778210893909331247e+01 4.360679796256278706e+01
-4.346201040256763548e+01 6.810817009202949635e+00
-4.860575918850308597e+01 -2.566837127518362127e+00
4.654850197309337290e+01 -2.865696202842307017e+01
-5.386894161117579927e+01 -7.689720496354697232e+00
1.276044884359205582e+02 -5.296461120320417848e+01
-2.944129310025850899e+01 -5.372753359284545382e+01
1.072632642413611848e+02 -1.062903418598825489e+01
-1.130924975730288473e+01 -5.452197315485882712e+01
-5.706420738007847149e+01 -1.502422418849006291e+01
4.329264787626506461e+01 -3.823834015553885735e+01
-2.623427976357477931e+01 4.218637312523289751e+01
3.821620862826356557e+01 4.394333256470163818e+00
-1.495184932157607838e+00 -1.317214801676355584e+01
-3.375795638653408304e+01 -8.053773286621675709e+01
-6.025031745813777917e+01 4.512040770557892699e+01
9.027698589494514181e+01 3.717191941647330822e+01
-6.559987422462478435e+01 -2.058354418273465924e+01
-5.160362576847692395e+01 6.319999249101059036e+01
-4.646898798441741718e+01 -6.133812977058966709e+01
-5.767601576443295386e+01 -3.192966837436692273e+01
-5.563435947627687739e+01 4.746259010941634671e+01
2.581591868704994397e+01 -5.211163552659134979e+01
-4.249589149021022472e+00 -5.170823077071707985e+01
4.158540283327845977e+00 -5.490456486411179071e+01
-4.466905941405987335e+01 -5.331353079621596436e+01
-6.968297161868871115e+01 -1.660656437719624989e+01
5.761516400724495668e+00 -6.844867858172951003e+01
9.398506921126807967e+00 -5.549335056873726302e+00
-4.406288498625666961e+01 3.854840577513903099e+01
-6.777381586201830999e+01 4.554291175038186168e+01
1.974885621045253004e+01 3.570709162772700296e+01
-2.807204089622079479e+01 6.266574050786887540e+01
-4.347336446837680057e+01 1.379854248869705913e+01
-5.874181030886227006e+01 5.058823608209837452e+00
-3.779364972411190848e+01 1.210015358100733884e+01
-3.569376054406255605e+01 -3.942031973438166403e+01
-2.575540560314040306e+01 -5.993662425160840002e+01
-7.482376962500110551e+01 -3.917503339268105123e+01
4.571776768299253746e+01 5.897929292923467415e+01
1.079920944315037978e+01 5.837585768986608770e+01
-3.480716803219009137e+01 3.405963687644798199e+01
-5.961614750293467324e+01 3.687840856534266010e+01
-6.267075594185516252e+01 5.597690675611383426e+01
1.405118380894058205e+01 -5.283780480661064161e+01
-7.975692004102727140e+01 -2.142688770709150603e+01
-3.641910519594180329e+01 -5.394819601082744498e+01
-4.021950648981118803e+01 5.577180250131335271e+01
4.021527295862038898e+01 -2.380382937610430716e+01
-3.337023121069264420e+01 -5.976656891766602797e+01
2.384067269989415649e+01 -4.309946570356942885e+01
-3.666841648330546377e+01 2.751378030383975926e+01
4.901419801710353141e+01 -2.100228844002460704e+01
-3.587067770046096626e+01 6.034028136710284684e+01
1.825228897268952011e+01 -4.860566923436933706e+01
-5.000973656952415780e+01 8.388156663144320291e+00
-1.907209019949645068e+01 3.352719650438891108e+01
-5.458324762168628830e+00 3.696430315653595500e+01
-5.807273019665679925e+01 6.361501482840602506e+01
-2.265861217496074786e+01 -2.795598829017792397e+01
-4.123121284553467092e+01 -6.694919657049968009e+01
-7.232329012759537079e+01 -3.434358262902664194e+01
-6.344587129282912485e+01 -4.561906259762123739e+01
-8.260000372543112590e+00 -4.452185707884081722e+01
-9.175194352523041275e+00 -5.000321221458974463e+01
-2.042007274650225312e+01 -6.443334469326143221e+01
-3.005003665196752038e+01 4.687061518361710455e+01
-5.722728772164741429e+01 1.027031585676875558e+01
-7.752790618763768293e+01 1.364324502475879619e+01
