-7.412520013929081664e+00 -6.575977643555598107e+00
1.742320936484586635e+00 -7.440029647444559302e+00
1.134847567731891971e+01 -2.341293859154036205e+00
1.524188635426277916e+00 -9.497211609759814710e-01
-1.270540501110404463e+01 -3.021034733122506033e+00
1.102755892332565146e+01 2.643617165667808688e-01
-4.484743618550367295e+00 5.473047591081574570e-01
-8.070701200867638647e+00 -1.628005071462548692e+00
4.182593285052004006e+00 -1.227725689351083638e+01
1.159515642720787199e+01 -5.229656239786629079e+00
-1.644064631364177798e+00 5.574926549758615346e-01
5.127031283679394091e-01 8.889413879594203483e-01
1.230524670705915291e+01 -1.272346753490312032e+01
1.156451059338612275e+01 2.707650143614191984e-01
9.464473157512649948e+00 -4.712841605355096775e+00
3.266841529758694129e+00 -1.225232362690185006e+01
-3.802299717736614126e-01 -4.908056058951293821e+00
-7.357152705051613673e+00 -1.185018740075400956e+01
-2.190688157776004985e+01 6.927345978520166980e+00
-1.426020586078869279e+01 -5.537823501146147187e+00
1.545809303029048820e+01 -1.920224605438306975e+00
-1.838926615730666825e+01 8.168686074910909145e-01
1.215130755487151770e+00 -9.455819209394272562e+00
-6.110842227455227871e+00 -1.212658675965907484e+01
-7.961507451015442882e+00 -5.394881607564842696e+00
-1.142345655024947959e+01 -7.363870208218552094e+00
-1.688224704734286874e+01 7.315020833153403901e-01
-1.258562366124683329e+01 -6.058535312800394479e+00
-1.727967026566853903e+01 3.438276167359214597e+00
-1.069372135833186910e+01 7.460981304336014031e-01
-5.149453644314410106e+00 -9.940312141726398210e+00
3.684137603303749287e-01 -1.117950312683375635e+01
1.514363308171661515e+01 -5.551465534958128778e-01
-1.983927478502542030e+01 -1.124980408529141718e+00
1.307184564174267649e+00 -8.419900327787923189e+00
1.156494579482022012e+01 3.973397684379052774e-02
-5.921056837529317107e+00 4.019455852739749702e+00
6.890889268922742339e+00 -9.523180342851363278e+00
1.115202416211979752e+01 -4.296553795552148891e+00
-1.827476834483140777e+01 8.118528364051903479e-01
2.003667474656528891e-01 -5.652697969408425394e+00
-1.862324438774144220e+00 -7.669132245998372177e+00
-1.370217793267181605e+01 2.461881976334581612e+00
2.798737613449228778e+00 -6.801130047231159992e+00
-2.110984354484101289e+01 7.011424149569695174e+00
-1.538947853200541616e+01 -7.392784324881095159e+00
1.531619848174075393e+01 7.959314074819963114e-01
5.437561710347634580e+00 -7.123376693175010210e+00
-1.473490868830502087e+01 -1.516080442871182932e+00
1.399731896764039973e+01 -1.392702240691689131e+00
3.361385158857877364e+00 -6.784648465246538862e+00
-2.803074581551670885e+00 -1.265545146905320273e+01
-2.251634532694816215e+01 8.126616089022949296e+00
-1.536968342919673880e+01 -2.279289057643568484e+00
-4.840739906147019767e+00 -9.053184719753986087e+00
4.887174581694397446e+00 -1.020222590221962022e+01
1.377749379008602304e+01 -3.868446199772455518e+00
1.380339418896991255e+01 -5.376879855221160298e+00
7.119148326240996916e+00 -6.500464094327583986e+00
-2.008178985608375555e+01 3.367473019714166238e+00
1.587485412005155538e+01 -4.728985952047250585e+00
-3.050811270518590579e+00 -9.670354950315056541e+00
-1.725961224894364321e+01 -4.947189087743219638e+00
-4.572689381473181491e+00 -9.799635925250079538e+00
-1.093120103104643626e+01 -2.481842223870843078e+00
-6.188762030264659764e+00 -7.577061772080213586e+00
-1.232682212649418751e+01 -1.830696381377203030e+00
1.222993353094883240e+01 -4.200913977451635972e+00
-4.368945349268742895e+00 -5.972337267731027133e+00
-1.463833355596584873e+01 6.706634172598386456e+00
-1.939241290596201139e+01 4.496132098852933190e+00
-1.425853749681760263e+01 -5.979834631418959212e+00
-1.112684598425688343e+01 -7.959712773205317227e+00
-7.459962728346933858e+00 -7.337557017723984387e+00
-8.053400382372133848e+00 -1.170903820867892264e+01
-8.512301928989749911e+00 -1.508527893657987562e+00
-1.824168557386022371e+01 3.701640057121450944e+00
-2.639549090384304186e+00 -1.217219333730203168e+01
-2.364261263861852758e+00 -1.166218574189855772e+01
-1.930052279395998127e+01 3.006246297881717822e-01
-2.174700953665155723e+01 8.521757685937213722e+00
-2.312863269483077389e+01 1.076872861915308555e+01
-2.181204929729993580e+01 6.948071810104499590e+00
1.479926903525723603e+01 -4.834005576824097261e+00
-2.285402790682571350e+00 -7.220126440673268142e+00
3.447995360285649458e+00 -3.336653522042942299e+00
1.987979236544017425e+00 -6.869935685809305248e+00
7.743969378909199008e+00 -8.287978201020074209e-01
3.330472439077683422e+00 -3.223196213399717180e+00
-1.728049795780930609e+01 4.288706691017072914e-01
-1.452267522207001704e+01 2.506403258036831727e-01
8.557521682694881449e+00 -4.185180216714331491e-01
4.099226428773329545e+00 -2.857456318947085183e+00
1.290598727699099335e+01 -3.859014812937127559e+00
1.303860396079049444e+01 -1.304317087146805054e+00
4.430208780767337373e+00 -1.219719115114854091e+01
1.585852912129110948e+01 -1.165256754563091413e+00
4.255901003349028322e+00 -1.533575619874833595e+00
-1.954837108337554952e+01 -2.514688290578323215e+00
1.159754556041743268e+00 -5.109976117557393671e+00
-1.752430820112154919e+01 -1.181065586980559967e+00
-6.214422998950472454e+00 -5.933336997382554046e+00
-1.480335003717414644e+01 -5.185869417140418491e-01
-1.025409526295526241e+01 -4.859702386847643218e+00
-1.221221098135933048e+01 -9.797281661856688473e+00
-1.876437062964147984e+01 1.605903845844523503e-01
-1.484677752535348993e+01 9.548880354594234676e-01
-8.719430383854678723e+00 -7.602373459720778825e+00
1.107281100674740060e+01 -7.577607570788071456e+00
1.206003290828048335e+01 -9.413758552307131211e+00
-6.832712199458748081e+00 -4.663819679087250591e+00
-1.307880662563872143e+01 -7.062510203908987094e+00
1.193639430306586924e+01 -1.182341867227031962e+01
1.258217910279358698e+01 -6.676926706791548760e+00
-1.796516364599788806e+00 -2.935664061882006237e+00
1.597758846425620405e+01 -4.780007153712838353e+00
3.528554110072989136e+00 -3.383110088277260896e+00
1.298732706565010631e+01 -3.853595337525141051e+00
-2.311634104501582954e+01 1.073250164909600102e+01
-2.237647515766431283e+01 1.004053783930741872e+01
-1.037799746407022639e+01 -2.415265562915225317e+00
9.160103781695198677e+00 -1.122223643370003465e+00
1.086346483193491963e+01 -1.190025363483811383e+01
1.529364031725043560e+01 -3.620485646526999446e+00
7.772696118069234217e+00 -1.205998112592033422e+01
-5.456736916586913289e+00 -7.649349494131413074e+00
-2.272586704107741440e+01 1.002187130804811588e+01
1.194358328812729830e+01 -4.490861744891316398e+00
-1.244666157327383793e+01 -2.491245661895845398e+00
-4.828061890065454165e+00 -7.284055340247468813e+00
1.386100185548371755e+01 -3.963483794275852290e+00
-1.294484672992440899e+01 -6.186506294828120200e-01
-1.388055891061473268e+01 -4.248122846570532296e+00
-1.416815315055395885e+01 3.977810271377775209e+00
-1.847670014680563000e+01 -3.930513647722686965e+00
1.464983302349668293e+01 -4.096366886766988458e+00
-1.401708989022157903e+00 -2.573219039193952007e+00
-1.372473313432323261e+00 -8.858773203919394490e-01
-1.426001421571090155e+01 -4.544502193759063502e+00
-1.354697659292405154e+00 7.606441743218703699e-01
1.313950548843683741e+01 -4.328766434998557067e+00
-1.668006494140767870e+01 -4.600207846235984555e+00
8.988505777451264223e+00 -1.040208006975462451e+00
3.171077124609607445e+00 -5.391284452995133591e+00
-4.079298858537237393e+00 -8.442106203936209141e+00
-1.166338187774555912e+01 -6.538495585857310166e-01
-8.169698931700500211e+00 -1.178039467775551330e+01
-1.269936050907157288e+01 -9.497946661603258178e+00
1.496324604451825024e+01 -5.443113214691736701e+00
6.065094802331143065e+00 -8.815817511570170240e+00
-1.442361570425661021e+01 2.120580565760962877e+00
-3.328524198663681766e+00 2.344156371408966932e-01
1.432393621595167055e+01 5.011821927205112992e+00
1.516173617716888344e+01 -5.671049536793000279e+00
-2.009449967515473290e+01 8.661642183588455168e+00
-1.672813511649176732e+01 -5.664537720523000530e+00
3.263907918150351639e-01 -4.680452295245167704e+00
3.256372675897030611e+00 3.179800906606674360e+00
-1.634812679614431374e+01 -5.603578417249334365e+00
-1.971035896595906323e+01 4.559984092466990546e+00
1.457876212584435782e+00 -1.734063627558253273e+00
-1.790874760481992922e+01 6.135066274221570026e+00
-1.557786207043805327e+00 -7.787667477308399810e+00
-1.938103517237012952e+01 4.138915050849407251e+00
1.213550798519287532e+01 -9.934380691892561899e+00
6.234594076724171430e-01 -6.386164216085904677e+00
8.512665876969409684e-01 -1.149955502594719370e+01
1.157333810094809046e+01 1.842622889388434715e-01
-6.113986591261466153e+00 2.580126640395644433e+00
1.205442574085883400e+01 -7.816814520747082717e+00
-7.217013163992765712e+00 -9.980520373058565653e+00
-1.613177249132832713e+01 -1.824946343226794498e+00
3.727151321931313266e+00 -7.547762881373021315e+00
1.364746250002780936e+00 -5.641293541941278633e+00
1.680451974064421350e+01 7.296231900504965839e-01
-1.929824638685553140e+01 4.634378595362513842e+00
1.460934082429043990e+01 -4.591462455387553376e+00
1.286333136981102143e+01 -9.231985953805900147e-01
-1.531675988057292059e+01 1.471907222401841742e-01
1.193528482411045388e+01 -4.242986172124225241e+00
1.402001823945471770e+01 5.498632157269248033e+00
1.500140492286069538e+01 -5.554118359645310310e-01
1.227083253132947327e+01 -3.646216621417265102e+00
1.357719997610322871e+01 -1.303888876287595311e+00
3.097009691396579445e+00 -4.385516089366498504e-01
-1.636264463756563003e+01 -1.643841911110897502e+00
2.783039343275270472e+00 -5.109490580427960893e+00
-5.915578180894034865e+00 -2.397981697493599906e+00
3.093828106757299690e+00 2.746139212419957509e+00
-4.422787340715416349e+00 -2.005882070096715264e+00
1.215320501503971684e+01 -8.828245381324734353e+00
-3.138791665974813849e+00 -1.258435117365731060e+01
1.503209611261050327e+01 -2.879517221809043903e+00
6.063086532013562291e+00 -1.122239705219906369e+01
-3.603300106325438623e+00 1.634753695410735008e-01
2.951674056779289401e+00 -4.929084073289114798e+00
4.572997776861861929e+00 -5.109096374007291885e+00
-1.462575236916474708e+01 -1.930738290660050982e+00
6.095399849199819586e-01 -6.027607645907966827e+00
-1.009167985164941550e+00 -2.813678464884672881e+00
3.302778222179104439e+00 -7.666687178327858954e-01
1.645106515497502286e+01 -2.724332541411599529e+00
-4.849733437716380990e+00 -4.995610856659940424e+00
1.311898555203512728e+01 -6.059610063631918564e+00
1.401802959520451175e+01 5.501700452316538481e+00
-1.236502309674342648e+01 -4.129037871466745280e+00
1.405361083680989687e+01 -4.905247124691153537e+00
-1.520665366020431897e+01 -6.990871379911509642e+00
-1.843876043354410044e+01 -3.991274037932098562e+00
2.797625110977211893e+00 -7.326305866569057912e+00
-3.277904013634004521e+00 -3.408006622300730371e+00
-1.152890623606108633e+01 -4.864978486508582556e+00
-2.115972084277884235e+01 8.700819213483647729e+00
-7.894124952876458323e+00 -4.455338825132479919e+00
1.248731500752123758e+01 -1.241995607032376370e+01
-8.848580147910817928e+00 -5.230115823438692413e-01
6.802468095638925405e+00 -7.853465316292049359e+00
3.945902498547121606e+00 -2.996396127651289820e+00
6.835444327558201749e+00 -1.175282991533937604e+01
-1.077422658333119543e+01 -9.441846499860355735e+00
-3.851561086069604123e+00 -5.345763052424773676e+00
-4.940285025854978862e+00 -9.194079087019867202e+00
3.394700636029407637e+00 -7.145449719207312533e+00
-1.762188629862259504e+01 -1.849599960860907499e+00
2.847940403737958093e+00 -5.065975784859693576e+00
5.295765662527769813e+00 -1.201021560267662736e+01
-1.969665324989215094e+01 -2.103375187216882214e+00
1.609764196233215827e+01 -4.729076889693593522e+00
1.245363306551700155e+01 -3.466448689369767244e+00
-7.095689540959645214e+00 1.358575052905619529e+00
-7.258435636374637845e+00 -6.288124692537762961e+00
-1.095420387734290735e+01 -7.213984885099830713e+00
-1.165714571802539368e+01 -2.964937191818151074e+00
-1.536992052327356362e+00 1.091411738928130370e+00
4.674365133338186595e+00 -7.737491018257395936e+00
-9.946125651854066163e+00 -9.910408267208023148e+00
1.492967125985382459e+01 -5.376876284310905696e+00
-1.914054855605102290e+01 1.268294089793422064e+00
1.533350011191774698e+01 -1.936741776339382382e+00
6.697361898625288745e+00 -6.887789001219403850e+00
6.926783310857415721e+00 -7.073265664685692400e+00
1.359848415369170027e+01 -1.296174467350103221e+00
-5.139625779180538423e+00 -9.062221223874963982e+00
-2.087197180433704347e+01 7.117848651378600344e+00
-1.056120777767365659e+01 -1.083317015202806921e+01
-1.842800639598351964e+01 2.135241169934261940e+00
-1.617454914846652159e+01 -5.258171552801043980e+00
1.254902186592923741e+01 -1.233565374299511674e+01
-1.148463880222007072e+00 -2.821324707840130674e+00
-2.265629883641678788e+01 9.386020231359005095e+00
-1.995440120619709745e+01 3.628975895582058353e+00
-4.815198091158325866e+00 -8.685686077827108775e+00
-2.133255385757850320e+01 7.432704081786606132e+00
-1.108104521920107643e+01 -1.037432134310543219e+01
-1.154024262800311362e+01 -1.010827360424480403e+01
9.784359459291498418e-01 -1.013517199649221823e+01
-1.826453816991022094e+01 6.279277239615042916e+00
-3.282812183632684899e+00 -7.778595365221592672e+00
-1.622183409705408152e+01 1.779956512075822728e+00
1.118024540029197134e+01 -1.134235784259301028e+01
-1.996016063636468729e+01 2.044785722337922440e+00
-3.596690611559488993e+00 -5.572961129740856556e+00
-8.873009488443349468e+00 -4.956513848172344971e+00
-2.061770332901554870e+00 -2.347776807483786254e-01
-7.298319844720484895e+00 -1.176932801910372284e+01
-1.511871260941486739e+01 -8.822948071887813659e-02
9.620954256111945213e+00 -1.395429839377909431e+00
-6.632722807421623124e+00 -1.195726886998683014e+01
8.505867023459115828e+00 -4.412596031991217416e+00
-1.326516875943874751e+01 6.898070872930264663e+00
-1.453264317202822120e+01 -3.127069325296759850e+00
1.034734952330364699e+01 -1.234909615776899727e+01
2.446131430092120862e+00 7.028894785038278248e-02
9.965879393026922273e+00 -1.165542165478631631e+01
-1.568044895597680721e+01 7.912025674189107072e+00
-2.201768275507248163e+01 1.040315770893891134e+01
1.056709574080794489e+01 -9.529189461718823750e+00
8.423403097361655156e+00 -3.770338588421739523e+00
4.750220298549640674e+00 -3.156677193613066645e+00
-4.188019595185816790e+00 -8.872849231182414087e+00
-6.698702636096452778e+00 -1.664253230978654408e+00
-1.895605513991615254e+01 6.937577376850683208e-01
6.526368468765920028e+00 -3.811170418811616334e-01
-3.873500011500795814e+00 -5.177682998135821002e+00
-2.446349999368324646e-01 -6.261253120908799374e+00
-3.339951252886423916e+00 -7.805655674444797576e+00
-2.115056414720374889e+01 4.829657419744060931e+00
-2.084324987758439462e+01 4.619007603559984076e+00
3.950975380182569996e+00 -9.588352194686974528e+00
-2.015024798230695069e+01 1.002139136101093619e+00
5.396575218565366150e+00 -5.399283092292874286e+00
1.150931796952510844e+01 -1.345307698931277685e+01
1.219125185381386167e+01 -1.264556929471192781e+01
-1.454106567179566412e+01 -7.293053814192126616e+00
7.361341936892304538e+00 -1.044527052687904689e+00
5.258413823231142814e+00 -9.438891188051007575e+00
4.513070287068381425e+00 -1.146019288445388895e+01
9.611078320486624804e+00 -1.196381963290337858e+01
2.561181775602893174e-01 -2.878456598216533546e+00
-6.680861147235103381e+00 -3.008923654278888860e-01
-6.242670540558975523e-01 -2.196319793560100209e+00
2.497340925016422908e+00 -6.751442098834945504e+00
-2.194170360301477984e+01 9.320363289765532855e+00
-4.830849948760231882e+00 5.209716821051650015e+00
-3.743704548771143337e+00 -4.742757045450878728e+00
-8.613923826371619796e+00 -1.077076353330250535e+00
-1.247542712963769596e+01 -2.091495617524144812e+00
6.732439766450633023e+00 -8.178963145408479463e+00
-1.531594381083679401e+01 1.301666019398861174e+00
-5.183043385380187829e+00 -3.748455586951287444e+00
-2.261455508235623668e+01 9.603106926089761686e+00
-1.243420928581548957e+01 -6.343254769822430639e+00
-1.303512705822605966e+01 1.193743788772671510e-01
5.464046606166467868e+00 -1.309362126337676813e+01
1.190941252173375453e+01 -9.473203541608715028e+00
1.268622716255601546e+01 -6.677169280464776868e+00
-1.571157719750417492e+01 7.900234980063741475e+00
-1.519426570609618743e+01 4.056278113474576230e+00
4.792531907831870441e+00 -1.361517745299099857e+01
1.403798772130945238e+01 5.471055683953284898e+00
1.401857402543429565e+01 -5.319754503070467599e+00
-2.070554086318316322e+01 6.736239190987517667e+00
-5.348315138671945412e+00 -1.307653922604533037e+01
6.504543546783668084e+00 -1.092567616553136567e+01
4.468449350675555820e+00 -4.351976932371811380e+00
-8.022796193676805521e-01 7.577384720340171742e-02
-6.709187653034642818e-01 -1.546035127846407953e+00
1.610917407022351000e+01 -1.518171077778461608e+00
-2.187686881072349543e+00 -1.224787341152083719e+01
-1.562253102862499965e+01 -4.052563101764071973e+00
-1.872860751666751966e+01 4.106940108541262902e+00
-6.608566679673277378e+00 -3.522165265783626875e+00
-3.312217162094853506e+00 -7.092980206848102043e+00
-4.873282663534173942e+00 -1.235930568428391041e+01
1.250298616843531896e+01 -8.018905803909593288e+00
-2.105166178808206467e+01 6.404723352550171889e+00
1.402339038527710713e+01 5.493427926664635308e+00
-2.242066507324516422e+01 8.911953304696078604e+00
-1.960836769219155684e+01 8.635695312140800439e+00
-6.411941421183525947e+00 5.519180803788882095e+00
1.611117673586787702e-01 -4.938496745094475671e+00
-1.369747877546570436e+01 4.041089585363491388e+00
6.917850808979362220e+00 -5.158790568873383720e-01
-1.063232876565218987e+01 -6.213803886623254336e+00
-2.703829627775869326e+00 2.562530971043953665e-01
-1.804680148053143185e+01 4.181299683367813103e+00
-2.153218172536199049e+01 7.092168669586251362e+00
-2.151533084844979626e+01 5.680666107913624252e+00
-6.277499961804975825e+00 -9.571840174678158952e-01
-2.031657389169729822e+00 -1.331965926207621109e+01
1.224125967671657200e+01 -1.273730169638999143e+01
1.039720519385154240e+01 -1.854923849429264804e+00
-2.181664167871748106e+01 1.062243139001741099e+01
2.929271471986904629e+00 2.572808288777709951e+00
-2.158973813317318502e+01 8.656104193797945712e+00
-1.483687301152945892e+01 -7.246697274646646925e+00
-1.315331371852810172e+01 2.916055955898775753e+00
6.333170869617305243e+00 -1.809825123678292513e-01
9.287165322028712922e+00 -2.044456099001140892e+00
8.602189525166274109e+00 -3.244973841530138792e+00
-6.952469652448945325e+00 -4.779699979117491893e+00
-4.617045528451942105e-03 -1.584387000880015606e+00
-1.392477583573885624e+00 -8.446864231804005030e+00
-2.025766187889096415e+01 6.963249552295265765e+00
-2.213834566060547715e+01 9.382836372752723975e+00
5.071978740899180771e+00 -7.631620420475788258e+00
1.152444941122112887e+01 -7.432547405462979206e+00
-1.990535166477896922e+01 1.157098153767257553e+00
-7.133060906698570847e+00 -7.765539166372961155e+00
-1.608889428797065335e+01 7.915486909185169395e+00
3.128943690642886910e+00 -6.264446624104826888e+00
3.789662874792283365e+00 3.752894071387283592e+00
-6.018441701790187892e+00 -8.884572440999860987e+00
-1.618926626091885623e+01 -5.332619196747183210e+00
-1.113212108791227095e+01 -5.461813607448629426e+00
7.773720953977623083e+00 -2.114550840832071898e+00
2.982730700487377540e+00 -9.880229046311743701e+00
1.107771649657490798e+01 -7.533414736702313874e+00
-4.527120682778988048e+00 -5.690241293376582910e+00
-6.457501591151198816e+00 -1.403299620457283625e+00
-1.039451049588000942e+01 -2.378449084708078143e+00
9.708057651793394527e+00 -1.656970912116620953e+00
-7.396605738243747230e-02 -1.187850889237137686e+01
9.485912194728362223e+00 -1.225006281916190254e+01
-9.408875147695091590e-01 -2.378826982670419810e+00
3.914121564966073219e+00 3.826526061682242297e+00
-1.529431790225279197e+00 -9.923589175913930305e+00
-5.940485477698726591e+00 4.589679779746567156e+00
-1.926068368475124970e+01 6.299790004855683634e+00
6.618292456810873858e+00 -2.980747773500062592e-01
-1.509063272199218275e+01 7.362077232394887538e+00
-1.818861622358449992e+01 -1.164861319506307613e-01
-7.240468062287800599e+00 -1.150970220004987610e+01
-1.286680984980058007e+01 -7.653066746256868003e-01
-8.258857391961253569e+00 -4.718482358920715214e+00
7.983745582869358204e-01 -1.022139274845764056e+01
1.587228205930000868e+01 -1.071322928145511000e+00
9.046132594209423061e+00 -4.210465950872133156e+00
1.990041994168068262e+00 1.052757597856221583e+00
3.204884390062546995e+00 -1.307088544827121801e+01
2.847004692984961505e+00 -4.355421301653584543e+00
4.617428371697397615e+00 -1.242350920584284246e+01
2.487773771985126725e+00 2.603529704278238377e+00
-8.186643670980777721e-01 -1.261771180510932489e+01
-4.323171370647645340e+00 -1.265312270621126700e+01
-1.898774370276389689e+01 3.882582129626503065e+00
-1.764557769184505176e+01 -9.235436017693205990e-01
-1.582358732249245925e+01 1.339879649484826851e+00
-2.976348468294226723e+00 -6.794807857743772050e-01
1.390668558490686380e+01 -4.085574155268318464e+00
-1.334841742663602560e+00 -3.103143759297423809e+00
-6.508265728028071351e+00 2.337405086158994838e-01
8.609567731674969693e+00 -3.666969620144545416e+00
5.714442909436762363e+00 -6.889537557815014424e+00
2.767372838846535732e+00 -9.503824039159264103e+00
-5.317688887436177403e+00 5.219534248138391952e+00
-1.318618642724094236e+01 6.854804484106085560e+00
-9.794044272870101153e+00 9.130166675474135074e-01
-1.579554224046234578e+00 -8.558716676509858790e-01
-2.204983302733801054e+01 8.440024170521253311e+00
1.290884413941711450e+01 -6.763636051029019214e+00
7.247969084407446694e+00 -8.483412639567722291e-01
-8.782619533942872536e+00 -5.401944280684891631e+00
1.175165122682822805e+01 -1.205441775762705170e+01
8.815102836866094194e+00 -1.043924120438267877e+01
1.215572494878941079e+01 -1.276023809264768261e+01
1.092144622806394771e+01 -1.314915518670996697e+01
-1.100984092667409975e+01 -6.573690579092372310e+00
-1.373237448247946357e+00 -9.494468143229044088e+00
7.269176066499701605e+00 -8.010152108760877354e+00
9.933223304212868143e+00 -1.903338064506870708e+00
-5.569189119628427775e+00 -1.204341863415436009e+01
1.098652674985299171e+01 -1.823474883651266198e+00
-4.650918935309075408e+00 -7.270587056300101964e-03
-1.430173515711874188e+01 4.132826799316167588e+00
-8.560763257977571428e+00 -5.951192557292349861e+00
-1.594621074713214792e+00 -1.840907502156101216e+00
1.043232172002667468e+01 -5.335524544932961355e+00
-1.198130447467013759e+01 -2.217412958422744662e+00
1.450453770317461588e+00 -2.602162647496109038e+00
1.014972722291088925e+00 -1.197571045025773984e+01
-1.120399189654117755e+01 -3.691732911978917731e+00
2.011926367215130185e+00 -5.565729021836222756e+00
-1.866963515420463082e+01 -4.424456871539217406e-02
-6.219437235029984912e+00 -1.122709599706326955e+01
-1.653067026662267835e+01 -3.044410361880423022e+00
-6.745866016937072551e+00 -4.364700560792130979e+00
-1.297438822245875301e+01 3.238153875641009094e+00
1.912563301548885208e+00 -3.572628356630338953e+00
-1.410066552495376868e+01 2.426217304913684369e+00
1.401795807010285699e+01 5.501813636707145960e+00
-9.883314599559946956e+00 9.050030890085298818e-01
-1.771694632463254138e+01 2.313042334086960139e+00
-3.258777636121636068e+00 -5.729020538629993275e+00
-6.720331443004084804e+00 -1.227379674735581716e+01
-1.488243304608619155e+01 2.166021032875432017e-01
-1.052874697463954679e+00 -2.368551452424795034e+00
8.448282099684741198e+00 -3.443366752057562596e+00
-1.090809799483927023e+01 -8.245842355955318226e+00
1.492646789413580777e+01 -5.462330469946746980e+00
-9.042507551982753355e+00 -1.106406762655855580e+01
-2.205687185577293263e+01 9.204926586124258847e+00
-1.906061408917915756e+01 2.163128034935687172e+00
-6.308866135418620402e+00 -1.232080581650492590e+01
-6.963204008449192628e+00 -8.187693108317548152e+00
6.568604247791795636e+00 -1.193064553655369053e+01
-1.915191586779107880e+01 5.422048311070470916e-01
2.666059082294350180e+00 -7.714980664179240222e+00
-1.346674875647293268e+00 -1.865147852756188662e+00
-1.441639485871065673e+01 -7.604264816462629639e+00
-1.955263461690586624e+01 -5.115005324277677179e-01
-1.794023113584713158e+01 5.084792628850884455e+00
-2.262394769708625475e+01 9.848075388067112357e+00
-9.916007344091919862e+00 8.244759324066694983e-01
4.425205356779089882e+00 -1.320005046821785122e+01
1.251722570192244177e+01 -9.865094648613363049e+00
-5.393353892459642474e+00 -1.642104172652024241e+00
-5.525860897053652465e+00 -7.277442991813550144e+00
-1.833751950157224186e+01 1.583508135493680413e+00
4.135988969251140013e+00 -9.537968241778772338e+00
-3.400862786560624240e+00 -1.071478122323191506e+00
-1.387202758294943550e+01 2.988568605442440407e-01
-1.695832804203184097e+01 -5.333773140817148928e+00
2.230152380021852121e+00 -1.350699317350025908e+01
1.108349819833497030e+01 -1.885714299826273699e+00
4.790987192752178103e+00 -1.348775169690534170e+01
-2.197200700440708143e+00 -2.605971423611726401e+00
-4.413307537817345860e+00 -1.116769404526962539e+01
-1.298341010750115387e+01 -3.013596896239877782e-03
1.401748919887765510e+01 5.502540782525567664e+00
4.565090860352272628e+00 -7.928026336552224329e+00
-1.921778493873362947e+01 -6.324872812833874647e-02
-1.060702177706308369e+01 -2.072384435289230942e-01
7.139656077249842525e+00 -8.985486666617426010e-01
3.063548244672797960e+00 -1.312692041744311844e+01
-1.821895346084266620e+01 -4.448363634222319618e+00
-2.069452547441696311e+01 7.316204510982085907e+00
-1.282805114907380428e+01 -1.695797616957994691e+00
-5.829924693045837714e+00 4.625084122326783564e+00
1.155414615783423038e+01 -7.541838599082068662e+00
-6.794149661041872790e+00 -3.557196699649408100e-01
-1.907496480967566299e+01 5.690322694100973244e+00
-1.794252845302914778e+01 1.930548740688493803e+00
1.262661223580774461e+01 -3.330605232510094993e+00
-1.921313227052605654e+01 8.823510333461063837e+00
-1.505789832587598909e+01 -7.497900863119800974e+00
1.610571307948764286e+01 -1.560012529664367875e+00
9.459122290597104410e+00 -8.260951473196804784e+00
-1.027722368516249141e+01 -4.845866696039869304e+00
-4.275460846312753027e+00 -2.072896618279213232e+00
1.941656133486350910e+00 8.293713532305468927e-01
-2.313102165674022714e+01 1.076971860964955319e+01
-6.420662614662043133e+00 -1.460401882036140409e+00
1.673849373054038736e+01 1.967338174427219755e-01
-1.972150980432101264e+01 6.390262015704002430e+00
1.611007823492395730e+01 -1.292421283640156737e+00
-6.335928274305482333e+00 -1.399977478318267909e+00
-4.876048142102746397e+00 -4.046939913040583647e+00
-1.273986836583756954e+01 -4.951176129832788875e-01
-2.069521295789265736e+01 8.566658540218723417e-01
8.563548979692884089e+00 -4.100910818130943269e+00
-3.725796999905115037e+00 -1.106965571467604370e+01
-2.123305710724745410e+01 1.021467669221649643e+01
-1.483470762657865727e+01 6.707556345345185633e+00
-9.091934962393237285e+00 -2.705938457641867689e+00
-4.336049539406173992e+00 -4.464174058913942034e+00
-1.128187129856111071e+01 -9.031363209962137262e+00
-2.151657735253363413e+01 6.074957942310041048e+00
-6.604083461388272625e+00 -2.926008191401389791e+00
-2.664739163657467103e+00 -1.058121347713052884e+00
1.432223668111059567e+01 -2.925484637888521089e+00
-1.799302517343079799e+01 5.366762119147680643e+00
-1.683242623791549875e+01 -6.039258668377425643e+00
-3.257088464349722212e+00 -1.335380725602491880e+00
-1.965008206069732921e+01 -1.210748064932784251e-01
2.333943348240484550e+00 -6.125819679805641016e+00
2.973313262641921639e+00 -9.555226720492143500e+00
-2.045344096814695689e+01 1.647869829940468822e+00
2.426893095818868140e+00 -8.546768388869162791e+00
-6.342320700690134316e+00 -1.231058075752770975e+01
-4.181491477996837958e+00 2.181788835186989850e+00
-5.248909397343753724e+00 -8.360100653317607211e+00
-3.021870061845461475e+00 -8.839945906977749956e+00
5.329548494575037099e-01 -1.128512004072591601e+01
-2.374119579878413155e+00 -9.510070423764242165e+00
5.304156272232567026e+00 -1.087322954165934341e+01
-2.218624810234906164e+01 6.862440740226886327e+00
-9.354330542584779806e+00 -1.552264309432584088e+00
-1.275526610054454579e+01 -7.545045592460774664e+00
-1.115865721044565717e+01 -1.040187970000964768e+01
1.646959152440194174e+01 -7.530402921602523669e-01
-1.140065914375361622e+01 -6.801905535029380445e+00
1.094027048481050457e+01 -1.066497738061937106e+01
-1.292569398059807817e+01 -2.236338293918461062e+00
-5.442125329200009354e+00 5.752273181315303852e-01
-3.777614804202782395e+00 -1.142564801809981034e+01
2.481730903311560432e+00 -5.717725015979414849e+00
-1.652973253946455046e+01 -1.543816392904048262e+00
-1.785189627466968787e+01 -3.977182864562068598e+00
-2.108010541013222294e+01 8.830106442790308208e+00
-1.965288930372235754e+01 -1.389292377102035125e+00
1.239881311393689067e+01 -1.281592394154903225e+01
-1.679813997018642979e+01 -5.622915359944682834e+00
-2.014007539550170023e+01 7.148956515894712080e-03
-6.163970092697099723e+00 -3.587591469308415437e+00
-1.906402979455620539e+01 8.804312932955919990e+00
9.512076503817159079e+00 -1.290322759205313474e+01
-2.061488602495261802e+01 9.018154387638389835e+00
-2.919442454707269707e+00 -1.003931382994558419e+01
-1.350776774480742581e+01 3.816527868310287452e+00
1.550228390519187549e+01 6.114381729681624966e-01
-8.043363202346087704e+00 -7.645841380777956831e-01
-2.791366222032682032e+00 -1.230375967850668850e+01
-5.148982860734668598e+00 -1.237418603000366701e+01
-1.641796576258996332e+00 -3.074008923900950485e+00
-1.153012731167214078e+01 -8.388095793030345249e+00
-1.365707621703265850e+01 3.901656664925833962e+00
-1.561627509091393406e+01 -5.072079177245093717e+00
-1.638698163569483413e+01 -4.867984853128770162e+00
7.452643185456397035e+00 -1.328654249807052778e+01
-1.139688092971322675e+01 -5.013870480628339621e+00
3.413153235170044653e+00 -2.721906697180119572e+00
-1.301538046862158460e+01 2.969635110996088123e+00
-1.583410709053542398e+01 7.782887434178246799e+00
-2.991469587067249192e-01 -2.846882082496267063e+00
-1.377387455694895024e+01 2.324459755803312877e+00
-5.660762646037670542e+00 5.120317418186284719e+00
3.368256186751998449e+00 -7.213556768993158563e+00
1.039916292454116409e+01 -5.197372708857629142e+00
6.777474975283737990e+00 -8.319067957664238122e+00
-1.941582678561220732e+01 6.343997250753085737e+00
1.841129643173311736e+00 1.456008065175333099e+00
6.719923241956283100e+00 -1.185678622607806432e+01
-6.388365513010041852e+00 -1.301804968819719299e+00
4.899487771004057635e+00 -9.417678965071869968e+00
-4.446554303280938925e+00 -1.207905620280746106e+01
-2.516382483728718089e+00 -1.121451353419288388e+01
8.290896657309710704e+00 -1.212055793709031448e+01
1.253941378227281511e+01 -2.250374555826847089e+00
-1.237743024671381953e+01 -7.658788040370675176e+00
-1.345012555449119596e+01 -6.480620216005308798e+00
-5.414559864170473524e+00 5.182357028541055399e+00
-1.158936781639762792e+01 -2.507412626522453447e+00
-1.420169704102934105e+01 -6.381659461955911716e+00
8.541327924807895045e+00 -4.346619103580423804e+00
-1.011976512202225997e+01 -1.105457033655682864e+01
1.409198698089929991e+01 -4.136982183697059945e+00
-1.651615499426317157e+01 -5.862728192901534463e+00
1.401794358998341927e+01 5.501834211925149098e+00
3.496040376792659110e+00 -1.228265942924326026e+01
-1.307410347489827807e+01 -5.120317617659397413e+00
-4.654902834221901209e+00 -1.234768171021842242e+01
-6.350277299356775096e+00 -9.432197064016667909e+00
7.267594010299466056e+00 -1.314023154312723740e+01
-2.142906612283663748e+01 4.831833017307528344e+00
-2.298093313187959197e+01 1.060575626053823406e+01
-1.605583243278330130e+01 -3.103341262161646963e+00
-2.278266662004588738e+01 1.057388678134525684e+01
1.127481403703685281e+01 -7.398488796526820011e+00
1.279047923931261899e+01 -7.125958271270762090e+00
-1.639661638263946131e+01 -3.409271694865134261e+00
5.765116689672205030e-01 -1.163316703052196388e+01
1.401754043825282992e+01 5.502459224672747062e+00
1.134557041256366716e+01 -3.646502374410065972e+00
-1.115057605926260109e+01 -1.356866167557219338e+00
2.364531998989450656e+00 7.303446199058285515e-01
-9.252327398129065017e+00 -4.972115410685258752e+00
-1.015011000263554131e+01 -1.109466220158264704e+01
1.402446003362666893e+01 5.491761950790383651e+00
-1.814856510908906628e+01 6.153819984597761916e+00
-7.744783672205755920e+00 -6.354233722488932257e-01
-1.351869624014589100e+00 -4.991090980747975969e+00
-4.122079781406968735e+00 2.398227449991241045e+00
1.796504754129588655e+00 5.394518505024165078e-01
-2.243905572811923221e+01 9.718078632339418377e+00
-2.196260739999638645e+01 9.866254944579242903e+00
1.233018577310085284e+01 -1.327847479481068937e+01
4.775826619637916437e+00 -4.441241586905529282e+00
7.719709264561176454e+00 1.913267385416522470e-01
-2.885879028188745199e+00 -3.143176055212940634e-01
-1.975380635219893577e+01 -1.616796662697457032e+00
1.078145480124117661e+01 -2.336239497082703842e+00
-1.314880067004176212e+01 2.365950283136827537e+00
-8.710185797171844158e+00 -1.739693082049180273e+00
5.111999821185140291e+00 -1.052055218419754645e+01
8.807258281937553335e+00 -3.065739341074539936e+00
-3.858478357861967023e+00 -3.522853685055511885e+00
-1.900847501476009427e+01 8.545315608727220180e+00
1.747904817310186321e+00 -1.116281983086770602e+01
-1.994330223386360146e+01 7.374697098318955035e+00
-5.074815081992376520e+00 -3.713609712027188703e+00
-5.421757739159029477e+00 5.196114992184978298e+00
-5.075043966707285747e+00 -1.582201472556862720e+00
-1.942719289271232697e+01 2.387708801921724078e+00
-1.486302575411326821e+01 7.072047895275633600e+00
8.946625899721389885e+00 -4.455489399428715913e+00
5.413098487724366414e+00 -1.252434239517023862e+01
1.211511050602500461e+01 -1.282158088060638157e+01
-6.942871104941435334e+00 5.786687581009114290e+00
-1.558527936869222152e+01 7.633155258756895378e+00
-3.715406437267977369e-01 -7.649276228900617092e+00
-1.564321472501198151e+01 7.858912532372788640e+00
-5.304260732171812265e+00 -7.297139525684824157e+00
-4.946792173141184357e+00 1.185196888357092915e+00
9.805012599169359078e+00 -1.251763449226404035e+01
6.568522874675437606e+00 -7.176843471861427126e+00
-2.262156396036957062e+01 9.568376865160068689e+00
-1.770016406675557619e+01 3.766367974292490040e+00
-1.680198070530828858e+01 4.274346088075261285e+00
-2.043947008476388305e+01 1.020327353918158231e+01
3.621288219356979088e+00 3.533879806682848290e+00
8.411611840934471118e+00 -3.880924806890395207e+00
-3.280560002844549738e-01 -1.062504198394856836e+01
-1.543179537358949283e+01 -6.401796784801558005e+00
-1.579382190508544248e+01 -6.356387450496736591e+00
-1.337717435793796916e+01 6.954420364010654332e+00
-1.180989436649219115e+01 -9.618284210583084359e+00
-1.505968937995308465e+01 -7.525203225620239245e+00
-1.300452724167903185e+01 -6.055906308422583706e+00
-1.305800154049707196e+01 3.140557808730358724e-01
4.930174222576988896e+00 -1.108552495656638115e+01
5.657723267178237592e+00 -7.238408212288428345e+00
9.640028578115462210e+00 -1.082373638424937923e+01
-1.986115867523551159e+01 4.010128521693199666e+00
3.204002538801815625e+00 3.203481930750462503e+00
1.402637085558392371e+01 5.488903616377633909e+00
-1.323944664610403166e+01 2.405231262523107816e+00
-1.918330483478592896e+01 6.492200954922413558e+00
-6.875274496068727537e+00 -8.103171458245849834e+00
-1.068900583613834065e+01 4.558399311244711871e-01
-1.036588899159714217e+01 -3.437990854351901771e+00
-6.390205718822838499e+00 -4.096783193129961198e+00
-1.932026487334501397e+01 8.857603914117660793e+00
3.179969773021108281e+00 -6.931614533255584298e+00
-1.064673136088282490e+01 -7.624882574302446869e+00
8.293697688307226201e+00 -3.208770857622712303e+00
2.750125240915799019e+00 -1.310746766581068812e+01
-1.921898532537360893e+01 6.170840265739280461e+00
2.321370424774325258e-01 4.425495450981281609e-02
1.996646496084792721e+00 1.232392588843426839e+00
2.682020330558678722e+00 -3.440826951783842791e+00
-1.013943996848437301e+01 -5.226912266134296381e+00
-1.495354834083074103e+01 -6.210367233964238842e+00
-2.024302630826123206e+01 3.980285102161697619e+00
-1.712285893934793890e+01 -1.469388971106818209e+00
-1.483848108843660718e+01 6.271397323989528871e+00
-7.366960810980413554e-02 -6.063147196855694254e+00
-4.532295867699629000e+00 -1.287397309683198543e+01
2.147358287344896421e+00 -2.260497162533571469e+00
1.401784681876680239e+01 5.501986202518446056e+00
-1.938675926027823238e+01 6.127526835953442941e+00
1.066243322577711972e+01 -6.255823112417370879e+00
1.218411689003641207e+01 -8.622434882842027193e+00
-5.835204208964037242e+00 9.410100931064936391e-01
-2.547060041494201954e+00 -1.288668618631446705e+01
-1.050198503057224642e+01 8.805913282140099829e-01
-7.415145042601293923e+00 -5.605698072854995218e+00
-2.141004818572332624e+01 6.017320682128935339e+00
1.146581000910688886e+01 -1.063218275993268946e+01
-1.306204387437079539e+01 -6.342189540109782087e+00
3.290801173795388834e+00 2.535871807307100489e+00
-1.169351515411513098e+01 -2.598472798877273338e+00
-2.163447380124529307e+00 -1.190459813859484584e+01
1.836186423538177515e+00 -1.356596952940479106e+01
-7.875312581458713268e+00 -5.518989903616675186e+00
3.788250323954660104e+00 3.627117198062804082e+00
-1.007481542776430494e+01 -5.412456672134682734e+00
1.497984793563845685e+01 -6.110336276707049041e-01
-2.043795923245611235e+01 8.009446481518931904e+00
6.296313099683579217e+00 -1.054444923108047583e+01
-9.944342331311373684e+00 -6.970367006260767440e+00
-1.300492511909024884e+01 2.822164979164782928e+00
4.096626284320332267e+00 4.011826757683158107e+00
-1.937698413811011022e+01 3.255259114966487122e+00
1.401979193697421344e+01 5.498978002081963190e+00
1.069342418251989102e+01 -1.132785264272215642e+01
-1.759645563003051549e+01 8.121917984773839860e-01
-1.869627572043567909e+01 5.277955537414965592e-01
-5.627102433801633552e+00 -8.617842307152210779e+00
9.079394027177601245e+00 -3.767428652313313364e+00
-2.040694216136617722e+00 -1.229862160541892813e+01
-1.520950290040465624e+01 -6.796486105416820855e+00
1.833434642912504131e+00 -8.327169431719406489e+00
-5.594584583055051574e+00 -1.202866080693437700e+00
-1.266539083894313578e+01 -7.224632270560253922e+00
-1.154088549031446753e+01 -9.857879455602477137e+00
-4.809733217692501839e+00 -6.614617461970035528e+00
-5.194387580269379079e+00 -6.691979576533524821e+00
1.033780437474785074e+01 -1.140236573243516105e+01
1.359913681603131508e+01 -1.079178035484324116e+00
7.727863825073948867e+00 -1.781731944800453382e+00
1.548466360569104516e+01 -1.923784288096933581e+00
-1.242347537967823934e+00 -8.312521796140785568e+00
-1.727686976026922139e+01 4.857500917691882414e+00
-7.866780992671713157e+00 -1.129930777641922646e+01
1.016760690068461415e+01 -1.661703444446586575e+00
1.258084690128121608e+01 -5.228355568427828004e+00
1.276316099085664790e-01 -1.141706083340336519e+01
8.717949354484611391e+00 -1.170524292579562875e+01
-1.430414134179076813e+00 -2.732638995185322717e+00
1.131352402265596169e+01 -1.302575875143583772e+01
-9.304924076353497497e+00 -2.047259921534488603e-01
-1.337152982378571409e+01 -2.820518455387745593e+00
-1.812508446200277135e+01 5.070612650574622293e+00
-1.882672824437874537e+00 -1.227602422082069644e+01
1.055249104173581642e+01 -4.160181697780561016e+00
-1.631053959425155853e+01 9.083276832061641937e-01
1.246309733517773388e+01 -8.988845577546854315e+00
1.292440972614831729e+01 -6.414828046394156935e+00
-1.281082114789407633e+01 2.153453818085500071e+00
1.251903048473151792e+01 -2.996195733136098216e+00
-1.017487803199404794e+01 -7.962373565563256150e+00
1.386060737965567835e+00 -1.142347897949134783e+01
9.528969524492362453e+00 -4.806839401399498612e+00
-1.039146041760034000e+00 -1.913335777350467115e+00
2.992226627792029525e+00 -3.474234133258494062e+00
-5.645295168235364258e+00 -6.880653594467085021e+00
-2.825170969551224154e+00 9.915872468646602655e-01
8.790316458130428501e+00 -5.119106592478326334e-01
-2.978360254808466223e+00 -8.163786941308915246e+00
-4.761877022091627332e+00 -1.018440486133583178e+01
-2.176186099994517420e+01 5.709083256699170050e+00
1.367679775761699901e+01 -7.167763672833411981e+00
1.477842316350503671e+00 -2.769618039752372418e+00
-4.064782233841546244e+00 -8.627905833235148592e+00
-1.437522122670822000e+01 -1.430317814560400080e+00
-1.819274123094009354e+01 5.737255663517075277e+00
1.466984625920431773e+00 -3.999620401168757056e+00
-4.424270556041768110e+00 1.219389925573280298e+00
-7.614708525391282734e+00 -1.141098299329900811e+01
-1.728665021206749586e+01 2.160874536625660980e+00
-1.634815846797270922e+01 -9.682627361190918602e-01
4.163700611896961945e+00 -6.658450854388692441e+00
-2.156968018017093414e+01 5.404073181009175109e+00
-4.334799312597244381e+00 -1.315156963425450520e+01
-1.420724701580446769e+01 4.100589916710222660e+00
-1.571022612584750178e+01 -1.366708381987503662e+00
1.029965179853708435e+01 -1.761374268849671409e+00
7.199777865914327002e+00 -1.120879279889279490e+00
-7.589389448066548916e+00 -1.152323624842362060e+00
1.690136397526277312e-01 -2.880717284436716152e+00
4.373760205466764361e+00 -9.333768244572912209e+00
6.099513530559943497e+00 -1.196580386318130174e+01
-1.114900002383048516e+01 -3.481963561429664455e+00
-2.087706214110497882e+01 6.540556891105792303e+00
1.359080527823719287e+01 -6.205471737949637578e+00
-8.686738384508164046e+00 -4.773495872039782983e-01
-5.720110086011775508e+00 1.430472608847244809e+00
-6.942547664079114611e+00 -1.086069749985567690e+01
-1.555618307237554632e+01 -1.594508178911031360e+00
-3.605052305502521648e+00 -9.307107097240118421e+00
2.682446174153838570e+00 -1.331310635940697473e+01
-1.310198391429889497e+01 -7.948708636488166501e-01
1.125600535443568972e+01 -1.182224115703531453e+01
-6.042302407972425904e+00 2.425391507215655107e+00
9.595721657550354555e-01 4.847774810798614609e-01
1.413419586675419559e+01 -7.288270428881122864e-01
-2.433502196052863109e+00 -1.249434205359701799e+01
-4.700627665311680303e+00 -6.805780391585802391e+00
1.106655481099578431e+01 -3.456471824446787355e+00
-1.337838053257868687e+01 -6.173575852712674283e+00
4.256126115315688629e+00 -2.504327640266221788e-01
-6.632727043339321504e+00 -5.874473433194976835e+00
-1.393156110130510505e+01 -3.152549340297286395e+00
1.560976574107958470e+01 -2.112235813277134167e+00
-6.074520650124744847e+00 1.184850803318238999e+00
2.756883876001640754e+00 3.046382300457145753e+00
-1.643376329507649913e+01 -5.336530848611202416e+00
-1.201565028702386861e+01 -9.739182210813169149e+00
-1.764938691432897855e+01 1.424717645090463058e+00
-2.896895056994432061e+00 -3.370303900430904331e+00
-1.513477803407895017e+01 -6.681575764880420820e+00
-4.656228383580908847e+00 -7.252912294063551535e+00
-6.090904632602788027e+00 3.131556197971046451e+00
1.713967356563820044e+00 -8.866050410156125494e+00
1.212691697797497881e+01 -1.360587440066018061e+01
3.889967400801986219e+00 -1.279238895122323605e+01
-7.156195439618457499e+00 -4.031948876637143075e-01
-1.109798621769727411e+01 -4.225101369732975343e+00
1.190627750302306431e+01 -2.824123052251249266e+00
-5.730593200803057563e+00 1.396283583995937772e+00
4.543093638022980052e+00 -6.807209316130919063e+00
1.401809340251578817e+01 5.501605232194970441e+00
-1.297386806876631127e+01 2.813071148937408950e+00
-3.667776706905469197e+00 6.232516638670866360e-01
-1.305920319528662610e+01 -6.530937242456306357e+00
-1.577349764905305651e+00 -3.221392405098894240e+00
-2.031523491859932307e+01 -9.324781703750434358e-01
-2.145635030605507509e+01 9.216938317796211422e+00
-1.535429571778985469e+01 -7.059457530693519445e+00
3.296627087926989219e+00 -1.322561540675532221e+01
1.121643141552190315e+01 -1.271669316217887591e+01
3.857522648388580500e+00 -7.381679575986945352e+00
3.708437326427715064e+00 -1.333232549488968033e+01
-1.654092739579456861e+01 -3.367549708631466299e+00
9.363833841913146827e+00 -7.446710765361092221e+00
8.943425229239501562e+00 -1.279766670133508377e+01
-2.215358347092299951e+01 6.472431182544147177e+00
-3.900975675623288730e+00 -5.926374308702336613e+00
-1.477090673346976324e+01 -2.135149581067553370e+00
-1.154508250554615323e+01 -5.999402294978108507e+00
5.092871297147875786e+00 -8.157755419369232541e+00
1.102603774451141661e+01 -4.093515523127595479e+00
-2.186943003677929198e+01 9.611782218298008829e+00
-1.357729473405690435e+01 -4.319400812158702863e+00
1.042160944656166244e+01 -1.166398488793837451e+01
1.257980257800232593e+01 -2.763333712845900347e+00
3.921956208481489625e+00 -3.226767809069840398e-01
-9.353801749090326911e-01 -6.484525011750416068e-01
9.888829828907114816e+00 -1.257042751698269001e+01
1.427445439003066063e+01 -3.820206208316789809e+00
-1.057128223894091512e+01 -3.181981716981265418e+00
-1.056943460551817005e+01 1.069988940583469050e+00
1.119526648263735424e+01 -1.075925767756860552e+01
-5.568937578243879472e+00 1.008560726953536379e+00
5.072828984188529233e+00 -6.419293073800806937e+00
-4.852356713862885584e+00 -1.200838656883306221e+01
-2.224858715254539021e+01 9.579993239967318885e+00
-2.318929448053259890e+01 1.083454585630241773e+01
1.700580659868342082e+01 -2.030426695424848660e+00
5.542577443029232498e+00 -1.090436471095526194e+01
-1.028978312694079200e+01 -3.402588571798541128e+00
-1.302833663079191240e+01 -1.229951377170197313e+00
1.270379771107551470e+01 -3.242232132083224361e+00
-1.713964790029900698e+01 -1.064372738418252862e+00
1.668458002681382624e+01 -1.846458527962431706e+00
8.658389618215093009e+00 -5.371278040154923161e-01
-2.144586718827724425e+01 8.644176395303917460e+00
-2.094225030756676276e+01 6.833999373062413341e+00
5.903147003969175799e+00 -6.941802809588407897e+00
-6.925360796965674970e-01 -1.248167002840039252e+01
1.050284012186751603e+01 -1.191103916801643692e+01
8.113123249891883049e+00 -1.298639313763265513e+01
-2.257670769640581554e+01 9.225366849206434239e+00
6.802348125961780179e-01 -6.562954862341680240e+00
3.628037479547626454e+00 -1.295862769498321754e+01
-1.108814639249181511e+01 -8.699078856357640888e+00
1.062344896177776299e+01 -1.317174898322907062e+01
-1.676651118622109848e+01 3.178058783225316208e+00
1.109358456033363005e+01 -2.696861420671918363e+00
1.319591190651509294e+01 -3.128133178185824370e+00
-6.686229420908706089e+00 -1.419399562343190535e+00
7.991475906134966500e+00 -1.209631167397673401e+00
1.342415002522563938e+01 -6.652041018790622040e+00
3.210044374201732609e+00 -4.496489487139506025e+00
1.715076624208544676e+00 -6.499945362590652032e+00
-1.761947448366758806e+01 -4.972182967721979097e+00
5.979398442983479001e+00 -8.204292168370507454e+00
-8.075487591879806359e-01 -1.187914349201242459e+01
5.197247376327299051e+00 -9.412869305676622389e+00
-4.227549085680101015e+00 -1.048948764155888647e+01
9.690406207294849139e+00 -1.262665080990260691e+01
-1.701522347019638559e+00 -7.347069611835988390e+00
-6.221493092777646616e+00 -7.421216745374437984e+00
1.401783989502449757e+01 5.501995144755420952e+00
-5.093761105919744736e+00 -6.986917054433331664e+00
-1.781893522958288401e+01 2.880346234666039784e+00
-1.946410363190263482e+01 -1.190238911765919561e+00
-2.120247284713730807e+01 5.618868030529863944e+00
6.268273595347969795e+00 -1.563208653571289131e-01
-1.606470974889779413e+01 1.901629260108037567e+00
-8.285600658091768267e+00 -8.805769914521137665e-01
4.782734306889603104e+00 -7.610463850549328946e+00
-1.327074071868648097e+01 -9.099720448029669839e+00
