5.038327827221191768e+01 2.069691049948450541e+02
2.287611043774667152e+01 6.878729068051788431e+01
6.481175124158725964e+01 7.892488963663604196e+00
-1.508162912480534601e+01 1.690775868948438543e+01
-3.459049152921581083e+01 -2.091011575828256497e+01
-3.990411967309918850e+01 -6.228537485400109119e+01
-5.758802924475289586e+01 -3.662132377154276242e+01
2.734419080055980089e+01 -7.265448387071445779e+01
-1.957543898682919803e+01 3.498218044071769128e+01
-3.625005043559488627e+01 -1.725543376171875423e+02
-1.054999541923736039e+01 -4.326344644273338247e+01
7.172809417022382661e+01 -1.476047000157026190e+01
6.724266680378133465e+00 7.577509320298916862e+01
-1.465869087174879404e+01 4.627416424158290909e+01
-3.761318934750516974e+01 -1.289907434262406394e+00
2.731393029031600506e+01 -4.115253881142092496e+01
3.399931649678450185e+01 5.266270349330611822e+01
-5.770087593442866591e+01 -7.877184126460035429e+01
-5.394165595459188722e+01 -8.583365175752780019e+00
1.914258064681709115e+00 2.664128810926615998e+01
4.457777375004929610e+01 5.211181275610221064e+01
8.168886232722279317e+01 3.752416730187708538e+01
-5.330102826991408804e+00 -6.163551710428684061e+01
3.634084741650433159e+01 7.483271566242741812e+01
5.130253539970830445e+01 2.981773391477489810e+01
3.886030539668026762e+01 -1.797714373303482560e+01
2.046363531854871809e+01 4.966376795498725016e+01
1.132310988487623433e+02 1.024854230716060215e+02
-7.184118084594992126e+00 -5.110315670618903994e+01
1.832970032772392699e+01 2.649157086664832406e+01
4.092837795494126851e+01 5.425718084738149827e+01
1.913625126398732501e+00 1.159259589009923985e+01
4.013790199390937374e+01 2.478347804045549907e+01
-5.614210160928272586e+01 1.604538391099054095e+01
4.450993586907677013e+01 1.109980936141209042e+02
-7.419836722311044852e+00 6.334696868360473587e+01
-2.498360559442376072e+01 -8.596959894706544958e+01
-2.947020500349493588e+01 -3.083202861676058149e+01
5.008351213484933595e+01 -5.327902379112958187e+01
2.776695974698819214e+01 -6.551731846302125462e+01
-7.611569088986432918e-01 2.744100746326185103e+01
-2.089913726230865976e+01 -6.887667460937885622e+00
1.028339685901488139e+02 -3.889106673623060573e+01
7.110442909295001357e+01 -1.499375633711258331e+02
-5.266386690745517285e+01 -2.181108184221059076e+01
-6.528442717678370855e+01 8.213854174927314489e+01
-1.119202887940794824e+02 8.616776970814903791e+01
-4.473329434404515581e+01 4.456126294651792819e+01
5.289308835783314322e+01 -8.606076809405012185e+00
-2.484885414034191342e+01 9.078706359414420035e+01
-2.143804136598682675e+01 3.004544889887111836e+01
4.517338574574262822e+01 6.802266356502235212e+00
8.405834657851892189e+01 4.962090925524302065e+01
-6.528484864432529378e+01 -1.864177061224885890e+01
5.866225113469745622e+01 -5.162708975552562407e+01
3.462317286214749146e+01 -4.647256064905216988e+01
5.935661909063817632e+01 -5.821513818382554106e+00
-1.300689313708831776e+02 2.967513277807377392e+01
-4.206092631814754412e+01 3.656095258024255656e+01
5.670177798673723402e+01 -2.240537697184191712e-01
-2.990609978332740582e+01 1.404886989633771677e+01
2.844121522729976093e+01 7.433267104361303268e+01
4.152595967955538470e+01 -4.012885372989232735e+01
-4.410452140629958251e+01 -3.885555519371908417e+01
-4.774655189783113940e+01 7.588534131795260151e+00
-2.146566527998361096e+01 9.836437915975512425e+00
-9.216180247232888689e+01 -2.147792685474248842e+00
-1.907306232403485069e+01 -4.280586192433877812e+01
6.224003322760091805e+01 -3.739361557589847251e+01
-7.646675446233354378e+00 -1.830225391144344371e+01
1.233005775231995784e+02 1.849358159090539289e+01
-1.083393052946770752e+02 6.410434844822941614e+01
-2.859003235248648167e+01 3.763162248298957024e+01
-1.019241165970561269e+02 3.344431975537737145e+01
7.411714292418037076e+01 -2.147739194941287622e+01
6.360836495918950284e+00 -7.306365644317686758e+01
2.504017342137345725e+00 -3.475161725241070343e+01
-3.509631965408544119e+01 4.522969246788466080e+01
-4.597321375653041997e+01 -2.587876126595164639e+00
-8.505601294417968461e+01 5.333020886810338368e+01
2.423179819008670677e+01 5.211573138991175114e+01
5.325081715852524411e+01 -4.909859878089640972e+01
-3.075555478972423629e+01 -3.722143438441187868e+01
3.088369551178516659e+01 -5.795268778647123042e+01
-1.323623631432504055e+01 -9.475403399922676329e+01
-3.145549035286847150e+00 -3.730311235673644532e-02
6.493334120032484691e+01 -4.933907798100685937e+01
3.114228369056642265e+01 -3.645472076834705888e+01
-1.386836790195824065e+00 1.740531508097384616e+01
1.949126263950318361e+01 2.989492843408281697e+00
8.880216994176575440e+01 2.422752575258055874e-01
1.390406521319323119e+01 9.477052405404544189e+00
5.027451709669487201e+01 -3.035942535591692959e+01
2.537647284376643775e+00 -4.279104720112644600e+01
-5.855655160887945243e+01 -5.019133624760357959e-01
3.645118658637927922e+01 3.216056976017980240e+00
-2.620766235177093861e+01 -6.436059363260318378e+01
1.080586538910153749e+01 6.097781132496655232e+01
-2.458052296092367683e+01 -7.594113906161658178e+01
2.502481996742425707e+01 2.736880779603051295e+01
1.187064371435529964e+01 -1.940136405087965477e-01
-6.292767537675462819e+00 -1.120601638706392436e+02
-1.526096049764175966e+01 2.415689528996162139e+01
5.767325121592748616e+01 -3.149974782390741268e+01
5.128787293357087407e+01 1.604677353282237595e+00
5.601830726378275216e+01 -2.422038203362402342e+01
-3.343942855332454656e+01 7.676712005843711495e+01
1.889556476517998362e+01 3.140228244381199474e+01
8.664246639903134906e+01 -2.362778940143981288e+01
3.884281752369151519e+01 3.578311762132707941e+01
-4.873076463587506879e+01 5.210691660004734871e+01
-2.579567586372541044e+01 5.548989643753311896e+01
-2.841733834853339857e+01 4.924842717121515534e+01
-8.530645403835879392e+01 1.832074400283800131e+01
-2.497199463594705016e+00 8.537420051183087821e+01
-4.175801024397417649e+01 -4.797634233142832727e+01
2.645732660793270696e+01 -1.987009573019337694e+01
-2.921828265627699395e+01 7.184342091494329452e+01
-8.364968499368664823e+00 -3.323916174784523037e+01
-4.210534060097738518e+01 -6.021874851095271985e+00
4.996416863781717410e+01 8.608859741635949803e+00
3.969923994739037010e+00 -5.689836836374734474e+00
-7.243693161957404314e+00 -5.730581320341866558e+01
-8.855206108910252283e+00 5.314498937630944653e+01
-5.005274280793010178e+00 5.104309476524007572e+00
1.160370299972145069e+01 3.123968022217110629e+01
-3.657233111820030302e+01 1.869050245909550156e+01
1.114251119415538938e+01 -1.680748904026532387e+01
-6.514385919257532009e+01 5.955762430197027868e+01
-1.871225939414489048e+01 1.034218343817871499e+02
4.638419182775737681e+01 -5.594423363735589128e+00
-3.953933270501785557e+01 5.693093431742138222e+01
-3.993964755901023267e+01 6.486830370996531769e+01
5.050940556921866431e+01 -1.653303418520528112e+01
1.070954471731655033e+01 -5.975243610870597166e+01
-3.660184547519545362e+01 9.307996909758664117e+00
5.775318131712018754e+01 5.788334193327605348e+00
5.377221480224791605e+01 -6.132704316513289200e+01
-4.781660471557693626e+01 -1.796415270559261756e+01
-3.720885854474352783e+01 -1.307458978092893176e+01
4.628939559119621805e+01 -4.152403839394511920e+01
3.000828609615600584e+01 7.347170479071694160e+01
-3.071321561529316924e+01 5.575477928029932428e+01
4.930456852160718739e+01 -2.251675523104072241e+01
-2.073908130170494246e+01 4.640933162516362387e+01
4.519635347271401571e+01 -1.127477206150207500e+01
-3.546891300828639260e+01 5.912715702549387942e+01
5.955219048998704068e+01 -5.707318984644910387e+00
3.032327681875550596e+01 -6.219616374266772496e+00
7.805852918854220945e+01 -3.332950976095808215e+01
-4.423905558919729941e+01 -1.190688427697605789e+01
1.341411199589281456e+00 5.640832089982766462e+01
1.899887581907804091e+01 -1.992953635453775263e+01
-1.031110364691521681e+02 2.734150117916559708e+01
6.535325656916485570e+01 -9.813862736313581081e+00
-1.019001020596823182e+01 2.769906781699651432e+01
-2.768239459874897612e+00 -5.367778726348341678e+01
-2.855763862621902405e+01 7.912452701962454427e+00
2.063266400053253591e+01 -5.848751821155179442e+01
-9.936427635895316968e+00 8.881359637943583607e+01
5.060542923948437988e+01 -4.199327737464913213e+01
1.840754089048037301e+01 -7.009209929120420668e+01
-9.613130049115046205e+00 -2.629599815421058651e+01
3.337894084192348032e+01 6.400380509054450329e+01
-4.621591570585273701e+01 8.887771637790542911e+01
-9.555206305083792984e+00 -1.070751322414584195e+02
-5.139263321180193600e+01 -1.258910963126835147e+00
5.527211098019697744e+01 8.789538050144818726e+01
-3.078522528715844331e+01 9.735754117985378286e+01
-2.390901264896680445e+01 1.321295489069810003e+02
-7.493327842926433391e+01 2.072087657123843485e+01
-8.146782397437675627e+00 4.034253281535510638e+01
3.722485066203120141e+01 -3.923270401798271223e+01
6.475321837940104786e+01 3.625942288026450910e+01
3.367940947619077008e+01 2.696712820297315716e+01
-5.602527109839775221e+01 -3.038118287951347440e+01
2.534738740491760467e+01 1.948728669551105597e+01
-4.467587252262820385e+01 -7.770658334705699133e+01
-7.791151534410343515e+01 -5.378603305756835873e+00
6.218026867306507555e+00 -1.481204650898713737e+01
-1.010403442151717854e+02 5.801521830956513526e+01
-2.185970201819876024e+01 5.265242395312768764e+01
8.011136583630733554e-01 9.027274895122992859e+01
-1.307751067577269222e+00 -3.379436074620009833e+00
-4.361326235677174878e+01 -9.121327392340646156e+01
-4.999091338091607994e+00 -4.297558261817883363e+01
6.183697940555759232e+01 -2.854134131729601975e+01
1.386114168666464863e+01 -6.823946872339288916e+01
-2.856151744308615648e+01 -5.960167841711778891e+01
-6.721142901358784627e+01 -4.352788017056720804e+01
1.394611057797416542e+01 -1.161325788634184875e+01
1.541021635776724885e+01 -5.224518485769345943e+01
-4.160904434790199247e+01 4.169538943647958718e+01
1.851396717194747632e+00 6.425824854632745087e+01
3.955107544090749627e+01 -4.929262703326384809e+01
5.558604230116749534e+01 -1.772798169493854914e+02
-4.580073401111627618e+01 7.587817456940739191e+01
2.608593463130468137e+01 -7.118168078212038097e+01
-2.303587857714053655e+01 -5.949336274348767972e+01
-1.833388580241612331e+01 -6.605582626509779232e+01
-7.877187961647837255e+01 8.741879119854989000e+00
7.308993587547206516e+01 8.903784188742314143e+01
6.418821255978436113e+01 -1.610584893167726150e+01
-4.067771469414996943e+01 2.614252471546942758e+01
-1.410520616979867441e+02 -6.589607760858287122e+01
-4.550509448523568778e+01 -1.925852590303316703e+01
5.811816167555431178e+01 -1.692885175631739259e+01
4.398037764514695169e+01 -3.125011302141425062e+01
-1.810665108102594445e+01 -5.273900462802641798e+00
3.354547980675306462e+01 -3.636126960843972356e+00
6.841954051048330143e+01 2.131295924424872723e+01
-3.806944326592547156e+01 -1.033678647984304746e+02
7.913632099712128820e+01 -1.140871123585375813e+01
-1.911525184836163627e+00 3.607576400321496379e+01
-3.715411769587394275e+01 -2.069130080627704515e+01
4.213070974043309747e+01 -2.042565093665913523e+01
2.694969416782618765e+01 2.281007274079436797e+01
-4.168101700659753561e+01 -7.441695321883489100e+01
-6.249900865043578335e+01 1.242831390483897280e+01
1.352599418274695076e+01 -4.595119117647821838e+01
7.409584672977459263e+01 3.061381186732036852e+01
2.077211786899966839e+01 -4.757851928830216792e+01
1.383041570938886444e+01 5.534553794009533334e+01
-1.481561980665756018e+01 1.128846196972277482e+02
-2.528464623879766648e+01 4.241490463760273144e+01
8.911428360051122866e+01 6.128246917531876647e+01
6.765542760693725199e+01 -2.329572476036575424e+01
-3.018457035733372251e+01 -4.658447370098646445e+01
-4.108067709931410150e+01 4.374017683048146310e+00
-1.338689041115974021e+01 8.047881407060495462e+01
-2.865735376579662130e+01 -1.167383473337035404e+01
-4.306572592863173554e+01 -4.845720273736456107e+01
-9.000682983195244447e+01 -5.355587677978203942e+01
-3.567743123138252059e+01 -5.144556857103457759e+01
-3.054979123281222542e+01 -5.651900395320760850e+01
3.264669645716428903e+01 4.382132234826361383e+01
-1.836577384946387426e+01 -5.373867578037138770e+01
1.987996541338565351e+02 8.542564132488961093e+01
8.895761537930931695e+01 -1.627236263191635146e+01
2.974532526803891841e+01 -5.040065668150919009e+01
6.891360516850836859e+01 -3.539430075019348010e+01
-9.732015612547835204e-01 -6.526571207951585052e+01
5.299705263515329534e+01 1.005878443245828180e+02
-6.319595734471209880e+01 -7.553120476863098176e+00
-8.114097521869743090e+00 1.058540101861307647e+01
6.643827764282828241e+01 -1.015483095567134786e+00
4.070063548814685461e+00 -4.841654370819749431e+01
-3.450695550811941104e+01 -6.926095523622949557e+00
8.451235492109749003e+00 -2.316789297606281650e+01
6.980890588778686734e+00 -9.687183996234061567e+01
-4.757000664848981586e+01 -8.432115973082797922e+00
3.474876870947762342e+01 -1.290992255401093871e+02
-4.914521639702681632e+00 -7.187356261801825497e+01
-5.425631173781833638e+01 5.612281108494463489e+00
2.899526410527109022e+01 3.220836937217411844e+01
3.738521005531699615e+01 -6.279134304656373899e+01
4.820950454124617579e+01 -3.671997095812834999e+01
2.490497508811374061e+01 -5.374011878987454338e+01
-4.923950687881069399e+01 -1.530722691350614753e+02
5.827978492520916376e+01 3.740113596270280283e+01
5.635983891253097511e+01 1.081172593853294472e+01
3.818468196601472187e+01 2.240798502261727165e+01
-5.011790367730129248e+01 -1.572349259046197645e+01
8.087648488129245195e+00 1.502479514550117123e+01
-2.745801058997761501e+01 -2.338877517249911620e+01
-6.540392692752781123e+00 -1.167780088929979776e+01
-6.368514811328424940e+01 -2.731852235165166576e+01
-3.781768478035063197e+01 -3.916278965853854288e+01
3.592296630871948793e+01 -5.292005359270775244e+01
2.904544486695870731e+01 -3.162443702601761686e+01
-8.187173435062904048e+01 3.481646166615729499e+01
7.306527516764407437e+01 5.835726438289012208e+01
6.190773137156919859e+01 -6.267909003614194319e+01
-5.530626349310881551e+01 -4.115263968676889306e+01
-8.925647517292456712e+01 -1.986910054087707778e+01
-3.378053554302462658e+01 2.729909634435170673e+01
5.523908146407169539e+01 4.600862236382093329e+01
-1.186364236607044020e+01 -7.550648449553997921e+01
1.522898470879153265e+01 -7.647177136376829765e+01
-7.798949802800828479e+01 -2.346874118802979936e+01
1.486715871100459196e+01 3.847250927115550212e+01
3.938039566300950867e+01 -5.633501668660748152e+01
5.136948088723825379e+01 5.393763783847392546e+01
-3.610092259031888773e+01 -4.428943425252340660e+01
2.379307049236477312e+01 4.650581183192961987e+00
-1.025693690754575584e+02 9.219318647661969734e+00
6.959614271152351250e+01 4.766403071084316423e+01
-2.675534492724775149e+01 -4.170029422369324124e+01
-3.180799590144908962e+01 -2.475371529617766131e-01
7.330313285156434233e+01 3.698146630119441447e+00
-3.249059646239588517e+01 1.878716116553707405e+00
-9.620310449161745936e+00 7.327450101780594593e+01
1.839976316821701019e+01 -6.316699160196312590e+01
-1.392448132249634440e+01 -6.131889022600481809e+01
8.055263041286036696e+01 4.668732571389131181e+01
3.974320602263575353e+01 -1.014963045318967794e+01
7.856806847472873301e+01 -4.739935817920160943e+00
-1.899775419379785113e+00 -4.085638149461338742e+01
7.600326825141650922e+00 2.361616948094427926e+01
-2.743200373714953955e+01 -5.096008857730231512e+01
-4.153083091320829112e+01 -3.142059129295714826e+01
