7.076944573666628457e+01 -4.525811635559627888e+01
1.809671059193666309e+01 -1.135763665460599725e+01
-1.254722424884076304e+01 -1.810389463220553274e+00
9.156067031997559980e+01 -7.330524996497539192e+00
-1.505479999868243226e+02 3.185022638085908397e+01
1.581327380285717865e+01 -7.423121117988569040e+01
1.362140923637516039e+02 3.060086887148419166e+01
-4.287026319496347071e+01 2.526340447885446139e+01
-4.738168181646165067e+01 9.532013067587078581e+01
-8.358664801316557202e+00 1.137272790847009389e+02
-1.144416797632046183e+02 -9.391169255425144513e+01
1.265662585107374554e+02 -1.395050308025079566e+01
9.130827552246054779e+01 3.880871158187246550e+01
-1.398267821831512379e+02 1.348852685328291443e+02
-8.455334848436844197e+01 3.188493956728357048e+01
-3.850565474068792327e+01 -2.394644473151758746e+01
3.752162762007017704e+01 -3.929252677771576430e+01
-6.935480953444448460e+01 -3.476764436323118268e+00
6.384240047161846832e+01 8.132178117269869944e+00
-2.829471118976043797e+01 -6.595292445794441960e+01
-1.032064558297286112e+02 -3.799947740857560774e+01
-1.480213515965795779e+01 6.162996329421586239e+01
-1.236639249356805124e+02 -3.387392036592466127e+00
-7.111982906861553211e+00 3.035898144936991727e+01
8.928978201722253516e+01 8.596813504159381125e+01
-1.746262535719382569e+01 -1.036755177200079459e+02
-1.015160914545058972e+02 6.973245640248522648e+01
1.904351363177700875e+02 6.295970796467614718e+02
-5.548042492338377940e+01 6.132039448245423330e+01
1.056124438711696456e+02 -1.361814404742931970e+02
-1.648696065205804189e+02 -6.779987667023999620e+02
2.876219253628788408e+01 5.368498656166832461e+01
-6.711446570794623767e+01 -4.365379326161959028e+01
1.353553973897236631e+02 -6.857096839322764481e+01
5.426316536910649546e+01 -9.507108249016953039e+01
-6.275449872919058691e+01 -8.111827951523723357e+01
9.180277155081748219e+01 -8.053308449034292948e+01
-8.837210429930115652e+01 1.316105113353032436e+02
3.164310308749262290e+01 -1.344774966854657237e+02
2.937680078439311160e+01 1.842671857142376268e+01
-3.136826432414272947e+00 -4.022699814694792053e+01
6.269200303642973182e+01 5.845052539685966053e+01
1.433268967919208059e+01 8.451807697464717251e+01
4.824640421537650781e+01 1.007619698137864788e+02
