1.780087843291024541e+01 -1.890569635828624939e+01
3.926677154141453130e+00 4.363391897207423042e+00
-6.411526109567318166e+00 1.844347420871753229e+01
8.611719014744331213e-01 2.414343183187058273e+01
2.559976209275911518e+00 2.036388788483313306e+01
1.001306009072343883e+01 3.567306435800878717e+01
1.681675101918545678e+01 2.660837706281943493e+00
3.864103414675343018e+00 7.695284335762559991e+00
5.913217422093079101e+00 -1.888756679807523398e+01
-8.298028837585627926e+00 1.549444349782507757e+01
4.224174645564406916e-01 4.815999717504646505e+00
-3.936007894553431363e+00 1.545425989924683918e+01
2.902153061080421370e+00 5.610407115791112176e+00
1.170272817871367366e+01 -1.974121104117475767e+01
8.424948116348112137e+00 1.821257160692094601e+01
-1.086691040149173837e+01 2.112701571419463420e+01
-9.212101726863302531e+00 1.565109103140908076e+01
5.186682211035081203e+00 -1.510267172936327640e+01
2.001017082022252147e+00 -2.156723838189118680e+01
1.304047231332293499e+01 2.602839545578271085e+01
-1.252072989694742766e+01 8.658616776673810023e+00
8.116220533459834741e+00 2.651419043201574510e+01
-6.501902652969860696e+00 -1.307963583967157284e+01
-3.683218714336166322e+00 1.445919601438764523e+01
8.653846013176046625e+00 1.943156661778716554e+01
7.492733404945889575e+00 1.759742090569467265e+01
3.515297368614642703e+00 3.889741229390859978e+00
3.118872937354817410e+00 1.304001459072652480e+01
2.230947944998349364e+00 4.254645097370908680e+00
-1.401918862377795172e+00 6.881966886711285980e+00
2.886696201394409744e+00 6.519776758015649598e+00
4.718974506130819258e+00 1.307040275231309501e+01
-1.747151570119452657e+00 2.103909815613070577e+01
-9.475625795467415458e+00 1.720141286023250160e+01
-4.231403185888977347e+00 -1.258071719377490538e+01
2.175455066328793929e+00 8.192476635282526232e+00
-3.597385583655639429e+00 1.923137707584782419e+01
1.897454463161446370e+01 3.458502022584413194e+00
-4.846297155643522814e+00 8.602516597766241446e+00
4.129052264622249391e-01 1.018362224684982209e+01
1.117754995901576365e+01 -2.015961754217666524e+01
-9.730168851529267471e+00 -1.172199125098658357e+01
7.486310914411180129e+00 1.506735325139386639e+01
5.845031074532052173e-01 -1.026145134661814495e+01
2.955188758916221792e-01 4.725707459498874385e+00
-5.095104214542676146e+00 1.440907542859050139e+01
-3.311156211143973849e+00 6.780290240019289705e+00
2.837035856911719112e+00 1.116752780750993779e+01
-3.863996679664310818e+00 1.784160941916818643e+01
-2.538061605439773327e+00 2.473846220944534480e+01
2.625340380683271846e+01 -2.407083974536951132e+01
-3.541343489631377128e+00 1.885000762647953820e+01
-4.869929805170433390e+00 -9.304406838222018195e+00
1.774604501635453246e+01 2.641973766783751287e+00
-9.183444956784573066e+00 2.059642802846510179e+01
2.316397101173443218e+00 5.074787131650213112e+00
7.672302184247831391e+00 2.495934155370042618e+01
1.444813962125595630e+01 1.631771910979697537e+01
-1.114568108310646899e+00 6.017804671835869534e+00
4.902509066672016580e+00 -1.227681158613244428e+01
1.151793978569329902e+01 -2.082447135956963180e+01
-2.183136491924128286e+00 9.593119304470084430e+00
-8.248086457947835015e+00 1.020377759983984589e+01
4.129283612822948868e+00 2.966768476202103244e+01
1.918787070518396476e+01 -2.457225886483461252e+01
-1.058680995912566203e-01 1.550569476167368776e+01
-6.779438754443975590e+00 1.634982293701389011e+01
1.610275107862526767e+01 -2.178514412150229163e+01
-8.116783367748755751e+00 1.655466042605853971e+01
2.634381041825176339e+01 -2.263496601776207129e+01
1.694176424317340057e+00 6.419547664606948700e+00
-1.044300407401727604e+01 8.593475651492786582e+00
1.647024920515590196e+01 2.407294636364715501e+01
-2.371609728198313505e+00 -9.993994346951840413e+00
-7.839741209837002067e+00 -1.253997353920042102e+01
1.241573850967662374e+01 2.717836074152193859e+01
-4.904527955430162400e+00 1.321250739546542263e+01
-7.658908314773840154e-01 4.885178426624019465e+00
2.447013292613811508e+00 -2.167706297320149744e+01
1.847303572371894020e+01 -1.751938274360371040e+01
2.821156855481566694e+00 8.983292322817368003e+00
1.746359516823754232e+00 2.924910646249421120e+01
-1.700768094879522296e+00 2.541886316991168115e+01
-9.675349185474010127e+00 2.117199402031916122e+01
1.399902613815000585e+01 -1.510021456138050766e+01
1.628440358421718415e+01 -2.337891938560597538e+01
-1.264726855716031828e+00 8.122435821444579318e+00
6.705811777307372212e-01 -2.079062035152747967e+01
-5.506778248882778115e+00 1.078076663365471255e+01
-3.030398320763309172e+00 -1.308523739784082451e+01
-9.119020788427664170e-01 2.620686244912404916e+01
2.603983108750382058e+01 -2.465783027322579457e+01
-1.148382227590336413e+01 -1.429125161234735231e+01
4.601081790556953877e+00 2.897260581589399564e+01
5.394999838195888131e+00 -1.605436239886703831e+01
2.010915682352379719e+01 -2.343086439860032044e+01
2.014212640534760013e+01 -1.891187950074144908e+01
1.345103838602871349e+01 -1.886251028994717771e+01
1.229577466047043011e+01 -1.519953135725833171e+01
-1.050985281730986287e+01 7.471142958073072826e+00
1.101565187439669913e+00 -2.143507254162567577e+01
1.368372819891276926e+01 1.687819068416891710e+01
-9.503903843328100010e+00 -1.070688203511418202e+01
1.537051631482843206e+01 1.971094297534402884e+01
1.391184454540236182e+01 1.841469001629243252e+01
6.660422606389500899e+00 -1.648267281093274406e+01
2.020142832932044996e+01 -2.289728215471008355e+01
1.530262711152765220e+01 1.670542357274154099e+01
-1.298377133856824273e+01 -8.464229703377235126e+00
1.061430953955292722e+01 1.464359920570466578e+01
-9.126003287513436035e+00 1.677757566377818677e+01
7.176160205201041364e+00 1.297663954360581862e+01
1.880737691166715209e+01 -1.854691608462273678e+01
2.224183849705097804e-01 1.824942839359988511e+01
1.176684977451177261e+01 2.629935188711179705e+01
1.216593452351688143e+01 2.686432186003531797e+01
-1.030124715766747556e+01 -1.011016586218469193e+01
1.001858448342900410e+01 -1.602277522208519400e+01
1.102014071809425388e+01 -1.920345470936220522e+01
2.487934753840920221e-01 1.351646106607481990e+01
1.435242899722315002e+01 -2.202014654208087308e+01
3.989622557929626279e-01 2.286717850657072049e+01
-1.143423131692598105e+01 2.109068938032351781e+01
5.027866760174520167e+00 2.597856345278139756e+01
9.257427745575849798e+00 2.490074409774077679e+01
1.116764691581406121e-01 -1.150729497435675164e+01
5.235331707697409520e+00 1.053341622369362973e+01
1.225187651055251692e+01 1.774198402882168679e+01
1.749872994518799274e+01 -2.001976918941688055e+01
-1.413299665710484199e+01 8.874271943851326228e+00
-1.281935362588525784e+01 -1.088394620248045541e+01
9.490516561173848231e+00 2.561285646425767482e+01
1.043954157573817021e+01 -1.352489070443976615e+01
2.406268703257442354e+01 -2.357301251485974092e+01
6.455713465998295097e-01 2.685082347708407013e+01
-6.079023981031095758e+00 -1.240244022062286966e+01
-1.358976046330151455e+01 2.090262405765216513e+01
2.770544440129208752e+00 -1.847118158918833331e+01
9.621462044612954401e+00 3.055978954087917998e+01
-2.265019831959679486e+00 1.952187691502540190e+01
-1.302595704955379219e+01 2.200559723290251313e+01
1.468913169422654263e+00 -1.795210360217115664e+01
-4.616544119729562468e+00 1.598612822070203876e+01
2.315600708950816600e+00 5.240009029543921670e+00
-1.052310200869268542e+01 1.146808430723040040e+01
-1.185669487850817383e+00 2.704491716408977808e+01
1.395927139205349654e+01 -1.300338650191419809e+01
1.673825922781743358e+01 -2.263754611486411861e+01
6.023804926735498277e+00 2.394676457042065465e+01
6.666258773194592813e+00 1.336513353009136829e+01
8.067482172447469679e+00 2.344170778300285818e+01
2.145798786100626998e+01 -2.191372969051025876e+01
1.192760333517557214e+01 -2.127738527030022908e+01
6.319838455980317349e+00 -1.673098109332015326e+01
1.689247170163877243e+01 3.366329902924849016e+00
2.493381746639193608e+01 -2.333325202547182187e+01
-1.239535628014663970e+01 1.353831223828976782e+01
-8.354651989278032431e+00 2.243946942870885053e+01
-1.198426502676663752e+01 1.328219584394649999e+01
1.779164855854148541e+01 2.158553196779099892e+01
-1.386554704036381924e+00 6.599815691487269653e+00
-1.149355181931157155e+01 1.958352889960089271e+01
-3.445546859895585623e+00 -1.612224877276042534e+01
1.338131719294118405e+01 1.645831223321646775e+01
1.310415685597645208e+01 -1.986177690508783655e+01
7.989539209042335166e+00 3.054756931177669799e+01
-1.321251452500301227e+01 8.905580067799146349e+00
6.659271111185446124e+00 2.779105415974593285e+01
-1.785710224781108080e+00 1.748829022764792640e+01
-6.217856135370060322e+00 2.097952727560106823e+01
1.865558979485721025e+01 4.066152796909442202e+00
-3.686210205188249933e+00 1.240941009848094900e+01
4.553020986536641779e+00 5.705925496764717941e+00
8.635121910520937583e-01 -2.041066001324847079e+01
1.034422017087945633e+01 1.405331351131517792e+01
1.590697887090714602e+01 2.067934481618138420e+01
1.552662170107191209e+01 2.529432250983398234e+01
-6.027435615986415307e+00 2.052731865401632660e+01
1.648705243975258838e+01 1.964475086958906758e+01
-1.369241774903915632e+00 1.943230997880563748e+01
7.537150905997639150e+00 1.963496958314555840e+01
2.046174776332291945e+00 1.250821578752586838e+01
4.428342346952576225e-01 -1.179762541694788247e+01
1.373948624497881177e+01 2.314591109353458620e+01
1.253818048290246701e+01 -2.388294819245827938e+01
1.693446567640597422e-01 -2.013883087215163670e+01
3.911696562393902177e+00 2.599935806743831179e+01
9.904440719570453133e-01 2.865518911561628812e+01
-8.264927075143097213e+00 1.420629396328671845e+01
1.490959980927991202e+00 1.026526805195856262e+01
1.356137806649827837e+01 -1.089690011929492997e+01
-1.251142712757741648e+01 7.800811626046127323e+00
1.395020440433201259e+01 -1.999301374056518554e+01
2.797745552154395909e+00 2.845218374667182104e+01
9.231215964488187709e+00 -1.247338770481698589e+01
1.955301016734629371e+01 -2.475141362981385740e+01
-6.437633830455895267e-02 2.475109962769784744e+01
6.117218475180019155e+00 -1.194023185477569093e+01
1.356528549639233283e+01 -2.009459241708858457e+01
7.617586144739524556e+00 1.546626412404273232e+01
9.044904040811349688e+00 1.330422210393701654e+01
2.218441975707054681e+01 -2.200080040381357094e+01
-1.095719504033177527e+00 2.792118653535173323e+01
1.183944721938732236e+01 2.638106283750222048e+01
3.463040746308054363e+00 2.909207357720685039e+01
9.399660183405835312e+00 -1.320791391083444921e+01
1.015167937493404970e+01 2.824040602529756683e+01
1.273549673156924378e+01 2.539723196421723728e+01
2.308560851528662639e+00 -1.130049706337204007e+01
1.059515626230618679e+01 3.003213015583365220e+01
-9.437657178758602328e+00 1.245859848039665962e+01
1.672252614383161529e+01 2.583130933452687472e+01
1.767557063874490408e+00 -9.703315158643079030e+00
1.142934638829829153e+00 1.353921576794830450e+01
-7.905508778036228534e+00 1.135122324910944513e+01
2.730532318297050232e+00 2.569264311015020397e+01
9.833876672740300418e-01 -9.675725835670512254e+00
-1.294324033411408870e+01 -9.259279162158644993e+00
1.128873474887695849e+01 2.724771238392809636e+01
3.876572189466712892e+00 2.674143144010593076e+01
-8.021526938998239098e-01 2.457044158770694864e+01
8.965146807276717311e+00 1.279626141429066877e+01
-1.450574360609105051e+00 7.735239888773939754e+00
8.182562852621948934e+00 -1.833463883386239957e+01
4.391393754053888543e+00 2.011988170762738548e+01
8.283357412427749367e+00 2.674630909596920247e+01
1.867319172573123520e+00 1.557250838829794226e+01
-5.337490934554592670e+00 -8.992261716527243820e+00
6.584578925321405762e+00 1.131176689699424820e+01
-8.939061711006546673e+00 -1.278917498016095067e+01
2.819563734359167739e+00 -1.575063069039643793e+01
-1.300094072617482510e+01 1.974500165209030556e+01
2.042257848514335095e+01 -2.002806861788418047e+01
-1.389600662017643451e+01 1.886732414439936178e+01
7.920782016562652572e+00 1.989277582921078391e+01
-7.260305850338308886e+00 1.102515944142686521e+01
1.067427728233783846e+01 -1.456352925872329607e+01
-4.771324937323158544e+00 -8.371609714826115933e+00
1.069013587940909993e+01 2.837787581514204049e+01
-1.456842071192560795e+01 8.575359099784675365e+00
8.978631094864342188e+00 -1.451639465660473860e+01
-8.201048141012932113e-01 1.858362258344005369e+01
7.722060772864526079e+00 2.395892921488527705e+01
1.137624585188529203e+01 1.649427590311247371e+01
2.620406563528397292e+00 5.232554267443673801e+00
-1.052170623191901688e+00 1.093745089981744378e+01
1.477967236675208262e+01 1.878318728712637053e+01
1.778468405341141079e+01 -2.132137439148670666e+01
-1.705386475690159997e+00 -8.788655694582811151e+00
1.540944796822983776e+01 1.722186788083094555e+01
2.429393327818473836e+01 -2.458938298875470707e+01
-4.080778187328967910e+00 1.562117710915244650e+01
-4.837209184254386507e+00 6.156988094608474960e+00
-2.666740924207102736e-01 -1.093065780933844877e+01
8.596537741233241547e+00 2.462892651148056800e+01
3.492298094000872766e+00 2.951905670308022778e+01
-9.040749937786522139e+00 -1.526838658608367716e+01
9.348560361050259004e+00 3.048002211078133428e+01
8.571023167785945418e+00 3.433234211158801941e+01
-9.890328746673851867e+00 1.043281909488893966e+01
1.442550341738728470e+01 -1.199725086928369322e+01
-1.071136238241878047e+01 -1.220230430305387870e+01
-4.044199175565578841e+00 1.220756224605567652e+01
-3.151724408467154070e+00 -1.609405744378677028e+01
1.715288650170225893e+01 2.253441516147178802e+01
-2.986823236735835607e+00 2.323576784840625464e+01
2.145791144982095666e+00 7.337307551366388125e+00
8.779858381414133106e+00 1.914785036518894401e+01
-2.911711853132528560e+00 2.273641095159432268e+01
1.074524066246060094e+01 1.948883290919920697e+01
1.823906564251118212e+01 2.574437553816744995e+00
2.460519934871473691e+00 1.453545262231053492e+01
1.433411254719397832e+01 2.075692354150312724e+01
-7.752418975194256490e+00 -1.247152311578058104e+01
-2.440524922793929630e+00 -1.180697470588211750e+01
1.045449268788182895e+00 -7.686310325885628458e+00
2.478033949558393623e+00 1.941757850374899164e+01
2.529948477130549378e+01 -2.337654416319231032e+01
6.760334470112953298e+00 2.874379843457402117e+01
3.003489665094471128e+00 1.359081514048808614e+01
1.062396184128322396e+01 1.536533477401847492e+01
1.770098741350027893e+01 -2.013852794791949208e+01
2.138546910576895499e+01 -2.561194007759839053e+01
-7.907987661884760655e+00 -1.039790733113925469e+01
2.142606437861048363e+01 -1.909470831803952606e+01
-2.197080391197370197e-03 2.838514699935111452e+01
-8.249289503603939977e+00 -1.104235532422822530e+01
5.178751214479575538e+00 1.455536052454753992e+01
1.193125680553557694e-01 1.168694627736661218e+01
-1.230333417486657765e+01 2.119611337814597718e+01
1.120666709958725882e+01 1.767503418076367439e+01
1.724761559067672323e+01 2.247064798499369331e+01
1.559209833447035365e+01 2.550365393225272825e+01
-5.233886078973072564e+00 1.962676659502427512e+01
2.492329186211295067e+01 -2.260371805815267621e+01
1.524307977189789831e+01 2.219567920864568222e+01
2.224508692715627944e+01 -2.375904734834514898e+01
1.349923863767382137e+01 3.242776453812427739e+00
-1.577224926936979799e+00 -1.230552469277882643e+01
-1.287876230226220642e+01 -9.481506289086949479e+00
1.407343702379441908e+01 -2.151517513298922424e+01
1.653380375537827618e+01 2.396022228937421872e+01
4.342791354979828711e+00 -1.102288461047900725e+01
-6.387447654007892162e+00 2.038011181319880194e+01
-1.348586347614931036e+01 2.014543448952841587e+01
2.187275078796546524e+01 -2.079773508206961452e+01
-4.816999694249143538e+00 1.484562267065843066e+01
-1.530637777169120639e+00 1.729683275319632330e+01
5.843292092856023245e+00 -2.129838381076670828e+01
2.632025836934455576e+00 2.065538064496213622e+01
1.908976439309162387e+01 4.601105955951220849e+00
6.142128889601216279e+00 1.202224368751762107e+01
-5.475877297305120628e-02 9.497324894239106641e+00
1.827386593062881204e+01 3.480443138043875617e+00
-4.980408163040852543e+00 1.319831730208472287e+01
1.573720394359712671e+01 3.569677693369665672e+00
-1.337111874247936427e+01 -1.255134012143308908e+01
1.017048939593374612e+01 -1.450015164035002435e+01
-3.386218682146623138e+00 1.990007414405261699e+01
4.634979636070362119e+00 2.989419167298119007e+01
2.020761920910411646e+01 -1.845082889423711947e+01
5.687065064018771210e+00 1.335096710065210779e+01
-4.911728058117665441e+00 1.791336590895979342e+01
1.796470051961221781e+00 -1.877973852969682866e+01
3.900815317420991413e-02 -1.013288074307896025e+01
-1.690736907773364495e+00 2.018970596097449288e+01
2.323285552584716740e+01 -2.232902978082847412e+01
-3.896380943740821667e+00 2.239964755058105084e+01
8.421600329969431087e+00 1.293342715925308717e+01
6.859898291712974938e+00 2.319001939720774530e+01
1.276312244285713859e+01 -1.780646854594149531e+01
1.939070690833105814e+01 2.121010678644514869e+00
-4.697199740426183823e+00 1.469663187437144458e+01
-3.762686653531360559e+00 2.242358787656061736e+01
9.797757559469520316e+00 1.431426743732231976e+01
-1.292801788622064763e+01 2.059314898945368455e+01
-3.840730939141094868e-01 1.762977748983153603e+01
1.831646981474180791e+01 -2.123663449064076048e+01
1.701054248075422493e+01 -1.819376019160137758e+01
-8.060213460149169507e+00 -9.040088436449964959e+00
1.422044812400608116e+01 -1.469470566228638653e+01
-5.656706143823335253e+00 -1.205500769614451606e+01
1.481143068737423718e+01 -2.433202623682920063e+01
8.627519481597277107e+00 -1.854606903778239513e+01
1.770852556517505061e+00 2.331875926585009751e+01
-9.549851852146103326e+00 1.164696804549261167e+01
8.892585269491101840e+00 -1.377210271074302206e+01
7.408407212732873504e+00 -1.400651815643758979e+01
6.253224575455390344e+00 -2.090479926707233105e+01
1.879618389045289462e+01 3.814377452234638977e+00
5.914589189274592762e-01 -1.858385901087227410e+01
-5.809652839939275282e+00 1.535639321780560351e+01
2.872369890114098379e+00 3.004615280613340644e+01
1.473765134810337107e+00 3.092213234613510053e+01
2.556647787585185227e+01 -2.484412228767212127e+01
1.748706643405691707e+01 2.075636471538619077e+01
2.174066229292904495e+01 -2.226488452241827076e+01
1.015058572639232182e+01 -2.271558506148978651e+01
5.311501685140842532e+00 -1.263715405270625425e+01
2.475670680101180210e+01 -2.143433991271047390e+01
7.551968321008790674e+00 -1.631457478100300307e+01
-2.542971726433413515e+00 1.165688731108265053e+01
1.582790208872070536e+01 1.997875110338470250e+01
-2.432629711057187283e+00 9.885108397530609992e+00
8.159009846141159983e+00 2.845624648274948498e+01
-7.824448715942257770e+00 -1.315333252026053046e+01
-1.821180783910083978e+00 1.355202813624469549e+01
-3.138134843206720426e+00 -1.416118202122701319e+01
2.733916531392882376e+00 -2.048816032048767610e+01
-4.763388964820602034e+00 -1.389494966857811775e+01
6.213168990751841703e-01 -1.929173746055057848e+01
1.068878588116001893e+01 -1.642361500171145750e+01
-1.207054783910764506e+01 9.136396189866081485e+00
1.573595385622629372e+01 2.401086917105559593e+01
1.833339614219648794e+01 3.320662042541121295e+00
2.497750043342070470e+01 -2.322085165598036127e+01
5.188972188264578955e-01 1.701661975517667713e+01
3.197667434353784088e+00 6.019778855038275367e+00
-1.036606462210347068e+01 5.357115998542886892e+00
-2.743689429457839335e+00 2.119071502507996740e+01
1.173253940366366166e+01 -2.378817669605379592e+01
-6.543966374389135865e+00 8.989849793977967352e+00
1.286047847274216416e+01 2.523184952272515957e+01
-4.494420590060482112e+00 -1.097471008884063259e+01
-1.646813932156599991e+00 1.122474086216392841e+01
-1.091470937217864190e+01 1.973658238971887968e+01
-1.247790952149219201e+01 5.763843930636898705e+00
-3.769223533733749854e+00 -1.162321796495134940e+01
-5.199004951615626702e+00 1.467371875144509730e+01
8.550658544831991392e+00 -1.767039158322234371e+01
-5.581737195971673948e+00 -1.287781955671886536e+01
5.737937665353160632e+00 -1.459548706775360571e+01
-5.237931652531883309e+00 -9.540280242610172934e+00
2.311736845176663024e+01 -2.461583672445712878e+01
-6.225737001197929388e+00 1.806274357754025317e+01
3.501486639366459652e+00 1.448179929437901770e+01
6.846804535392604585e+00 2.422990179018214718e+01
-8.016517993962194666e+00 9.694388081748982700e+00
1.377608578683876261e-01 2.586841577570041650e+01
-5.410891217569981038e+00 -9.158493259288286836e+00
1.674686460101378227e+00 -1.351651793958233583e+01
7.937214711315366600e+00 -1.679546291071228481e+01
1.726638025483568484e+01 1.879417243823447592e+01
-1.071334321156528979e+01 -1.112099620900619001e+01
1.519108341060363720e+01 2.391972626497574339e+01
-3.991113435283910604e+00 -8.851131370903667417e+00
2.913180645653066225e+00 -1.917342800901093014e+01
-1.071279147546706234e+01 7.941655617894642916e+00
1.994440877529942480e+00 2.509214825682339978e+01
8.804540036079053777e+00 1.581690320495634161e+01
4.823179417353559373e+00 -1.617940092290482568e+01
9.678919760643566406e+00 -1.823278107990245900e+01
-3.096469027110320127e-01 -9.937000945357988613e+00
5.759969090050621077e+00 -1.283621562521757120e+01
-1.423957475889802815e+01 -1.255647461498050710e+01
1.655376429446346265e+01 -2.297716787999886634e+01
1.346462807720066479e+01 -1.679383647635618360e+01
1.735469225028546703e+01 2.227456753398029576e+01
1.978418739487065592e+00 2.644077007756656528e+01
1.652420842376452725e+01 2.429871611232442064e+01
1.169785180038933703e+01 2.518065450420604279e+01
-2.638030129690604131e+00 1.349904300180281069e+01
9.236641373041390324e+00 1.634228769057471453e+01
-3.870272059329865399e+00 2.311110975705919302e+01
8.067954611523134645e+00 2.537006036093715622e+01
1.423556614573662316e+01 -2.313161201225004859e+01
7.749841502891663403e+00 -2.117704823593163610e+01
2.652955709388455219e+01 -2.410569819511546541e+01
7.371757174609033569e+00 1.662630823331206287e+01
-3.020268830832050888e+00 -8.713834888730435324e+00
1.598390706845005482e+01 2.895816622863957690e+00
-3.631229674278053210e+00 8.136862100846347090e+00
1.622778655771877609e+01 2.104526782159137355e+01
1.332032795762227906e+01 1.844467195091099754e+01
1.445231860361724907e+00 -1.952450379900876953e+01
7.201288596676163500e+00 1.206074209478349779e+01
-1.202809083942141477e+01 7.644052493589621022e+00
1.093593458536081720e+01 -1.579154906512315293e+01
1.029095177721110943e+01 2.952334910577692639e+01
1.051928172902668734e+01 1.686246457308262592e+01
6.233832462764704374e+00 -1.599400661758968312e+01
-4.022541280350589332e+00 2.408538174540807830e+01
-1.908759650685984077e+00 1.562496369709131550e+01
1.235323039923284227e+01 -2.191832733827433088e+01
-1.143553986445271953e+01 1.223086403379182130e+01
1.907632959128439865e+01 -2.031686555150506024e+01
-3.884141438024124149e+00 -1.355190133934475227e+01
8.419061460650015816e-01 1.616667413400581665e+01
-1.067864581755631725e+01 -9.680019390268997270e+00
3.812997525963009338e+00 2.663089979346354852e+01
7.157802828071635481e+00 -2.018224000843364863e+01
-1.003904613701316961e+01 9.462117636379876018e+00
8.855359543409331291e-01 6.109491596205717023e+00
2.016649548835252403e+01 -2.226074702618070944e+01
-5.608820622615584561e-01 -1.976340467277525192e+01
-1.221066941769811542e+01 1.272987657771208703e+01
3.492202019917492350e+00 1.041044636842114457e+01
3.226174973007667646e+00 -1.372640850513740141e+01
-1.073492178446711520e+01 1.024537121951301444e+01
-6.565502005958201437e+00 -1.354112664413712963e+01
-9.317178853759669366e+00 -1.090598264661585581e+01
1.997514802150448432e+01 -1.862303068155052443e+01
-7.347156357607164345e+00 -9.473444699529682822e+00
1.917713359500937997e+01 -2.090896745666668011e+01
-1.329551253205012884e+01 -1.260964454789399802e+01
1.650634924520081626e+01 1.978819388712611271e+01
6.809749484563538680e+00 3.187815205994183998e+01
1.647305283889001615e+01 4.796649781525110789e+00
2.111136308716961452e+01 -2.325094636057687225e+01
4.450291124721898584e+00 -1.233026787293095694e+01
1.158724098987393170e+01 -2.298371493816486932e+01
4.589603285424045609e+00 -1.292146706588149385e+01
1.760341250818579795e+01 -2.342003836290967911e+01
