-7.810706548798188464e+01 -4.691093135850257312e+01
7.008289951967776155e+00 5.493197213082385844e+01
-8.374118711949926075e-01 9.804555104432968449e+01
6.812993595267334968e+01 -1.724779640920168333e+01
4.022731254109994126e+01 1.013165925935508227e+01
6.039347878957762816e+00 1.099190716161010961e+01
8.314004336264954986e+01 7.654869933194505904e+01
-1.133935314817723565e+02 -2.281047642612395165e+01
-5.110906200154965440e+00 -2.857161737679136593e+01
4.035010552220066415e+01 9.134255240402711706e+01
-6.813937273998051580e+01 -3.858384081984221226e+00
-3.123458543406733412e+01 2.924433113057470557e+00
1.180506735479333997e+02 3.789045347093169624e+01
-3.344370432017240802e+01 -8.374503946729497272e+01
1.139529428543763458e+02 -1.212093447228500942e+01
-1.025098581187869513e+02 2.727295866925529921e+01
2.411868333224108198e+02 1.089796024124119185e+03
-6.199013094581794547e+01 3.815040305676027543e+01
-8.557709371884729421e+01 8.254297925484371490e+01
7.668468385166966073e+01 2.398159608231535600e+01
6.534683837027576381e+00 -6.904397536143888203e+01
-7.525374153478254868e+01 -9.444442848693267933e+01
6.098864051832997291e+00 -1.129785655190850093e+02
4.447476183653203918e+01 4.853758556781342293e+01
7.230311408181617594e+01 -1.000430269872394859e+02
-2.510449473188376146e+01 4.072225295162824210e+01
-3.819619994017873665e+01 -4.059567560410253151e+01
4.532340855059442930e+01 -6.491211631726399389e+01
-2.135189747919829415e+02 -6.823873411788911199e+02
9.132934685530241836e+01 -5.358690385954935209e+01
-3.985528483800582222e+01 8.244904797145630937e+01
3.164137638679337172e+01 -2.867209706552537440e+01
